  663 base-pairs
...     1 A-T ...
    0.0000    0.0000    0.0000
    1.0000    0.0000    0.0000
    0.0000    1.0000    0.0000
    0.0000    0.0000    1.0000
...     2 C-G ...
    0.3695   -0.4371    3.3912
    0.8523    0.5227   -0.0183
   -0.5228    0.8524   -0.0064
    0.0123    0.0151    0.9998
...     3 A-T ...
    0.2842   -0.2554    6.7738
    0.3934    0.9118   -0.1177
   -0.9159    0.3998    0.0356
    0.0795    0.0938    0.9924
...     4 G-C ...
    0.8017    0.2438   10.0896
   -0.1739    0.9749   -0.1387
   -0.9829   -0.1633    0.0850
    0.0602    0.1511    0.9867
...     5 G-C ...
    1.3678    1.0192   13.2611
   -0.6862    0.7148   -0.1350
   -0.7271   -0.6678    0.1593
    0.0237    0.2075    0.9779
...     6 A-T ...
    1.5771    1.6279   16.5598
   -0.9775    0.1905   -0.0907
   -0.2054   -0.9574    0.2029
   -0.0482    0.2169    0.9750
...     7 T-A ...
    1.4183    2.9115   19.7431
   -0.9433   -0.3281    0.0504
    0.3311   -0.9190    0.2141
   -0.0240    0.2187    0.9755
...     8 G-C ...
    1.1765    3.3114   23.0993
   -0.5760   -0.8147    0.0674
    0.8104   -0.5583    0.1779
   -0.1073    0.1571    0.9817
...     9 T-A ...
    0.3509    4.1916   26.3197
   -0.0660   -0.9882    0.1384
    0.9902   -0.0477    0.1312
   -0.1230    0.1457    0.9816
...    10 A-T ...
    0.0067    4.5397   29.6238
    0.5413   -0.8345    0.1031
    0.8348    0.5480    0.0522
   -0.1001    0.0578    0.9933
...    11 A-T ...
   -0.4421    4.6246   32.8689
    0.9262   -0.3657    0.0921
    0.3706    0.9278   -0.0434
   -0.0696    0.0743    0.9948
...    12 C-G ...
   -0.4978    4.3360   36.2955
    0.9844    0.1719    0.0376
   -0.1679    0.9816   -0.0915
   -0.0526    0.0838    0.9951
...    13 C-G ...
   -0.3406    4.2392   39.6039
    0.7335    0.6749   -0.0809
   -0.6796    0.7301   -0.0714
    0.0109    0.1073    0.9942
...    14 T-A ...
   -0.0480    4.4194   42.9794
    0.2425    0.9582   -0.1517
   -0.9682    0.2489    0.0243
    0.0611    0.1410    0.9881
...    15 G-C ...
   -0.0404    5.2164   46.2728
   -0.3628    0.9086   -0.2070
   -0.9302   -0.3399    0.1384
    0.0554    0.2428    0.9685
...    16 C-G ...
    0.1892    6.0937   49.5297
   -0.8253    0.5552   -0.1035
   -0.5627   -0.7927    0.2344
    0.0481    0.2517    0.9666
...    17 A-T ...
    0.2847    6.7825   52.8461
   -0.9986   -0.0267   -0.0459
    0.0127   -0.9597    0.2807
   -0.0515    0.2797    0.9587
...    18 G-C ...
   -0.1595    7.8705   56.0290
   -0.8256   -0.5613    0.0568
    0.5560   -0.7922    0.2515
   -0.0962    0.2392    0.9662
...    19 A-T ...
   -0.3738    8.7863   59.2557
   -0.3529   -0.9279    0.1198
    0.9283   -0.3312    0.1692
   -0.1173    0.1709    0.9783
...    20 T-A ...
   -1.3215    9.4448   62.4920
    0.1764   -0.9610    0.2129
    0.9776    0.1964    0.0762
   -0.1151    0.1947    0.9741
...    21 A-T ...
   -1.6071    9.9785   65.7769
    0.7279   -0.6731    0.1312
    0.6820    0.7305   -0.0362
   -0.0714    0.1159    0.9907
...    22 C-G ...
   -1.8785    9.8034   69.2008
    0.9781   -0.1940    0.0747
    0.2013    0.9738   -0.1059
   -0.0522    0.1186    0.9916
...    23 T-A ...
   -2.0553    9.8915   72.5880
    0.9307    0.3635   -0.0402
   -0.3657    0.9264   -0.0894
    0.0047    0.0979    0.9952
...    24 A-T ...
   -1.9407   10.3379   75.8962
    0.5316    0.8295   -0.1715
   -0.8437    0.5365   -0.0202
    0.0753    0.1554    0.9850
...    25 C-G ...
   -1.1203   10.9369   79.1819
    0.0108    0.9846   -0.1747
   -0.9976    0.0226    0.0661
    0.0690    0.1736    0.9824
...    26 C-G ...
   -0.4681   11.7544   82.3261
   -0.5407    0.8236   -0.1712
   -0.8393   -0.5144    0.1762
    0.0571    0.2390    0.9693
...    27 A-T ...
   -0.4026   12.4389   85.6442
   -0.9261    0.3524   -0.1346
   -0.3765   -0.8856    0.2718
   -0.0234    0.3024    0.9529
...    28 A-T ...
   -0.4387   13.5766   88.7172
   -0.9727   -0.2308    0.0259
    0.2289   -0.9340    0.2742
   -0.0391    0.2726    0.9613
...    29 A-T ...
   -0.6233   14.6122   91.8209
   -0.6606   -0.7339    0.1580
    0.7500   -0.6356    0.1831
   -0.0340    0.2394    0.9703
...    30 A-T ...
   -0.8672   15.4815   94.9712
   -0.1051   -0.9714    0.2130
    0.9944   -0.1005    0.0322
   -0.0099    0.2152    0.9765
...    31 G-C ...
   -1.0844   15.9634   98.3227
    0.4538   -0.8805    0.1371
    0.8908    0.4438   -0.0981
    0.0255    0.1667    0.9857
...    32 T-A ...
   -1.5325   16.2888  101.7170
    0.8522   -0.5205    0.0535
    0.5225    0.8410   -0.1404
    0.0281    0.1476    0.9886
...    33 G-C ...
   -1.0697   16.8755  105.0221
    0.9900    0.0431   -0.1343
   -0.0586    0.9917   -0.1141
    0.1283    0.1208    0.9844
...    34 T-A ...
   -0.6248   16.7010  108.4279
    0.8116    0.5537   -0.1861
   -0.5655    0.8247   -0.0122
    0.1467    0.1152    0.9824
...    35 A-T ...
   -0.0678   17.2233  111.6796
    0.3058    0.9208   -0.2422
   -0.9307    0.3427    0.1278
    0.2006    0.1863    0.9618
...    36 T-A ...
    1.1586   17.7684  114.8426
   -0.2160    0.9692   -0.1184
   -0.9558   -0.1851    0.2285
    0.1995    0.1625    0.9663
...    37 T-A ...
    1.9943   18.4884  117.9285
   -0.7298    0.6829    0.0303
   -0.6477   -0.7050    0.2889
    0.2186    0.1913    0.9569
...    38 T-A ...
    2.7445   19.3769  120.9923
   -0.9711    0.1487    0.1865
   -0.0990   -0.9626    0.2520
    0.2171    0.2263    0.9496
...    39 G-C ...
    3.1903   19.9174  124.3077
   -0.8686   -0.4522    0.2025
    0.4816   -0.8667    0.1302
    0.1166    0.2106    0.9706
...    40 G-C ...
    3.1846   20.8683  127.4819
   -0.4699   -0.8650    0.1756
    0.8795   -0.4757    0.0104
    0.0745    0.1594    0.9844
...    41 A-T ...
    3.4781   21.5522  130.7594
    0.1102   -0.9908    0.0786
    0.9900    0.1024   -0.0967
    0.0878    0.0885    0.9922
...    42 A-T ...
    3.6106   21.8050  134.0241
    0.6598   -0.7513   -0.0139
    0.7414    0.6539   -0.1507
    0.1223    0.0891    0.9885
...    43 A-T ...
    3.9071   21.9773  137.2832
    0.9639   -0.2373   -0.1205
    0.2200    0.9652   -0.1411
    0.1498    0.1095    0.9826
...    44 C-G ...
    4.6752   21.8390  140.6326
    0.9338    0.3002   -0.1945
   -0.3174    0.9462   -0.0636
    0.1649    0.1211    0.9788
...    45 T-A ...
    5.3893   21.9754  143.9467
    0.6008    0.7619   -0.2418
   -0.7675    0.6344    0.0921
    0.2236    0.1303    0.9659
...    46 G-C ...
    6.0938   22.7887  147.1599
    0.0278    0.9705   -0.2394
   -0.9656    0.0880    0.2447
    0.2586    0.2244    0.9396
...    47 C-G ...
    7.0279   23.5801  150.3112
   -0.5252    0.8481   -0.0699
   -0.8117   -0.4746    0.3404
    0.2556    0.2355    0.9377
...    48 T-A ...
    8.1084   24.5756  153.3695
   -0.8939    0.4401    0.0848
   -0.3841   -0.8497    0.3612
    0.2310    0.2903    0.9286
...    49 C-G ...
    8.5162   25.6783  156.5181
   -0.9645   -0.1409    0.2232
    0.2038   -0.9349    0.2905
    0.1677    0.3257    0.9305
...    50 C-G ...
    8.7259   27.1048  159.5016
   -0.7044   -0.6492    0.2870
    0.7019   -0.6973    0.1454
    0.1057    0.3039    0.9468
...    51 A-T ...
    9.2363   28.0348  162.7198
   -0.1822   -0.9576    0.2230
    0.9815   -0.1906   -0.0163
    0.0582    0.2159    0.9747
...    52 T-A ...
    8.8729   28.7652  166.0575
    0.3541   -0.9125    0.2050
    0.9335    0.3317   -0.1359
    0.0560    0.2394    0.9693
...    53 C-G ...
    9.2378   29.2253  169.3668
    0.8198   -0.5716    0.0356
    0.5675    0.8025   -0.1841
    0.0767    0.1711    0.9823
...    54 A-T ...
    9.5656   29.9697  172.6563
    0.9845   -0.0230   -0.1738
   -0.0018    0.9899   -0.1414
    0.1753    0.1395    0.9746
...    55 A-T ...
   10.1600   30.2689  175.8651
    0.7984    0.5499   -0.2453
   -0.5752    0.8170   -0.0408
    0.1779    0.1737    0.9686
...    56 A-T ...
   10.8503   30.7192  179.0369
    0.3152    0.9167   -0.2454
   -0.9354    0.3438    0.0828
    0.1602    0.2034    0.9659
...    57 A-T ...
   11.5297   31.3496  182.1802
   -0.2866    0.9421   -0.1740
   -0.9494   -0.2549    0.1837
    0.1287    0.2179    0.9675
...    58 G-C ...
   12.0361   32.3786  185.3734
   -0.7642    0.6366   -0.1038
   -0.6404   -0.7296    0.2401
    0.0771    0.2499    0.9652
...    59 G-C ...
   12.3876   33.6386  188.4178
   -0.9930    0.1164   -0.0197
   -0.1173   -0.9557    0.2698
    0.0126    0.2702    0.9627
...    60 C-G ...
   12.3980   34.6149  191.6545
   -0.8859   -0.4467    0.1253
    0.4639   -0.8536    0.2371
    0.0011    0.2682    0.9634
...    61 A-T ...
   12.5192   35.3884  194.9514
   -0.4558   -0.8787    0.1422
    0.8872   -0.4356    0.1518
   -0.0714    0.1954    0.9781
...    62 T-A ...
   11.7381   36.1929  198.1992
    0.0683   -0.9724    0.2231
    0.9954    0.0813    0.0498
   -0.0665    0.2187    0.9735
...    63 G-C ...
   11.8021   36.6928  201.5501
    0.6319   -0.7666    0.1141
    0.7745    0.6301   -0.0557
   -0.0292    0.1236    0.9919
...    64 T-A ...
   11.2327   36.7600  204.9411
    0.9439   -0.3255    0.0560
    0.3295    0.9397   -0.0922
   -0.0226    0.1055    0.9942
...    65 T-A ...
   11.2275   36.8417  208.2172
    0.9608    0.2771   -0.0130
   -0.2773    0.9581   -0.0723
   -0.0076    0.0731    0.9973
...    66 C-G ...
   11.5625   37.2348  211.5383
    0.6291    0.7697   -0.1082
   -0.7747    0.6323   -0.0067
    0.0633    0.0880    0.9941
...    67 A-T ...
   11.6140   37.6146  214.9051
    0.0625    0.9797   -0.1905
   -0.9930    0.0802    0.0867
    0.1002    0.1837    0.9779
...    68 G-C ...
   12.1247   38.4858  218.1442
   -0.4941    0.8525   -0.1709
   -0.8672   -0.4690    0.1676
    0.0628    0.2310    0.9709
...    69 C-G ...
   12.3702   39.3290  221.4089
   -0.8981    0.4361   -0.0572
   -0.4365   -0.8676    0.2382
    0.0542    0.2389    0.9695
...    70 T-A ...
   12.6312   40.4312  224.6071
   -0.9921   -0.1192    0.0381
    0.1251   -0.9547    0.2699
    0.0042    0.2726    0.9621
...    71 G-C ...
   12.4155   41.0585  227.9302
   -0.7365   -0.6704    0.0907
    0.6704   -0.7054    0.2302
   -0.0903    0.2303    0.9689
...    72 G-C ...
   11.6815   41.9598  231.0331
   -0.2427   -0.9604    0.1370
    0.9628   -0.2212    0.1553
   -0.1188    0.1696    0.9783
...    73 A-T ...
   11.2881   42.6842  234.2915
    0.3577   -0.9248    0.1298
    0.9296    0.3658    0.0443
   -0.0884    0.1048    0.9905
...    74 T-A ...
   10.5164   42.7356  237.6392
    0.7854   -0.5987    0.1571
    0.6104    0.7913   -0.0358
   -0.1028    0.1240    0.9869
...    75 T-A ...
   10.1613   42.8699  240.8943
    0.9943   -0.0318    0.1021
    0.0405    0.9956   -0.0850
   -0.0990    0.0887    0.9911
...    76 C-G ...
   10.2181   43.1969  244.2389
    0.8431    0.5373   -0.0208
   -0.5370    0.8395   -0.0828
   -0.0270    0.0810    0.9963
...    77 C-G ...
   10.5787   43.2473  247.5324
    0.4121    0.9025   -0.1250
   -0.9109    0.4114   -0.0322
    0.0224    0.1271    0.9916
...    78 A-T ...
   10.4762   43.7147  250.8870
   -0.1880    0.9576   -0.2184
   -0.9816   -0.1756    0.0753
    0.0337    0.2286    0.9729
...    79 G-C ...
   10.6933   44.7715  254.1038
   -0.6935    0.6921   -0.2002
   -0.7203   -0.6716    0.1734
   -0.0145    0.2645    0.9643
...    80 C-G ...
   10.6609   45.7338  257.3445
   -0.9789    0.1889   -0.0781
   -0.2029   -0.9442    0.2595
   -0.0247    0.2699    0.9626
...    81 T-A ...
   10.5781   46.9486  260.5113
   -0.9288   -0.3693    0.0326
    0.3616   -0.8831    0.2988
   -0.0816    0.2893    0.9538
...    82 G-C ...
   10.1545   47.5852  263.8125
   -0.5410   -0.8346    0.1035
    0.8252   -0.5031    0.2568
   -0.1622    0.2244    0.9609
...    83 A-T ...
    9.6659   48.4835  267.0142
    0.0382   -0.9861    0.1614
    0.9872    0.0622    0.1468
   -0.1548    0.1538    0.9759
...    84 A-T ...
    9.0033   48.9564  270.1886
    0.6048   -0.7722    0.1947
    0.7872    0.6167    0.0005
   -0.1204    0.1530    0.9809
...    85 C-G ...
    8.4744   48.9201  273.5866
    0.9292   -0.3387    0.1482
    0.3556    0.9284   -0.1077
   -0.1011    0.1528    0.9831
...    86 A-T ...
    8.1585   49.6155  276.8880
    0.9699    0.2405   -0.0384
   -0.2435    0.9593   -0.1432
    0.0024    0.1483    0.9889
...    87 T-A ...
    8.4084   49.6168  280.3149
    0.7031    0.7061   -0.0839
   -0.7108    0.6949   -0.1091
   -0.0187    0.1363    0.9905
...    88 G-C ...
    8.3398   50.4521  283.5981
    0.1674    0.9591   -0.2284
   -0.9854    0.1697   -0.0096
    0.0295    0.2267    0.9735
...    89 C-G ...
    8.5064   51.2459  286.8801
   -0.4186    0.8848   -0.2048
   -0.9077   -0.4007    0.1244
    0.0280    0.2380    0.9709
...    90 C-G ...
    8.8734   52.4276  289.9540
   -0.8476    0.5048   -0.1637
   -0.5306   -0.8126    0.2412
   -0.0113    0.2913    0.9566
...    91 T-A ...
    8.9454   53.6941  293.1008
   -0.9982   -0.0341   -0.0488
    0.0161   -0.9439    0.3298
   -0.0573    0.3284    0.9428
...    92 T-A ...
    8.6029   54.9758  296.0974
   -0.8049   -0.5753    0.1458
    0.5877   -0.7385    0.3305
   -0.0825    0.3517    0.9325
...    93 T-A ...
    8.0778   56.2046  299.0897
   -0.3166   -0.8982    0.3050
    0.9412   -0.2576    0.2184
   -0.1176    0.3562    0.9270
...    94 T-A ...
    7.4319   57.2899  302.1137
    0.2864   -0.8837    0.3701
    0.9463    0.3213    0.0348
   -0.1497    0.3403    0.9283
...    95 G-C ...
    7.2607   58.2878  305.3474
    0.7896   -0.5691    0.2297
    0.6068    0.7799   -0.1536
   -0.0917    0.2606    0.9611
...    96 A-T ...
    6.8112   59.2245  308.5438
    0.9987   -0.0412    0.0312
    0.0479    0.9638   -0.2621
   -0.0193    0.2633    0.9645
...    97 T-A ...
    6.8302   59.5818  311.9611
    0.8782    0.4703   -0.0866
   -0.4763    0.8440   -0.2467
   -0.0430    0.2578    0.9652
...    98 G-C ...
    6.7901   60.8039  315.1213
    0.4466    0.8405   -0.3068
   -0.8943    0.4307   -0.1217
    0.0299    0.3287    0.9440
...    99 G-C ...
    7.3551   61.8870  318.2015
   -0.1176    0.9152   -0.3854
   -0.9925   -0.0948    0.0777
    0.0346    0.3917    0.9195
...   100 A-T ...
    7.5221   63.0642  321.3452
   -0.6636    0.6674   -0.3380
   -0.7479   -0.6023    0.2791
   -0.0173    0.4380    0.8988
...   101 G-C ...
    7.4024   64.8174  324.2475
   -0.9613    0.2044   -0.1849
   -0.2645   -0.8728    0.4101
   -0.0775    0.4431    0.8931
...   102 C-G ...
    7.1184   66.3765  327.2338
   -0.9418   -0.3291    0.0690
    0.3242   -0.8343    0.4460
   -0.0892    0.4424    0.8924
...   103 A-T ...
    6.9116   67.7380  330.3299
   -0.5723   -0.7892    0.2229
    0.8020   -0.4818    0.3530
   -0.1712    0.3808    0.9087
...   104 G-C ...
    6.0541   68.8881  333.4046
   -0.0322   -0.9455    0.3241
    0.9859    0.0233    0.1659
   -0.1644    0.3249    0.9314
...   105 T-A ...
    4.9184   69.9983  336.4550
    0.4900   -0.7977    0.3516
    0.8547    0.5189   -0.0139
   -0.1713    0.3073    0.9360
...   106 T-A ...
    4.2393   70.7630  339.5685
    0.8948   -0.3526    0.2738
    0.4080    0.8948   -0.1813
   -0.1811    0.2739    0.9445
...   107 T-A ...
    3.6913   71.4008  342.7359
    0.9670    0.2281    0.1135
   -0.1905    0.9431   -0.2725
   -0.1692    0.2419    0.9554
...   108 C-G ...
    3.4929   72.3379  345.9575
    0.6929    0.7116   -0.1166
   -0.7144    0.6555   -0.2449
   -0.0979    0.2530    0.9625
...   109 C-G ...
    3.6572   73.0753  349.1838
    0.1941    0.9367   -0.2914
   -0.9791    0.1667   -0.1164
   -0.0605    0.3079    0.9495
...   110 A-T ...
    3.2707   74.1096  352.3874
   -0.3963    0.8274   -0.3980
   -0.9153   -0.3902    0.1002
   -0.0724    0.4040    0.9119
...   111 A-T ...
    3.1706   75.5110  355.3481
   -0.8504    0.4407   -0.2873
   -0.5155   -0.8072    0.2875
   -0.1052    0.3926    0.9137
...   112 A-T ...
    2.8904   76.9332  358.2872
   -0.9893   -0.1154   -0.0888
    0.0740   -0.9235    0.3763
   -0.1254    0.3657    0.9222
...   113 T-A ...
    2.3147   78.6684  361.1964
   -0.8105   -0.5686    0.1406
    0.5767   -0.7325    0.3618
   -0.1028    0.3743    0.9216
...   114 A-T ...
    1.9054   79.7842  364.3179
   -0.3021   -0.9210    0.2460
    0.9403   -0.2456    0.2355
   -0.1564    0.3025    0.9402
...   115 C-G ...
    0.8522   80.5769  367.4944
    0.2368   -0.9189    0.3155
    0.9605    0.2702    0.0660
   -0.1459    0.2874    0.9466
...   116 A-T ...
    0.5197   81.6340  370.6966
    0.7569   -0.6219    0.2008
    0.6471    0.7561   -0.0977
   -0.0910    0.2039    0.9747
...   117 C-G ...
    0.2078   81.7653  374.1191
    0.9851   -0.1386    0.1022
    0.1565    0.9683   -0.1946
   -0.0720    0.2077    0.9755
...   118 T-A ...
   -0.0214   82.1594  377.4812
    0.9130    0.4029   -0.0648
   -0.4078    0.8953   -0.1793
   -0.0142    0.1901    0.9817
...   119 T-A ...
    0.1636   82.6382  380.7179
    0.5093    0.8453   -0.1618
   -0.8604    0.5042   -0.0740
    0.0190    0.1769    0.9840
...   120 T-A ...
    0.4986   83.2300  383.9237
   -0.0819    0.9802   -0.1802
   -0.9952   -0.0707    0.0680
    0.0539    0.1849    0.9813
...   121 T-A ...
    0.8880   83.9987  387.0855
   -0.6424    0.7580   -0.1130
   -0.7624   -0.6172    0.1942
    0.0775    0.2109    0.9744
...   122 G-C ...
    0.7713   84.7432  390.3892
   -0.9670    0.2429   -0.0769
   -0.2546   -0.9328    0.2550
   -0.0098    0.2662    0.9639
...   123 G-C ...
    0.6341   86.0552  393.4289
   -0.9459   -0.3244    0.0110
    0.3154   -0.9104    0.2676
   -0.0768    0.2566    0.9635
...   124 T-A ...
    0.2115   87.4676  396.5360
   -0.6404   -0.7557    0.1375
    0.7620   -0.6027    0.2369
   -0.0962    0.2565    0.9618
...   125 A-T ...
   -0.1385   88.1747  399.7816
   -0.0568   -0.9844    0.1664
    0.9899   -0.0339    0.1376
   -0.1298    0.1725    0.9764
...   126 G-C ...
   -0.7471   88.4987  403.1037
    0.4989   -0.8526    0.1555
    0.8618    0.5071    0.0156
   -0.0922    0.1262    0.9877
...   127 T-A ...
   -1.5780   88.6492  406.4376
    0.8769   -0.4631    0.1286
    0.4724    0.8798   -0.0531
   -0.0885    0.1073    0.9903
...   128 A-T ...
   -1.7182   89.0112  409.7551
    0.9904    0.1372   -0.0141
   -0.1379    0.9863   -0.0905
    0.0015    0.0916    0.9958
...   129 T-A ...
   -1.5271   88.7941  413.1788
    0.7754    0.6304   -0.0357
   -0.6311    0.7719   -0.0766
   -0.0207    0.0819    0.9964
...   130 C-G ...
   -1.3232   89.3456  416.4880
    0.2760    0.9524   -0.1293
   -0.9604    0.2787    0.0027
    0.0386    0.1234    0.9916
...   131 T-A ...
   -0.8790   89.7367  419.8289
   -0.2947    0.9435   -0.1516
   -0.9534   -0.2797    0.1127
    0.0639    0.1778    0.9820
...   132 G-C ...
   -1.0007   90.5104  423.1257
   -0.7919    0.5904   -0.1558
   -0.6106   -0.7634    0.2105
    0.0054    0.2618    0.9651
...   133 C-G ...
   -0.9765   91.4653  426.3687
   -0.9984    0.0532   -0.0204
   -0.0567   -0.9626    0.2650
   -0.0056    0.2658    0.9640
...   134 A-T ...
   -0.9658   92.1914  429.6785
   -0.8446   -0.5339    0.0395
    0.5248   -0.8112    0.2581
   -0.1058    0.2388    0.9653
...   135 G-C ...
   -1.6320   92.9816  432.9101
   -0.4149   -0.9025    0.1156
    0.9015   -0.3907    0.1860
   -0.1227    0.1814    0.9757
...   136 G-C ...
   -2.4977   93.5418  436.0592
    0.1542   -0.9790    0.1332
    0.9801    0.1686    0.1047
   -0.1250    0.1144    0.9855
...   137 T-A ...
   -3.5010   93.8543  439.3339
    0.6454   -0.7477    0.1562
    0.7530    0.6571    0.0345
   -0.1285    0.0954    0.9871
...   138 G-C ...
   -3.5578   94.1547  442.7086
    0.9690   -0.2420    0.0496
    0.2436    0.9694   -0.0295
   -0.0409    0.0407    0.9983
...   139 A-T ...
   -3.8524   94.2965  446.0537
    0.9353    0.3505   -0.0484
   -0.3530    0.9339   -0.0577
    0.0250    0.0710    0.9972
...   140 T-A ...
   -3.4696   94.0621  449.4602
    0.6174    0.7852   -0.0479
   -0.7866    0.6166   -0.0308
    0.0054    0.0567    0.9984
...   141 T-A ...
   -3.1795   94.2266  452.7203
    0.0490    0.9969   -0.0623
   -0.9980    0.0514    0.0380
    0.0410    0.0603    0.9973
...   142 C-G ...
   -3.0669   94.8166  456.0272
   -0.5319    0.8425   -0.0857
   -0.8454   -0.5223    0.1120
    0.0496    0.1320    0.9900
...   143 T-A ...
   -2.6724   95.4768  459.3317
   -0.9086    0.4141   -0.0555
   -0.4170   -0.8908    0.1804
    0.0253    0.1871    0.9820
...   144 C-G ...
   -2.9584   96.2229  462.5963
   -0.9837   -0.1799    0.0021
    0.1758   -0.9585    0.2244
   -0.0384    0.2211    0.9745
...   145 C-G ...
   -3.4168   97.3065  465.6940
   -0.7228   -0.6881    0.0635
    0.6835   -0.6985    0.2119
   -0.1015    0.1966    0.9752
...   146 A-T ...
   -3.6100   97.8748  469.0290
   -0.1872   -0.9794    0.0763
    0.9708   -0.1725    0.1669
   -0.1503    0.1053    0.9830
...   147 G-C ...
   -4.3201   97.9946  472.3446
    0.3806   -0.9198    0.0957
    0.9170    0.3888    0.0893
   -0.1193    0.0538    0.9914
...   148 G-C ...
   -5.0080   97.8100  475.5807
    0.8267   -0.5592    0.0628
    0.5581    0.8290    0.0349
   -0.0715    0.0062    0.9974
...   149 G-C ...
   -5.2936   97.3657  478.8519
    0.9999   -0.0145    0.0051
    0.0144    0.9999    0.0074
   -0.0052   -0.0073    1.0000
...   150 C-G ...
   -5.2726   97.2794  482.2314
    0.8333    0.5527   -0.0028
   -0.5527    0.8333    0.0067
    0.0060   -0.0040    1.0000
...   151 G-C ...
   -5.6103   97.7272  485.7229
    0.3735    0.9250   -0.0700
   -0.9261    0.3762    0.0292
    0.0533    0.0539    0.9971
...   152 G-C ...
   -4.9711   97.9497  488.9666
   -0.1975    0.9742   -0.1088
   -0.9789   -0.1901    0.0752
    0.0526    0.1214    0.9912
...   153 C-G ...
   -4.7415   98.4101  492.3079
   -0.7163    0.6953   -0.0584
   -0.6962   -0.7066    0.1269
    0.0470    0.1316    0.9902
...   154 C-G ...
   -4.4803   99.3233  495.4824
   -0.9817    0.1860   -0.0413
   -0.1903   -0.9680    0.1638
   -0.0095    0.1687    0.9856
...   155 A-T ...
   -4.5073   99.7146  498.8482
   -0.9071   -0.4192   -0.0376
    0.4056   -0.8945    0.1878
   -0.1123    0.1551    0.9815
...   156 G-C ...
   -5.1938  100.2661  502.1249
   -0.5316   -0.8469    0.0119
    0.8358   -0.5223    0.1689
   -0.1369    0.0997    0.9856
...   157 T-A ...
   -6.1358  100.9315  505.3649
   -0.0144   -0.9962    0.0863
    0.9883   -0.0011    0.1526
   -0.1520    0.0875    0.9845
...   158 A-T ...
   -6.5696  101.0880  508.6730
    0.5841   -0.8083    0.0737
    0.8021    0.5887    0.1003
   -0.1245    0.0005    0.9922
...   159 C-G ...
   -7.1265  100.5336  512.0212
    0.9193   -0.3813    0.0971
    0.3791    0.9244    0.0406
   -0.1052   -0.0005    0.9944
...   160 T-A ...
   -7.5408  100.2226  515.3743
    0.9810    0.1853    0.0583
   -0.1868    0.9822    0.0214
   -0.0533   -0.0319    0.9981
...   161 T-A ...
   -7.5234   99.9237  518.6377
    0.6927    0.7191    0.0545
   -0.7208    0.6929    0.0191
   -0.0241   -0.0525    0.9983
...   162 A-T ...
   -7.5642   99.8989  521.9775
    0.1337    0.9905   -0.0318
   -0.9909    0.1341    0.0116
    0.0158    0.0299    0.9994
...   163 C-G ...
   -7.0281  100.3078  525.3499
   -0.4043    0.9138   -0.0393
   -0.9146   -0.4038    0.0201
    0.0025    0.0441    0.9990
...   164 A-T ...
   -7.1661  100.3489  528.7354
   -0.8528    0.5085   -0.1195
   -0.5180   -0.8525    0.0693
   -0.0667    0.1210    0.9904
...   165 T-A ...
   -7.2016  101.2848  532.0413
   -0.9991   -0.0042   -0.0431
   -0.0008   -0.9934    0.1147
   -0.0433    0.1146    0.9925
...   166 G-C ...
   -7.6135  101.4004  535.4027
   -0.8095   -0.5833   -0.0673
    0.5697   -0.8080    0.1505
   -0.1421    0.0835    0.9863
...   167 C-G ...
   -8.1607  101.7087  538.7246
   -0.3448   -0.9385    0.0184
    0.9268   -0.3372    0.1656
   -0.1492    0.0741    0.9860
...   168 G-C ...
   -8.1256  101.8116  542.2592
    0.2496   -0.9676    0.0381
    0.9562    0.2525    0.1481
   -0.1529   -0.0006    0.9882
...   169 G-C ...
   -8.9685  101.4947  545.4480
    0.7409   -0.6700    0.0470
    0.6622    0.7404    0.1156
   -0.1122   -0.0545    0.9922
...   170 C-G ...
   -9.3589  101.2387  548.7963
    0.9866   -0.1342    0.0929
    0.1278    0.9892    0.0723
   -0.1016   -0.0595    0.9930
...   171 G-C ...
   -9.6820  101.6139  552.2977
    0.8910    0.4516    0.0463
   -0.4531    0.8910    0.0292
   -0.0280   -0.0470    0.9985
...   172 G-C ...
   -9.3926  101.1894  555.5712
    0.4983    0.8669   -0.0118
   -0.8668    0.4984    0.0117
    0.0160    0.0044    0.9999
...   173 A-T ...
   -9.3869  101.0543  558.9295
   -0.0863    0.9934   -0.0753
   -0.9963   -0.0857    0.0112
    0.0047    0.0760    0.9971
...   174 C-G ...
   -8.9674  101.7166  562.2781
   -0.5943    0.8006   -0.0766
   -0.8041   -0.5929    0.0425
   -0.0114    0.0869    0.9962
...   175 A-T ...
   -9.1253  101.8734  565.6594
   -0.9429    0.3038   -0.1368
   -0.3191   -0.9414    0.1089
   -0.0957    0.1464    0.9846
...   176 G-C ...
   -9.6517  102.5967  568.9322
   -0.9569   -0.2668   -0.1143
    0.2479   -0.9560    0.1569
   -0.1511    0.1218    0.9810
...   177 G-C ...
  -10.4582  103.3338  572.0605
   -0.6536   -0.7531   -0.0749
    0.7288   -0.6530    0.2061
   -0.2042    0.0801    0.9756
...   178 A-T ...
  -11.0672  103.7403  575.3407
   -0.1058   -0.9943   -0.0146
    0.9725   -0.1066    0.2070
   -0.2074    0.0077    0.9782
...   179 T-A ...
  -12.3173  103.7146  578.5411
    0.4085   -0.9051    0.1176
    0.8880    0.4239    0.1783
   -0.2112    0.0316    0.9769
...   180 G-C ...
  -12.6791  103.6952  581.9102
    0.8616   -0.4973    0.1015
    0.4871    0.8664    0.1101
   -0.1426   -0.0454    0.9887
...   181 T-A ...
  -13.4697  103.0443  585.1934
    0.9908    0.0297    0.1319
   -0.0373    0.9978    0.0557
   -0.1300   -0.0601    0.9897
...   182 A-T ...
  -13.7713  102.9237  588.5177
    0.7851    0.6171    0.0527
   -0.6177    0.7864   -0.0047
   -0.0443   -0.0289    0.9986
...   183 A-T ...
  -13.8020  102.7173  591.7882
    0.2848    0.9584    0.0180
   -0.9565    0.2854   -0.0608
   -0.0634    0.0001    0.9980
...   184 C-G ...
  -13.4936  102.9471  595.2057
   -0.2560    0.9661   -0.0347
   -0.9638   -0.2578   -0.0676
   -0.0743    0.0162    0.9971
...   185 C-G ...
  -13.3953  103.3630  598.4916
   -0.7360    0.6647   -0.1283
   -0.6690   -0.7431   -0.0118
   -0.1032    0.0772    0.9917
...   186 T-A ...
  -13.5842  103.8949  601.8372
   -0.9763    0.1473   -0.1588
   -0.1643   -0.9813    0.1000
   -0.1411    0.1237    0.9822
...   187 G-C ...
  -14.3635  104.0845  605.1295
   -0.8749   -0.4540   -0.1689
    0.4195   -0.8845    0.2042
   -0.2421    0.1078    0.9642
...   188 C-G ...
  -15.2420  104.4850  608.3695
   -0.4824   -0.8753   -0.0348
    0.8394   -0.4732    0.2673
   -0.2504    0.0997    0.9630
...   189 A-T ...
  -15.9209  104.7729  611.6768
    0.1125   -0.9932    0.0291
    0.9563    0.1162    0.2682
   -0.2697   -0.0023    0.9629
...   190 G-C ...
  -16.9516  104.4803  614.8961
    0.6307   -0.7678    0.1125
    0.7425    0.6393    0.2000
   -0.2255   -0.0426    0.9733
...   191 A-T ...
  -17.8303  104.4342  618.1398
    0.9555   -0.2620    0.1356
    0.2507    0.9634    0.0950
   -0.1555   -0.0568    0.9862
...   192 T-A ...
  -18.3895  103.6823  621.4455
    0.9432    0.2738    0.1882
   -0.2796    0.9601    0.0046
   -0.1795   -0.0569    0.9821
...   193 A-T ...
  -18.8812  103.6026  624.7483
    0.6084    0.7907    0.0685
   -0.7867    0.6122   -0.0793
   -0.1046   -0.0056    0.9945
...   194 C-G ...
  -18.6673  103.6082  628.1808
    0.1093    0.9940   -0.0013
   -0.9880    0.1085   -0.1098
   -0.1090    0.0133    0.9940
...   195 T-A ...
  -18.7239  103.6825  631.5724
   -0.4427    0.8904   -0.1061
   -0.8918   -0.4495   -0.0512
   -0.0932    0.0719    0.9930
...   196 A-T ...
  -19.1630  104.0096  634.8674
   -0.8730    0.4440   -0.2017
   -0.4618   -0.8856    0.0494
   -0.1567    0.1363    0.9782
...   197 C-G ...
  -19.8151  105.0230  638.0885
   -0.9826   -0.0869   -0.1640
    0.0638   -0.9879    0.1413
   -0.1743    0.1284    0.9763
...   198 C-G ...
  -20.6710  105.8398  641.1836
   -0.7747   -0.6207   -0.1207
    0.5857   -0.7763    0.2332
   -0.2385    0.1099    0.9649
...   199 A-T ...
  -21.3431  106.0984  644.4948
   -0.2718   -0.9604   -0.0605
    0.9161   -0.2775    0.2895
   -0.2948    0.0233    0.9553
...   200 A-T ...
  -22.4590  106.1987  647.5744
    0.3139   -0.9445    0.0965
    0.9121    0.3283    0.2457
   -0.2637    0.0109    0.9645
...   201 A-T ...
  -23.4603  106.1626  650.6946
    0.7889   -0.5814    0.1990
    0.5694    0.8134    0.1190
   -0.2311    0.0195    0.9727
...   202 A-T ...
  -24.2905  106.0853  653.8639
    0.9778   -0.0050    0.2094
    0.0145    0.9989   -0.0439
   -0.2089    0.0460    0.9769
...   203 G-C ...
  -24.7362  106.0829  657.2274
    0.8387    0.5366    0.0927
   -0.5194    0.8394   -0.1599
   -0.1636    0.0860    0.9828
...   204 T-A ...
  -25.0058  105.8678  660.6492
    0.4453    0.8952   -0.0166
   -0.8836    0.4364   -0.1700
   -0.1449    0.0904    0.9853
...   205 G-C ...
  -25.6148  106.5286  663.9164
   -0.1289    0.9696   -0.2080
   -0.9835   -0.1518   -0.0982
   -0.1268    0.1919    0.9732
...   206 T-A ...
  -25.4633  107.2444  667.2769
   -0.6226    0.7447   -0.2405
   -0.7729   -0.6333    0.0397
   -0.1228    0.2106    0.9698
...   207 A-T ...
  -26.0165  108.0001  670.4830
   -0.9448    0.2066   -0.2542
   -0.2606   -0.9442    0.2013
   -0.1984    0.2565    0.9460
...   208 T-A ...
  -26.6505  109.4122  673.5506
   -0.9475   -0.3066   -0.0909
    0.2680   -0.9163    0.2977
   -0.1746    0.2577    0.9503
...   209 T-A ...
  -27.4254  110.4153  676.5726
   -0.6173   -0.7812    0.0928
    0.7596   -0.5611    0.3290
   -0.2049    0.2736    0.9398
...   210 T-A ...
  -28.3609  111.3173  679.5811
   -0.0635   -0.9633    0.2608
    0.9688    0.0033    0.2480
   -0.2397    0.2684    0.9330
...   211 G-C ...
  -28.9224  111.9658  682.8593
    0.5264   -0.8088    0.2623
    0.8225    0.5626    0.0838
   -0.2153    0.1716    0.9614
...   212 G-C ...
  -29.8544  112.1200  686.0353
    0.9032   -0.3794    0.2008
    0.3981    0.9153   -0.0612
   -0.1606    0.1352    0.9777
...   213 A-T ...
  -30.5457  112.6020  689.2889
    0.9780    0.2003    0.0590
   -0.1879    0.9674   -0.1699
   -0.0911    0.1550    0.9837
...   214 A-T ...
  -30.7937  112.9602  692.5370
    0.6915    0.7188   -0.0720
   -0.7161    0.6691   -0.1988
   -0.0947    0.1890    0.9774
...   215 A-T ...
  -30.9756  113.4877  695.7662
    0.1527    0.9687   -0.1954
   -0.9813    0.1252   -0.1465
   -0.1174    0.2141    0.9697
...   216 C-G ...
  -30.8884  114.5172  699.0465
   -0.3805    0.8872   -0.2609
   -0.9155   -0.4012   -0.0289
   -0.1303    0.2279    0.9649
...   217 T-A ...
  -31.0703  115.4668  702.2987
   -0.8120    0.5132   -0.2778
   -0.5654   -0.8098    0.1567
   -0.1446    0.2843    0.9478
...   218 G-C ...
  -31.9263  116.3412  705.4586
   -0.9704   -0.0737   -0.2299
   -0.0033   -0.9482    0.3178
   -0.2414    0.3091    0.9199
...   219 C-G ...
  -32.7806  117.4409  708.5393
   -0.8000   -0.5997   -0.0206
    0.5444   -0.7398    0.3953
   -0.2523    0.3050    0.9183
...   220 T-A ...
  -33.8512  118.6615  711.5185
   -0.3610   -0.9193    0.1568
    0.8814   -0.2814    0.3795
   -0.3048    0.2752    0.9118
...   221 C-G ...
  -34.9702  119.2114  714.6396
    0.2247   -0.9292    0.2936
    0.9152    0.3046    0.2638
   -0.3346    0.2094    0.9188
...   222 C-G ...
  -36.3955  119.5243  717.6146
    0.7089   -0.6224    0.3319
    0.6348    0.7680    0.0843
   -0.3074    0.1509    0.9395
...   223 A-T ...
  -37.3510  120.1963  720.7955
    0.9708   -0.0821    0.2253
    0.1051    0.9902   -0.0924
   -0.2155    0.1134    0.9699
...   224 T-A ...
  -38.0317  120.0264  724.1590
    0.8795    0.4455    0.1675
   -0.4117    0.8887   -0.2021
   -0.2388    0.1088    0.9649
...   225 C-G ...
  -38.5060  120.6010  727.4364
    0.4989    0.8661   -0.0327
   -0.8493    0.4810   -0.2173
   -0.1725    0.1362    0.9756
...   226 A-T ...
  -39.2604  121.1129  730.7000
   -0.0628    0.9668   -0.2477
   -0.9868   -0.0974   -0.1298
   -0.1496    0.2362    0.9601
...   227 A-T ...
  -39.5948  121.9217  733.8581
   -0.6179    0.7274   -0.2985
   -0.7645   -0.6445    0.0118
   -0.1838    0.2355    0.9543
...   228 A-T ...
  -40.0881  122.8100  736.9737
   -0.9417    0.2160   -0.2581
   -0.2614   -0.9524    0.1568
   -0.2120    0.2152    0.9533
...   229 A-T ...
  -40.7600  123.6698  740.0638
   -0.9147   -0.3787   -0.1414
    0.3367   -0.9073    0.2518
   -0.2236    0.1827    0.9574
...   230 G-C ...
  -41.8138  124.3274  743.2212
   -0.5688   -0.8216   -0.0388
    0.7832   -0.5554    0.2794
   -0.2511    0.1286    0.9594
...   231 G-C ...
  -43.0852  124.8001  746.2444
   -0.0304   -0.9979    0.0565
    0.9636   -0.0142    0.2671
   -0.2658    0.0625    0.9620
...   232 C-G ...
  -44.0436  124.9728  749.4818
    0.5220   -0.8323    0.1867
    0.8115    0.5520    0.1919
   -0.2628    0.0513    0.9635
...   233 A-T ...
  -44.8092  125.2775  752.7687
    0.9154   -0.3667    0.1663
    0.3582    0.9302    0.0797
   -0.1839   -0.0133    0.9829
...   234 T-A ...
  -45.5281  124.6795  756.0749
    0.9639    0.1681    0.2064
   -0.1667    0.9857   -0.0244
   -0.2076   -0.0108    0.9782
...   235 G-C ...
  -46.0159  124.9550  759.4169
    0.7097    0.7021    0.0576
   -0.6949    0.7112   -0.1068
   -0.1160    0.0358    0.9926
...   236 T-A ...
  -46.0179  124.6412  762.8417
    0.2431    0.9698   -0.0189
   -0.9650    0.2398   -0.1062
   -0.0985    0.0441    0.9942
...   237 T-A ...
  -46.0834  124.8781  766.1096
   -0.3590    0.9297   -0.0822
   -0.9309   -0.3630   -0.0405
   -0.0675    0.0620    0.9958
...   238 C-G ...
  -46.4885  125.4297  769.4002
   -0.8216    0.5508   -0.1467
   -0.5631   -0.8243    0.0588
   -0.0885    0.1309    0.9874
...   239 A-T ...
  -46.8555  125.7043  772.7576
   -0.9823   -0.0363   -0.1836
    0.0062   -0.9868    0.1621
   -0.1871    0.1581    0.9695
...   240 G-C ...
  -47.7523  126.3831  775.9586
   -0.8075   -0.5768   -0.1236
    0.5428   -0.8085    0.2272
   -0.2310    0.1163    0.9660
...   241 C-G ...
  -48.5982  126.8029  779.2048
   -0.3573   -0.9339    0.0155
    0.9031   -0.3412    0.2607
   -0.2382    0.1071    0.9653
...   242 T-A ...
  -49.7039  127.2109  782.3864
    0.2045   -0.9725    0.1114
    0.9416    0.2266    0.2490
   -0.2674    0.0540    0.9621
...   243 G-C ...
  -50.2945  127.1954  785.7230
    0.7318   -0.6673    0.1383
    0.6460    0.7439    0.1711
   -0.2171   -0.0358    0.9755
...   244 G-C ...
  -51.1146  126.6249  788.8824
    0.9784   -0.1484    0.1441
    0.1380    0.9872    0.0798
   -0.1541   -0.0582    0.9863
...   245 A-T ...
  -51.7871  126.4197  792.1691
    0.8911    0.4444    0.0921
   -0.4444    0.8956   -0.0218
   -0.0922   -0.0215    0.9955
...   246 T-A ...
  -51.7560  125.9031  795.5658
    0.5295    0.8435    0.0907
   -0.8412    0.5358   -0.0728
   -0.1101   -0.0378    0.9932
...   247 T-A ...
  -51.8440  125.7863  798.8396
   -0.0536    0.9982    0.0266
   -0.9957   -0.0515   -0.0766
   -0.0751   -0.0306    0.9967
...   248 C-G ...
  -52.1590  126.0689  802.1739
   -0.6081    0.7900   -0.0783
   -0.7904   -0.6117   -0.0327
   -0.0737    0.0420    0.9964
...   249 C-G ...
  -52.2248  126.6731  805.4312
   -0.9353    0.3226   -0.1455
   -0.3315   -0.9426    0.0412
   -0.1239    0.0867    0.9885
...   250 A-T ...
  -52.6659  126.7863  808.7891
   -0.9388   -0.2854   -0.1929
    0.2600   -0.9544    0.1470
   -0.2261    0.0879    0.9701
...   251 G-C ...
  -53.7224  127.1559  811.9920
   -0.6306   -0.7635   -0.1396
    0.7321   -0.6448    0.2196
   -0.2577    0.0363    0.9655
...   252 C-G ...
  -54.6632  127.2876  815.2365
   -0.1041   -0.9946   -0.0020
    0.9594   -0.1010    0.2634
   -0.2622    0.0255    0.9647
...   253 T-A ...
  -55.8514  127.3420  818.4141
    0.4482   -0.8885    0.0983
    0.8500    0.4576    0.2608
   -0.2767   -0.0333    0.9604
...   254 G-C ...
  -56.4336  127.1175  821.7447
    0.8786   -0.4581    0.1346
    0.4312    0.8824    0.1882
   -0.2050   -0.1073    0.9729
...   255 A-T ...
  -57.2714  126.7985  824.9839
    0.9799    0.1347    0.1470
   -0.1465    0.9865    0.0727
   -0.1352   -0.0928    0.9865
...   256 A-T ...
  -57.6705  126.3412  828.2044
    0.7180    0.6818    0.1399
   -0.6823    0.7292   -0.0519
   -0.1374   -0.0582    0.9888
...   257 C-G ...
  -57.5728  126.0770  831.6320
    0.2579    0.9633    0.0740
   -0.9561    0.2655   -0.1237
   -0.1389   -0.0388    0.9896
...   258 A-T ...
  -58.2228  125.9546  834.9553
   -0.3234    0.9400   -0.1087
   -0.9353   -0.3350   -0.1137
   -0.1433    0.0649    0.9876
...   259 T-A ...
  -58.2296  126.4632  838.3534
   -0.7645    0.6316   -0.1287
   -0.6315   -0.7739   -0.0474
   -0.1296    0.0451    0.9905
...   260 G-C ...
  -59.0405  126.5731  841.6417
   -0.9710    0.0668   -0.2296
   -0.0841   -0.9942    0.0665
   -0.2238    0.0839    0.9710
...   261 C-G ...
  -59.8303  126.9201  844.9105
   -0.8463   -0.5072   -0.1627
    0.4781   -0.8580    0.1879
   -0.2350    0.0812    0.9686
...   262 C-G ...
  -61.0249  127.4170  847.9611
   -0.4306   -0.8977   -0.0937
    0.8565   -0.4391    0.2713
   -0.2847    0.0366    0.9579
...   263 T-A ...
  -62.2781  127.6192  851.1075
    0.1199   -0.9924    0.0262
    0.9405    0.1220    0.3170
   -0.3178   -0.0134    0.9480
...   264 T-A ...
  -63.5114  127.3970  854.1356
    0.6432   -0.7392    0.1995
    0.6866    0.6722    0.2770
   -0.3389   -0.0412    0.9399
...   265 T-A ...
  -64.6763  126.9975  857.1725
    0.9236   -0.2144    0.3179
    0.1765    0.9737    0.1440
   -0.3404   -0.0769    0.9371
...   266 T-A ...
  -65.6876  126.4927  860.2485
    0.8575    0.3884    0.3376
   -0.4016    0.9152   -0.0330
   -0.3218   -0.1073    0.9407
...   267 G-C ...
  -66.6518  126.4830  863.4970
    0.4999    0.8506    0.1632
   -0.8300    0.5243   -0.1901
   -0.2472   -0.0404    0.9681
...   268 A-T ...
  -67.5313  126.1991  866.7284
   -0.0450    0.9980   -0.0445
   -0.9656   -0.0549   -0.2541
   -0.2561    0.0316    0.9661
...   269 T-A ...
  -67.8729  126.4472  870.1384
   -0.5447    0.8256   -0.1472
   -0.8009   -0.5642   -0.2006
   -0.2487    0.0086    0.9686
...   270 G-C ...
  -69.0721  126.5428  873.3062
   -0.8773    0.3483   -0.3301
   -0.3525   -0.9345   -0.0491
   -0.3256    0.0733    0.9427
...   271 G-C ...
  -70.1854  127.2455  876.3470
   -0.9034   -0.2245   -0.3652
    0.1805   -0.9719    0.1512
   -0.3889    0.0707    0.9186
...   272 A-T ...
  -71.3579  127.5494  879.4821
   -0.6092   -0.7421   -0.2795
    0.6659   -0.6701    0.3279
   -0.4306    0.0136    0.9024
...   273 G-C ...
  -73.0806  127.5010  882.4047
   -0.1216   -0.9865   -0.1097
    0.8943   -0.1568    0.4190
   -0.4306   -0.0471    0.9013
...   274 C-G ...
  -74.5954  127.3122  885.4212
    0.4094   -0.9021    0.1360
    0.8053    0.4274    0.4109
   -0.4288   -0.0587    0.9015
...   275 A-T ...
  -75.9195  127.2255  888.5392
    0.8366   -0.4840    0.2565
    0.4125    0.8648    0.2862
   -0.3604   -0.1336    0.9232
...   276 G-C ...
  -76.9769  126.5088  891.6824
    0.9462    0.0736    0.3150
   -0.1075    0.9900    0.0915
   -0.3051   -0.1204    0.9447
...   277 T-A ...
  -77.9707  125.5173  894.8220
    0.7541    0.5818    0.3047
   -0.5908    0.8036   -0.0725
   -0.2870   -0.1254    0.9497
...   278 T-A ...
  -78.6593  125.0138  897.9861
    0.2753    0.9400    0.2016
   -0.9275    0.3149   -0.2015
   -0.2529   -0.1316    0.9585
...   279 T-A ...
  -79.2326  124.6555  901.1928
   -0.3101    0.9497    0.0429
   -0.9244   -0.2907   -0.2468
   -0.2219   -0.1162    0.9681
...   280 C-G ...
  -80.1340  124.6230  904.4305
   -0.7692    0.6185   -0.1604
   -0.5926   -0.7844   -0.1830
   -0.2391   -0.0457    0.9699
...   281 C-G ...
  -80.8677  124.9683  907.6433
   -0.9513    0.0904   -0.2947
   -0.0821   -0.9958   -0.0405
   -0.2971   -0.0143    0.9547
...   282 A-T ...
  -81.8498  124.7392  910.8783
   -0.7920   -0.4948   -0.3577
    0.4682   -0.8682    0.1645
   -0.3919   -0.0372    0.9192
...   283 A-T ...
  -83.2234  124.7448  913.8537
   -0.3670   -0.9044   -0.2174
    0.8500   -0.4211    0.3165
   -0.3778   -0.0687    0.9233
...   284 A-T ...
  -84.6024  124.5680  916.8213
    0.1999   -0.9797   -0.0153
    0.9155    0.1812    0.3593
   -0.3492   -0.0858    0.9331
...   285 T-A ...
  -86.2677  124.0685  919.7848
    0.6371   -0.7458    0.1948
    0.6817    0.6631    0.3091
   -0.3597   -0.0641    0.9309
...   286 A-T ...
  -87.3294  123.8036  922.9406
    0.9447   -0.2026    0.2577
    0.1647    0.9731    0.1612
   -0.2834   -0.1098    0.9527
...   287 C-G ...
  -88.0135  122.9308  926.1961
    0.8965    0.3380    0.2865
   -0.3518    0.9361   -0.0035
   -0.2693   -0.0976    0.9581
...   288 A-T ...
  -89.0229  122.7534  929.4260
    0.5552    0.8205    0.1362
   -0.8095    0.5707   -0.1377
   -0.1907   -0.0338    0.9811
...   289 C-G ...
  -89.1107  122.6924  932.8635
    0.0536    0.9982    0.0262
   -0.9791    0.0577   -0.1949
   -0.1961   -0.0152    0.9805
...   290 T-A ...
  -89.4678  122.6865  936.2375
   -0.4804    0.8675   -0.1289
   -0.8576   -0.4955   -0.1380
   -0.1836    0.0442    0.9820
...   291 T-A ...
  -89.9456  123.0753  939.4562
   -0.8868    0.4212   -0.1903
   -0.4285   -0.9036   -0.0033
   -0.1733    0.0786    0.9817
...   292 T-A ...
  -90.5491  123.6010  942.6341
   -0.9703   -0.1791   -0.1625
    0.1566   -0.9774    0.1419
   -0.1842    0.1123    0.9765
...   293 T-A ...
  -91.3337  124.1624  945.7660
   -0.7002   -0.7117   -0.0558
    0.6816   -0.6898    0.2442
   -0.2123    0.1329    0.9681
...   294 G-C ...
  -92.0499  124.2338  949.0773
   -0.1590   -0.9873   -0.0011
    0.9525   -0.1537    0.2630
   -0.2598    0.0407    0.9648
...   295 G-C ...
  -93.3308  124.2161  952.1332
    0.4048   -0.9110    0.0786
    0.8811    0.4116    0.2329
   -0.2445   -0.0251    0.9693
...   296 T-A ...
  -94.6870  123.9115  955.2789
    0.8087   -0.5610    0.1769
    0.5358    0.8266    0.1721
   -0.2427   -0.0444    0.9691
...   297 A-T ...
  -95.3460  123.7499  958.5494
    0.9864    0.0405    0.1592
   -0.0510    0.9968    0.0622
   -0.1561   -0.0695    0.9853
...   298 G-C ...
  -95.6007  123.3700  961.9113
    0.8071    0.5805    0.1079
   -0.5795    0.8138   -0.0437
   -0.1132   -0.0273    0.9932
...   299 T-A ...
  -95.6634  122.7852  965.2998
    0.3864    0.9206    0.0570
   -0.9175    0.3899   -0.0787
   -0.0946   -0.0219    0.9953
...   300 A-T ...
  -95.9963  122.8671  968.6223
   -0.2222    0.9711   -0.0872
   -0.9711   -0.2284   -0.0688
   -0.0867    0.0694    0.9938
...   301 T-A ...
  -95.7805  123.3357  972.0193
   -0.6951    0.7136   -0.0870
   -0.7149   -0.6989   -0.0202
   -0.0752    0.0481    0.9960
...   302 C-G ...
  -96.3320  123.7426  975.3097
   -0.9733    0.1828   -0.1390
   -0.1948   -0.9777    0.0782
   -0.1216    0.1032    0.9872
...   303 T-A ...
  -96.7443  124.4043  978.6118
   -0.9152   -0.3851   -0.1184
    0.3615   -0.9146    0.1810
   -0.1780    0.1229    0.9763
...   304 G-C ...
  -97.4891  124.4677  981.9169
   -0.5206   -0.8491   -0.0890
    0.8143   -0.5252    0.2474
   -0.2568    0.0563    0.9648
...   305 C-G ...
  -98.4274  124.6564  985.1593
    0.0330   -0.9979    0.0554
    0.9651    0.0462    0.2578
   -0.2598    0.0450    0.9646
...   306 A-T ...
  -99.1361  124.8564  988.4669
    0.6049   -0.7904    0.0970
    0.7641    0.6104    0.2088
   -0.2242   -0.0522    0.9731
...   307 G-C ...
  -99.8508  124.3725  991.7481
    0.9354   -0.3261    0.1364
    0.3123    0.9432    0.1132
   -0.1655   -0.0633    0.9842
...   308 G-C ...
 -100.3195  123.7038  994.9595
    0.9627    0.2472    0.1102
   -0.2520    0.9672    0.0325
   -0.0986   -0.0591    0.9934
...   309 T-A ...
 -100.5289  122.9293  998.3038
    0.6900    0.7171    0.0988
   -0.7195    0.6944   -0.0149
   -0.0793   -0.0608    0.9950
...   310 G-C ...
 -100.8074  123.1037 1001.6764
    0.1577    0.9871   -0.0262
   -0.9870    0.1567   -0.0369
   -0.0323    0.0317    0.9990
...   311 A-T ...
 -100.9076  123.0531 1005.0355
   -0.4301    0.8954   -0.1148
   -0.9002   -0.4350   -0.0204
   -0.0682    0.0945    0.9932
...   312 T-A ...
 -100.6912  123.7124 1008.4006
   -0.8358    0.5424   -0.0855
   -0.5466   -0.8366    0.0355
   -0.0523    0.0764    0.9957
...   313 T-A ...
 -100.8648  124.2343 1011.6313
   -0.9976   -0.0415   -0.0546
    0.0350   -0.9929    0.1136
   -0.0589    0.1114    0.9920
...   314 C-G ...
 -101.4468  124.5469 1014.9267
   -0.7938   -0.6071   -0.0359
    0.5938   -0.7866    0.1695
   -0.1311    0.1132    0.9849
...   315 T-A ...
 -102.1230  125.1335 1018.1994
   -0.3344   -0.9423    0.0178
    0.9243   -0.3242    0.2013
   -0.1839    0.0837    0.9794
...   316 C-G ...
 -102.8264  125.0336 1021.4844
    0.2641   -0.9616    0.0742
    0.9408    0.2738    0.1997
   -0.2124    0.0170    0.9770
...   317 C-G ...
 -103.8518  124.7209 1024.6198
    0.7482   -0.6543    0.1100
    0.6379    0.7550    0.1520
   -0.1825   -0.0435    0.9822
...   318 A-T ...
 -104.3857  124.7337 1027.9660
    0.9922   -0.0963    0.0792
    0.0889    0.9918    0.0914
   -0.0873   -0.0837    0.9927
...   319 G-C ...
 -104.4283  124.2700 1031.3268
    0.8839    0.4642    0.0564
   -0.4660    0.8844    0.0243
   -0.0386   -0.0478    0.9981
...   320 G-C ...
 -104.1698  123.8484 1034.6032
    0.4861    0.8739   -0.0060
   -0.8739    0.4861    0.0020
    0.0047    0.0042    1.0000
...   321 G-C ...
 -103.6872  123.8514 1037.8815
   -0.0718    0.9949   -0.0704
   -0.9973   -0.0708    0.0175
    0.0124    0.0715    0.9974
...   322 C-G ...
 -103.5872  124.1365 1041.2486
   -0.6226    0.7803   -0.0593
   -0.7825   -0.6200    0.0576
    0.0082    0.0823    0.9966
...   323 G-C ...
 -103.9878  124.0280 1044.7604
   -0.9541    0.2865   -0.0875
   -0.2948   -0.9500    0.1031
   -0.0536    0.1241    0.9908
...   324 G-C ...
 -104.2495  124.8906 1047.9490
   -0.9541   -0.2880   -0.0827
    0.2742   -0.9504    0.1466
   -0.1208    0.1172    0.9857
...   325 C-G ...
 -104.7123  125.3332 1051.2686
   -0.6312   -0.7756    0.0035
    0.7646   -0.6214    0.1711
   -0.1305    0.1107    0.9853
...   326 C-G ...
 -105.6298  125.7557 1054.4244
   -0.1008   -0.9943    0.0349
    0.9815   -0.0937    0.1668
   -0.1626    0.0510    0.9854
...   327 A-T ...
 -106.0015  125.9512 1057.7869
    0.4957   -0.8681    0.0262
    0.8571    0.4939    0.1467
   -0.1402   -0.0503    0.9888
...   328 G-C ...
 -106.4763  125.4710 1061.1119
    0.8896   -0.4547    0.0424
    0.4491    0.8879    0.0996
   -0.0829   -0.0696    0.9941
...   329 T-A ...
 -107.0428  124.7245 1064.4209
    0.9941    0.0776    0.0760
   -0.0834    0.9935    0.0777
   -0.0695   -0.0836    0.9941
...   330 A-T ...
 -107.1457  124.5316 1067.7538
    0.7553    0.6551    0.0204
   -0.6552    0.7540    0.0462
    0.0149   -0.0483    0.9987
...   331 C-G ...
 -106.5297  124.2803 1071.1280
    0.3010    0.9533    0.0233
   -0.9535    0.3005    0.0223
    0.0143   -0.0289    0.9995
...   332 T-A ...
 -106.1684  124.1503 1074.4991
   -0.2690    0.9631   -0.0137
   -0.9623   -0.2681    0.0464
    0.0410    0.0256    0.9988
...   333 T-A ...
 -105.8568  124.4413 1077.7484
   -0.7759    0.6307    0.0103
   -0.6280   -0.7740    0.0811
    0.0591    0.0565    0.9967
...   334 A-T ...
 -105.8130  124.6567 1081.0813
   -0.9985    0.0455   -0.0306
   -0.0481   -0.9950    0.0878
   -0.0265    0.0891    0.9957
...   335 C-G ...
 -106.2508  125.4106 1084.4081
   -0.8757   -0.4829    0.0015
    0.4813   -0.8725    0.0844
   -0.0394    0.0746    0.9964
...   336 A-T ...
 -106.2639  125.5272 1087.7947
   -0.4335   -0.8998   -0.0492
    0.8944   -0.4363    0.0986
   -0.1102   -0.0013    0.9939
...   337 T-A ...
 -107.1777  125.6631 1091.1041
    0.0901   -0.9954    0.0322
    0.9903    0.0930    0.1033
   -0.1058    0.0226    0.9941
...   338 G-C ...
 -107.2416  125.4995 1094.4881
    0.6506   -0.7593   -0.0127
    0.7565    0.6466    0.0981
   -0.0663   -0.0734    0.9951
...   339 C-G ...
 -107.4860  125.1820 1097.8450
    0.9648   -0.2607    0.0338
    0.2568    0.9621    0.0915
   -0.0564   -0.0796    0.9952
...   340 G-C ...
 -107.5750  125.4767 1101.3678
    0.9426    0.3337    0.0083
   -0.3333    0.9395    0.0785
    0.0184   -0.0768    0.9969
...   341 G-C ...
 -107.1716  124.9088 1104.6073
    0.6038    0.7970   -0.0165
   -0.7942    0.6032    0.0737
    0.0687   -0.0314    0.9971
...   342 C-G ...
 -106.8671  124.7974 1107.9725
    0.0490    0.9987    0.0169
   -0.9962    0.0477    0.0736
    0.0727   -0.0204    0.9971
...   343 G-C ...
 -107.1967  124.7105 1111.4922
   -0.5266    0.8500   -0.0159
   -0.8484   -0.5242    0.0733
    0.0539    0.0521    0.9972
...   344 G-C ...
 -106.7834  125.2831 1114.7297
   -0.9067    0.4199   -0.0396
   -0.4217   -0.9030    0.0825
   -0.0011    0.0915    0.9958
...   345 A-T ...
 -106.6336  125.5556 1118.0762
   -0.9826   -0.1765   -0.0575
    0.1713   -0.9815    0.0853
   -0.0715    0.0739    0.9947
...   346 C-G ...
 -107.3139  126.1701 1121.3909
   -0.7467   -0.6648   -0.0226
    0.6603   -0.7448    0.0963
   -0.0809    0.0570    0.9951
...   347 A-T ...
 -107.4406  126.2569 1124.7760
   -0.2220   -0.9731   -0.0619
    0.9660   -0.2281    0.1221
   -0.1329   -0.0327    0.9906
...   348 G-C ...
 -108.1005  125.9207 1128.0871
    0.3479   -0.9365   -0.0448
    0.9318    0.3400    0.1271
   -0.1038   -0.0860    0.9909
...   349 G-C ...
 -108.7506  125.2942 1131.2753
    0.8064   -0.5904   -0.0339
    0.5886    0.7956    0.1433
   -0.0576   -0.1355    0.9891
...   350 A-T ...
 -109.0876  124.9037 1134.5965
    0.9996   -0.0211   -0.0178
    0.0232    0.9910    0.1320
    0.0148   -0.1323    0.9911
...   351 T-A ...
 -108.9391  123.9073 1137.8814
    0.8671    0.4923    0.0763
   -0.4981    0.8594    0.1156
   -0.0087   -0.1383    0.9904
...   352 G-C ...
 -108.8728  123.8055 1141.2678
    0.4216    0.9063    0.0307
   -0.9047    0.4180    0.0828
    0.0622   -0.0627    0.9961
...   353 T-A ...
 -108.1408  123.3255 1144.5937
   -0.1144    0.9918    0.0572
   -0.9905   -0.1183    0.0695
    0.0757   -0.0487    0.9959
...   354 A-T ...
 -107.9791  123.2889 1147.9297
   -0.6823    0.7311    0.0003
   -0.7302   -0.6814    0.0507
    0.0373    0.0344    0.9987
...   355 A-T ...
 -107.7554  123.5247 1151.1907
   -0.9793    0.2022    0.0072
   -0.2021   -0.9793    0.0146
    0.0100    0.0129    0.9999
...   356 C-G ...
 -107.9950  124.0711 1154.5777
   -0.9405   -0.3397   -0.0045
    0.3397   -0.9405    0.0023
   -0.0050    0.0006    1.0000
...   357 C-G ...
 -108.4024  124.3829 1157.8513
   -0.5993   -0.7979   -0.0651
    0.7980   -0.6019    0.0303
   -0.0633   -0.0338    0.9974
...   358 T-A ...
 -108.9003  124.4040 1161.2074
   -0.0632   -0.9945   -0.0831
    0.9923   -0.0716    0.1011
   -0.1064   -0.0761    0.9914
...   359 G-C ...
 -109.0065  123.8638 1164.5509
    0.5270   -0.8430   -0.1076
    0.8459    0.5081    0.1621
   -0.0820   -0.1764    0.9809
...   360 C-G ...
 -109.3145  123.2031 1167.8521
    0.9135   -0.4069   -0.0082
    0.4003    0.8947    0.1979
   -0.0732   -0.1841    0.9802
...   361 A-T ...
 -109.5273  122.7554 1171.2042
    0.9799    0.1991    0.0095
   -0.1970    0.9605    0.1967
    0.0301   -0.1946    0.9804
...   362 G-C ...
 -109.1318  122.0012 1174.4885
    0.7110    0.7009    0.0561
   -0.7000    0.6981    0.1507
    0.0665   -0.1464    0.9870
...   363 A-T ...
 -108.9949  121.3787 1177.7885
    0.1792    0.9820    0.0603
   -0.9810    0.1737    0.0867
    0.0746   -0.0747    0.9944
...   364 T-A ...
 -108.1820  121.1389 1181.1183
   -0.3532    0.9278    0.1197
   -0.9324   -0.3597    0.0364
    0.0768   -0.0988    0.9921
...   365 A-T ...
 -108.0447  120.9083 1184.4476
   -0.8399    0.5418    0.0313
   -0.5424   -0.8400   -0.0130
    0.0193   -0.0279    0.9994
...   366 C-G ...
 -108.0526  121.3813 1187.8541
   -0.9997    0.0233    0.0016
   -0.0233   -0.9992   -0.0338
    0.0008   -0.0339    0.9994
...   367 T-A ...
 -108.1059  121.5764 1191.2410
   -0.8494   -0.5241   -0.0624
    0.5245   -0.8513    0.0111
   -0.0590   -0.0233    0.9980
...   368 A-T ...
 -108.3784  121.3627 1194.5631
   -0.3679   -0.9207   -0.1304
    0.9224   -0.3791    0.0741
   -0.1177   -0.0930    0.9887
...   369 C-G ...
 -109.3167  120.8728 1197.8353
    0.1706   -0.9812   -0.0905
    0.9794    0.1588    0.1250
   -0.1083   -0.1100    0.9880
...   370 C-G ...
 -110.0421  120.1878 1200.9951
    0.6847   -0.7256   -0.0690
    0.7239    0.6661    0.1797
   -0.0844   -0.1730    0.9813
...   371 A-T ...
 -110.2263  119.7497 1204.3502
    0.9800   -0.1923   -0.0506
    0.1988    0.9558    0.2165
    0.0067   -0.2223    0.9750
...   372 A-T ...
 -110.2154  118.8666 1207.5061
    0.9144    0.4001    0.0620
   -0.4046    0.8966    0.1799
    0.0164   -0.1896    0.9817
...   373 A-T ...
 -110.0784  118.1122 1210.6922
    0.5121    0.8487    0.1325
   -0.8589    0.5050    0.0848
    0.0051   -0.1573    0.9875
...   374 A-T ...
 -109.9149  117.5349 1213.9139
   -0.0784    0.9877    0.1350
   -0.9967   -0.0745   -0.0337
   -0.0232   -0.1372    0.9903
...   375 G-C ...
 -109.8584  117.3481 1217.3012
   -0.6065    0.7943    0.0353
   -0.7922   -0.6001   -0.1109
   -0.0669   -0.0952    0.9932
...   376 T-A ...
 -109.6048  117.3587 1220.7310
   -0.9304    0.3644   -0.0401
   -0.3593   -0.9281   -0.0980
   -0.0729   -0.0768    0.9944
...   377 G-C ...
 -110.1953  116.9455 1224.0420
   -0.9558   -0.2270   -0.1868
    0.2357   -0.9715   -0.0255
   -0.1757   -0.0684    0.9821
...   378 T-A ...
 -110.9057  117.2901 1227.3893
   -0.6893   -0.7005   -0.1846
    0.6978   -0.7105    0.0907
   -0.1947   -0.0663    0.9786
...   379 A-T ...
 -111.5959  116.9195 1230.6363
   -0.1255   -0.9756   -0.1799
    0.9641   -0.1627    0.2098
   -0.2340   -0.1472    0.9610
...   380 T-A ...
 -112.9335  116.4018 1233.7585
    0.3868   -0.9219   -0.0227
    0.8911    0.3673    0.2664
   -0.2372   -0.1233    0.9636
...   381 T-A ...
 -113.8519  115.7758 1236.8414
    0.8320   -0.5392    0.1303
    0.4950    0.8277    0.2645
   -0.2504   -0.1556    0.9555
...   382 T-A ...
 -114.6557  114.9978 1239.9217
    0.9664    0.0393    0.2540
   -0.0857    0.9810    0.1743
   -0.2424   -0.1902    0.9514
...   383 G-C ...
 -115.2380  114.6337 1243.2399
    0.7615    0.6122    0.2128
   -0.6310    0.7753    0.0279
   -0.1479   -0.1555    0.9767
...   384 G-C ...
 -115.2963  113.9360 1246.4787
    0.3010    0.9450    0.1280
   -0.9465    0.3124   -0.0807
   -0.1163   -0.0968    0.9885
...   385 A-T ...
 -115.7017  113.4552 1249.7803
   -0.2837    0.9588   -0.0126
   -0.9483   -0.2825   -0.1444
   -0.1420   -0.0290    0.9894
...   386 A-T ...
 -116.0219  113.4251 1253.0416
   -0.7761    0.6199   -0.1158
   -0.6057   -0.7839   -0.1367
   -0.1756   -0.0360    0.9838
...   387 A-T ...
 -116.5166  113.4446 1256.2811
   -0.9792    0.0539   -0.1955
   -0.0407   -0.9967   -0.0707
   -0.1987   -0.0613    0.9781
...   388 C-G ...
 -117.5344  113.6924 1259.5569
   -0.8523   -0.4739   -0.2215
    0.4785   -0.8773    0.0356
   -0.2112   -0.0756    0.9745
...   389 T-A ...
 -118.4495  113.6775 1262.8240
   -0.4426   -0.8718   -0.2101
    0.8563   -0.4804    0.1898
   -0.2664   -0.0959    0.9591
...   390 G-C ...
 -119.2319  112.9924 1266.0490
    0.1561   -0.9752   -0.1570
    0.9464    0.1021    0.3064
   -0.2828   -0.1964    0.9389
...   391 C-G ...
 -120.2394  112.2838 1269.1974
    0.6664   -0.7449    0.0330
    0.6920    0.6343    0.3448
   -0.2778   -0.2069    0.9381
...   392 T-A ...
 -121.3491  111.3420 1272.2623
    0.9477   -0.2679    0.1732
    0.2061    0.9285    0.3089
   -0.2436   -0.2570    0.9352
...   393 C-G ...
 -121.7858  110.4205 1275.4648
    0.9077    0.3251    0.2654
   -0.3812    0.9031    0.1976
   -0.1754   -0.2805    0.9437
...   394 C-G ...
 -121.9606  109.2039 1278.5420
    0.5604    0.7828    0.2706
   -0.8195    0.5713    0.0449
   -0.1195   -0.2469    0.9616
...   395 A-T ...
 -122.5327  108.4389 1281.7931
   -0.0009    0.9886    0.1506
   -0.9960    0.0126   -0.0889
   -0.0898   -0.1501    0.9846
...   396 T-A ...
 -122.2890  108.0329 1285.1963
   -0.5189    0.8483    0.1057
   -0.8508   -0.5004   -0.1605
   -0.0832   -0.1732    0.9814
...   397 C-G ...
 -122.8052  107.7617 1288.5063
   -0.9060    0.4189   -0.0604
   -0.4070   -0.9015   -0.1473
   -0.1162   -0.1089    0.9872
...   398 A-T ...
 -123.2348  107.2164 1291.8230
   -0.9589   -0.1641   -0.2314
    0.1815   -0.9818   -0.0562
   -0.2179   -0.0959    0.9712
...   399 A-T ...
 -123.9969  107.0549 1295.0062
   -0.6728   -0.6988   -0.2430
    0.7081   -0.7033    0.0621
   -0.2143   -0.1303    0.9680
...   400 A-T ...
 -124.8247  106.7256 1298.1599
   -0.1351   -0.9736   -0.1840
    0.9721   -0.1662    0.1654
   -0.1916   -0.1566    0.9689
...   401 A-T ...
 -125.6089  106.2193 1301.3013
    0.4555   -0.8870   -0.0763
    0.8761    0.4314    0.2155
   -0.1582   -0.1650    0.9735
...   402 G-C ...
 -126.1583  105.3561 1304.5362
    0.8674   -0.4976   -0.0050
    0.4871    0.8469    0.2134
   -0.1019   -0.1875    0.9770
...   403 G-C ...
 -126.5053  104.2823 1307.6517
    0.9971    0.0596    0.0474
   -0.0677    0.9787    0.1936
   -0.0348   -0.1963    0.9799
...   404 C-G ...
 -126.5795  103.5616 1310.9539
    0.7850    0.6041    0.1375
   -0.6190    0.7734    0.1364
   -0.0239   -0.1922    0.9811
...   405 A-T ...
 -126.8017  103.0247 1314.2923
    0.2871    0.9534    0.0928
   -0.9573    0.2822    0.0629
    0.0338   -0.1069    0.9937
...   406 T-A ...
 -126.1284  102.6131 1317.6363
   -0.2497    0.9589    0.1351
   -0.9678   -0.2519   -0.0008
    0.0333   -0.1309    0.9908
...   407 G-C ...
 -126.3451  102.3589 1321.0084
   -0.7604    0.6493    0.0119
   -0.6491   -0.7593   -0.0462
   -0.0210   -0.0428    0.9989
...   408 T-A ...
 -126.0163  102.6442 1324.4199
   -0.9873    0.1569   -0.0263
   -0.1561   -0.9873   -0.0305
   -0.0308   -0.0260    0.9992
...   409 T-A ...
 -126.2313  102.8071 1327.6859
   -0.8957   -0.4425   -0.0445
    0.4418   -0.8968    0.0257
   -0.0513    0.0033    0.9987
...   410 C-G ...
 -126.7304  102.6076 1331.0036
   -0.4786   -0.8746   -0.0782
    0.8701   -0.4843    0.0918
   -0.1182   -0.0241    0.9927
...   411 A-T ...
 -126.9566  102.4747 1334.3820
    0.1201   -0.9867   -0.1095
    0.9833    0.1030    0.1501
   -0.1369   -0.1257    0.9826
...   412 G-C ...
 -127.5405  101.7689 1337.6489
    0.6437   -0.7621   -0.0689
    0.7598    0.6258    0.1766
   -0.0915   -0.1660    0.9819
...   413 C-G ...
 -127.8706  101.1394 1340.9541
    0.9613   -0.2737    0.0319
    0.2632    0.9462    0.1881
   -0.0816   -0.1724    0.9816
...   414 T-A ...
 -128.1667  100.2479 1344.2143
    0.9517    0.2950    0.0848
   -0.3058    0.9349    0.1799
   -0.0262   -0.1971    0.9800
...   415 G-C ...
 -128.0847   99.9160 1347.5856
    0.6023    0.7947    0.0753
   -0.7961    0.5910    0.1303
    0.0590   -0.1384    0.9886
...   416 G-C ...
 -127.4308   99.3903 1350.7912
    0.0641    0.9956    0.0683
   -0.9951    0.0586    0.0803
    0.0759   -0.0731    0.9944
...   417 A-T ...
 -127.1529   98.9897 1354.1166
   -0.5192    0.8541    0.0297
   -0.8540   -0.5199    0.0218
    0.0341   -0.0141    0.9993
...   418 T-A ...
 -126.6250   99.3230 1357.4954
   -0.8856    0.4606    0.0601
   -0.4616   -0.8871   -0.0033
    0.0518   -0.0306    0.9982
...   419 T-A ...
 -126.4857   99.4945 1360.7650
   -0.9897   -0.1368    0.0417
    0.1368   -0.9906   -0.0020
    0.0416    0.0037    0.9991
...   420 C-G ...
 -126.7244   99.4107 1364.1165
   -0.7349   -0.6777   -0.0234
    0.6774   -0.7353    0.0200
   -0.0308   -0.0011    0.9995
...   421 C-G ...
 -127.3054   99.5412 1367.3761
   -0.2413   -0.9678   -0.0711
    0.9678   -0.2454    0.0554
   -0.0711   -0.0554    0.9959
...   422 A-T ...
 -127.3644   99.3485 1370.7587
    0.3644   -0.9228   -0.1248
    0.9291    0.3512    0.1163
   -0.0635   -0.1584    0.9853
...   423 G-C ...
 -127.6264   98.5107 1374.0361
    0.8143   -0.5716   -0.1003
    0.5803    0.7992    0.1566
   -0.0094   -0.1857    0.9826
...   424 C-G ...
 -127.6613   97.8115 1377.3435
    0.9998   -0.0184   -0.0053
    0.0191    0.9817    0.1893
    0.0017   -0.1894    0.9819
...   425 T-A ...
 -127.5980   96.8679 1380.6019
    0.8470    0.5288    0.0543
   -0.5280    0.8251    0.2012
    0.0616   -0.1991    0.9781
...   426 G-C ...
 -127.3086   96.5620 1383.9642
    0.3812    0.9223    0.0629
   -0.9154    0.3671    0.1651
    0.1292   -0.1205    0.9843
...   427 A-T ...
 -126.9034   96.0033 1387.2536
   -0.2180    0.9731    0.0743
   -0.9699   -0.2245    0.0946
    0.1087   -0.0514    0.9927
...   428 A-T ...
 -126.3982   95.8908 1390.4896
   -0.7405    0.6655    0.0930
   -0.6679   -0.7442    0.0078
    0.0745   -0.0563    0.9956
...   429 C-G ...
 -126.1274   96.2709 1393.8969
   -0.9816    0.1793    0.0652
   -0.1826   -0.9820   -0.0484
    0.0553   -0.0594    0.9967
...   430 A-T ...
 -125.9337   95.8883 1397.2582
   -0.9091   -0.4101   -0.0734
    0.4139   -0.9091   -0.0467
   -0.0476   -0.0728    0.9962
...   431 T-A ...
 -126.4239   96.0962 1400.6527
   -0.5639   -0.8234   -0.0637
    0.8253   -0.5646   -0.0084
   -0.0291   -0.0573    0.9979
...   432 G-C ...
 -126.4480   95.5312 1403.9937
    0.0162   -0.9878   -0.1550
    0.9981    0.0067    0.0615
   -0.0598   -0.1557    0.9860
...   433 C-G ...
 -126.7103   94.9653 1407.3164
    0.5776   -0.8097   -0.1042
    0.8144    0.5627    0.1417
   -0.0561   -0.1667    0.9844
...   434 C-G ...
 -127.0880   93.9679 1410.4536
    0.9310   -0.3579   -0.0711
    0.3649    0.9091    0.2011
   -0.0074   -0.2132    0.9770
...   435 T-A ...
 -127.1666   92.9448 1413.6876
    0.9785    0.2061    0.0060
   -0.2012    0.9480    0.2466
    0.0452   -0.2425    0.9691
...   436 T-A ...
 -126.8246   91.9688 1416.7973
    0.6819    0.7175    0.1422
   -0.7276    0.6455    0.2320
    0.0747   -0.2617    0.9623
...   437 T-A ...
 -126.3119   91.0766 1419.9087
    0.1354    0.9600    0.2450
   -0.9846    0.1028    0.1412
    0.1103   -0.2603    0.9592
...   438 T-A ...
 -125.7073   90.3490 1423.0463
   -0.4593    0.8442    0.2763
   -0.8773   -0.4798    0.0076
    0.1390   -0.2389    0.9610
...   439 G-C ...
 -125.5992   89.6389 1426.3578
   -0.8898    0.4362    0.1346
   -0.4516   -0.8839   -0.1211
    0.0661   -0.1685    0.9835
...   440 A-T ...
 -125.2254   89.0351 1429.6429
   -0.9906   -0.1336   -0.0298
    0.1368   -0.9739   -0.1813
   -0.0048   -0.1837    0.9830
...   441 T-A ...
 -125.4270   88.9337 1433.0715
   -0.7762   -0.6231   -0.0965
    0.6302   -0.7625   -0.1460
    0.0174   -0.1741    0.9846
...   442 G-C ...
 -125.4040   87.9749 1436.3215
   -0.2729   -0.9265   -0.2592
    0.9612   -0.2739   -0.0329
   -0.0405   -0.2581    0.9653
...   443 G-C ...
 -125.9937   87.0399 1439.4452
    0.2999   -0.9060   -0.2986
    0.9534    0.2740    0.1262
   -0.0326   -0.3225    0.9460
...   444 A-T ...
 -126.1807   86.0874 1442.6630
    0.7906   -0.5629   -0.2412
    0.6117    0.7438    0.2693
    0.0278   -0.3604    0.9324
...   445 G-C ...
 -125.9701   84.6023 1445.7063
    0.9928   -0.0446   -0.1112
    0.0810    0.9337    0.3487
    0.0883   -0.3552    0.9306
...   446 C-G ...
 -125.6373   83.3430 1448.8260
    0.8641    0.4944    0.0947
   -0.4934    0.7946    0.3538
    0.0997   -0.3525    0.9305
...   447 A-T ...
 -125.4220   82.2720 1452.0337
    0.4112    0.8921    0.1873
   -0.8958    0.3575    0.2640
    0.1685   -0.2764    0.9462
...   448 G-C ...
 -124.6020   81.5218 1455.2394
   -0.1535    0.9576    0.2436
   -0.9766   -0.1846    0.1104
    0.1507   -0.2210    0.9636
...   449 T-A ...
 -123.5138   80.8582 1458.4336
   -0.6433    0.7224    0.2536
   -0.7499   -0.6612   -0.0187
    0.1541   -0.2022    0.9671
...   450 T-A ...
 -122.9379   80.4577 1461.6348
   -0.9593    0.2083    0.1909
   -0.2346   -0.9637   -0.1275
    0.1574   -0.1671    0.9733
...   451 T-A ...
 -122.5165   80.1626 1464.8713
   -0.9192   -0.3862    0.0768
    0.3682   -0.9122   -0.1797
    0.1395   -0.1369    0.9807
...   452 C-G ...
 -122.3912   79.5160 1468.1671
   -0.5506   -0.8293   -0.0951
    0.8318   -0.5354   -0.1467
    0.0707   -0.1599    0.9846
...   453 C-G ...
 -122.6568   79.0018 1471.4297
   -0.0094   -0.9752   -0.2212
    0.9990    0.0007   -0.0454
    0.0444   -0.2214    0.9742
...   454 A-T ...
 -122.3287   78.2917 1474.7268
    0.5596   -0.7715   -0.3025
    0.8253    0.5520    0.1190
    0.0752   -0.3163    0.9457
...   455 A-T ...
 -122.2018   77.1528 1477.7970
    0.9317   -0.3037   -0.1993
    0.3476    0.9046    0.2468
    0.1053   -0.2992    0.9483
...   456 A-T ...
 -121.8928   76.0236 1480.8578
    0.9587    0.2814   -0.0413
   -0.2578    0.9212    0.2913
    0.1200   -0.2686    0.9557
...   457 T-A ...
 -121.2376   74.6372 1483.9327
    0.6889    0.7116    0.1379
   -0.7180    0.6439    0.2643
    0.0993   -0.2811    0.9545
...   458 A-T ...
 -120.8673   73.8451 1487.1563
    0.1215    0.9755    0.1835
   -0.9829    0.0925    0.1592
    0.1384   -0.1997    0.9700
...   459 C-G ...
 -119.9235   73.4878 1490.4441
   -0.4127    0.8834    0.2219
   -0.9023   -0.4299    0.0335
    0.1250   -0.1864    0.9745
...   460 A-T ...
 -119.6446   72.7457 1493.7386
   -0.8647    0.4916    0.1032
   -0.4993   -0.8636   -0.0699
    0.0548   -0.1120    0.9922
...   461 C-G ...
 -119.5601   72.9250 1497.1720
   -0.9990   -0.0303    0.0333
    0.0261   -0.9924   -0.1200
    0.0366   -0.1190    0.9922
...   462 T-A ...
 -119.5076   72.8272 1500.5631
   -0.8234   -0.5614   -0.0826
    0.5669   -0.8200   -0.0786
   -0.0236   -0.1115    0.9935
...   463 T-A ...
 -119.8386   72.5638 1503.8128
   -0.3440   -0.9315   -0.1182
    0.9371   -0.3485    0.0188
   -0.0587   -0.1043    0.9928
...   464 T-A ...
 -120.2954   72.1608 1507.0328
    0.2613   -0.9610   -0.0909
    0.9609    0.2501    0.1188
   -0.0914   -0.1184    0.9888
...   465 T-A ...
 -120.7723   71.5714 1510.2210
    0.7692   -0.6389   -0.0109
    0.6295    0.7548    0.1844
   -0.1096   -0.1487    0.9828
...   466 G-C ...
 -120.7661   71.1055 1513.5774
    0.9973   -0.0734   -0.0002
    0.0722    0.9794    0.1888
   -0.0137   -0.1883    0.9820
...   467 G-C ...
 -120.6237   70.0667 1516.7207
    0.8730    0.4862    0.0376
   -0.4850    0.8577    0.1705
    0.0506   -0.1671    0.9846
...   468 T-A ...
 -120.1885   68.9847 1519.9561
    0.4899    0.8649    0.1091
   -0.8690    0.4745    0.1405
    0.0697   -0.1637    0.9841
...   469 A-T ...
 -119.9553   68.5925 1523.2649
   -0.1247    0.9886    0.0849
   -0.9883   -0.1313    0.0771
    0.0873   -0.0743    0.9934
...   470 G-C ...
 -119.5391   68.6275 1526.6320
   -0.6474    0.7603    0.0533
   -0.7610   -0.6487    0.0092
    0.0416   -0.0346    0.9985
...   471 T-A ...
 -118.9352   68.8729 1530.0088
   -0.9502    0.3093    0.0380
   -0.3097   -0.9508   -0.0050
    0.0346   -0.0165    0.9993
...   472 A-T ...
 -118.9724   68.7876 1533.3476
   -0.9487   -0.3105   -0.0593
    0.3110   -0.9504    0.0020
   -0.0570   -0.0166    0.9982
...   473 T-A ...
 -119.4420   69.2202 1536.7237
   -0.6514   -0.7583   -0.0263
    0.7579   -0.6519    0.0259
   -0.0368   -0.0031    0.9993
...   474 C-G ...
 -119.7844   68.8874 1540.0507
   -0.0988   -0.9931   -0.0632
    0.9912   -0.1038    0.0817
   -0.0877   -0.0546    0.9947
...   475 T-A ...
 -120.3925   68.6722 1543.3817
    0.4621   -0.8852   -0.0534
    0.8809    0.4512    0.1430
   -0.1025   -0.1132    0.9883
...   476 G-C ...
 -120.3760   68.1781 1546.7340
    0.8905   -0.4512   -0.0591
    0.4541    0.8727    0.1794
   -0.0294   -0.1866    0.9820
...   477 C-G ...
 -120.4678   67.4763 1550.0398
    0.9916    0.1225    0.0416
   -0.1281    0.9744    0.1848
   -0.0179   -0.1886    0.9819
...   478 A-T ...
 -120.5905   67.0065 1553.3934
    0.7357    0.6760    0.0423
   -0.6731    0.7226    0.1575
    0.0759   -0.1443    0.9866
...   479 G-C ...
 -120.0313   66.5873 1556.7135
    0.2448    0.9676    0.0619
   -0.9661    0.2381    0.0999
    0.0819   -0.0842    0.9931
...   480 G-C ...
 -119.3097   66.4232 1559.9434
   -0.3288    0.9436    0.0402
   -0.9417   -0.3308    0.0622
    0.0720   -0.0174    0.9973
...   481 T-A ...
 -118.5043   66.5357 1563.2850
   -0.7734    0.6315    0.0546
   -0.6298   -0.7754    0.0471
    0.0720    0.0021    0.9974
...   482 G-C ...
 -118.6382   66.5003 1566.6707
   -0.9972    0.0701   -0.0270
   -0.0711   -0.9967    0.0393
   -0.0241    0.0411    0.9989
...   483 A-T ...
 -118.5634   66.6604 1570.0271
   -0.8555   -0.5127   -0.0720
    0.5110   -0.8585    0.0426
   -0.0836   -0.0004    0.9965
...   484 T-A ...
 -119.2231   67.0748 1573.3736
   -0.4687   -0.8832   -0.0162
    0.8808   -0.4686    0.0672
   -0.0669    0.0172    0.9976
...   485 T-A ...
 -119.7130   67.1032 1576.6137
    0.1271   -0.9917    0.0202
    0.9867    0.1285    0.0995
   -0.1013    0.0073    0.9948
...   486 C-G ...
 -119.9587   66.7487 1579.9469
    0.6731   -0.7393    0.0172
    0.7332    0.6702    0.1154
   -0.0968   -0.0651    0.9932
...   487 T-A ...
 -120.4695   66.2754 1583.2676
    0.9677   -0.2501    0.0323
    0.2442    0.9613    0.1275
   -0.0630   -0.1155    0.9913
...   488 C-G ...
 -120.2939   65.8349 1586.5950
    0.9356    0.3504    0.0433
   -0.3530    0.9264    0.1313
    0.0059   -0.1382    0.9904
...   489 C-G ...
 -119.8791   65.0813 1589.7950
    0.5878    0.8077    0.0460
   -0.8065    0.5806    0.1120
    0.0637   -0.1029    0.9926
...   490 A-T ...
 -119.8301   64.8042 1593.1718
    0.0107    0.9999    0.0031
   -0.9954    0.0103    0.0956
    0.0955   -0.0041    0.9954
...   491 G-C ...
 -119.3488   65.0571 1596.5209
   -0.5384    0.8426   -0.0051
   -0.8408   -0.5369    0.0693
    0.0556    0.0416    0.9976
...   492 G-C ...
 -118.9357   65.5990 1599.7636
   -0.9126    0.4076   -0.0328
   -0.4089   -0.9096    0.0733
    0.0001    0.0803    0.9968
...   493 G-C ...
 -118.9649   66.3273 1602.9960
   -0.9853   -0.1619   -0.0536
    0.1566   -0.9834    0.0918
   -0.0676    0.0820    0.9943
...   494 C-G ...
 -119.2419   66.6582 1606.3491
   -0.7240   -0.6898   -0.0035
    0.6854   -0.7199    0.1094
   -0.0780    0.0768    0.9940
...   495 G-C ...
 -119.0827   66.5365 1609.8796
   -0.2036   -0.9790   -0.0122
    0.9724   -0.2036    0.1143
   -0.1144    0.0114    0.9934
...   496 G-C ...
 -119.9045   66.4450 1613.0884
    0.3688   -0.9294   -0.0138
    0.9239    0.3649    0.1148
   -0.1017   -0.0551    0.9933
...   497 C-G ...
 -120.2900   66.1996 1616.4381
    0.8272   -0.5603    0.0423
    0.5539    0.8258    0.1060
   -0.0944   -0.0642    0.9935
...   498 C-G ...
 -120.6170   65.4919 1619.6586
    0.9994   -0.0123    0.0312
    0.0094    0.9958    0.0914
   -0.0322   -0.0910    0.9953
...   499 A-T ...
 -120.7640   65.3614 1623.0415
    0.8222    0.5688   -0.0210
   -0.5653    0.8203    0.0872
    0.0668   -0.0599    0.9960
...   500 G-C ...
 -120.2290   65.1836 1626.3872
    0.3764    0.9260   -0.0299
   -0.9229    0.3776    0.0755
    0.0811   -0.0008    0.9967
...   501 T-A ...
 -119.4209   64.9363 1629.7209
   -0.1627    0.9867    0.0018
   -0.9822   -0.1621    0.0949
    0.0940    0.0137    0.9955
...   502 A-T ...
 -119.2042   65.1039 1633.0498
   -0.7177    0.6957   -0.0292
   -0.6944   -0.7120    0.1039
    0.0515    0.0948    0.9942
...   503 C-G ...
 -118.9912   65.9939 1636.3649
   -0.9756    0.2191    0.0112
   -0.2170   -0.9713    0.0974
    0.0322    0.0926    0.9952
...   504 T-A ...
 -118.8770   66.6202 1639.6976
   -0.9363   -0.3507    0.0174
    0.3503   -0.9295    0.1157
   -0.0244    0.1145    0.9931
...   505 T-A ...
 -119.1785   67.1517 1642.9172
   -0.5614   -0.8241    0.0758
    0.8256   -0.5514    0.1195
   -0.0567    0.1296    0.9899
...   506 A-T ...
 -119.3813   67.4302 1646.2395
    0.0406   -0.9982    0.0452
    0.9958    0.0442    0.0800
   -0.0818    0.0417    0.9958
...   507 C-G ...
 -120.0790   67.1835 1649.5981
    0.5566   -0.8284    0.0621
    0.8281    0.5593    0.0381
   -0.0663    0.0302    0.9973
...   508 A-T ...
 -120.1782   67.4179 1652.9771
    0.9336   -0.3573   -0.0265
    0.3580    0.9334    0.0260
    0.0155   -0.0338    0.9993
...   509 T-A ...
 -120.2192   66.7500 1656.3473
    0.9841    0.1773    0.0141
   -0.1776    0.9837    0.0295
   -0.0087   -0.0315    0.9995
...   510 G-C ...
 -120.0349   66.9577 1659.7245
    0.7003    0.7104   -0.0702
   -0.7090    0.7036    0.0480
    0.0835    0.0161    0.9964
...   511 C-G ...
 -119.6817   66.9973 1663.0864
    0.1767    0.9834   -0.0419
   -0.9803    0.1796    0.0827
    0.0889    0.0265    0.9957
...   512 G-C ...
 -119.9511   67.1514 1666.6090
   -0.4138    0.9085   -0.0590
   -0.9069   -0.4057    0.1139
    0.0796    0.1006    0.9917
...   513 G-C ...
 -119.4050   67.8470 1669.8024
   -0.8462    0.5303   -0.0530
   -0.5321   -0.8350    0.1401
    0.0300    0.1467    0.9887
...   514 C-G ...
 -119.3046   68.4148 1673.1336
   -0.9991   -0.0356    0.0243
    0.0388   -0.9881    0.1489
    0.0187    0.1497    0.9885
...   515 G-C ...
 -119.1730   68.3624 1676.6670
   -0.8015   -0.5971    0.0333
    0.5958   -0.7924    0.1311
   -0.0519    0.1249    0.9908
...   516 G-C ...
 -119.7640   68.9700 1679.8703
   -0.3403   -0.9397    0.0335
    0.9363   -0.3353    0.1039
   -0.0864    0.0668    0.9940
...   517 A-T ...
 -120.0327   69.3499 1683.1989
    0.2604   -0.9654    0.0147
    0.9635    0.2608    0.0611
   -0.0628   -0.0017    0.9980
...   518 C-G ...
 -120.5707   68.8733 1686.5622
    0.7266   -0.6865    0.0262
    0.6855    0.7270    0.0380
   -0.0451   -0.0096    0.9989
...   519 A-T ...
 -120.6303   68.9973 1689.9479
    0.9883   -0.1418   -0.0560
    0.1445    0.9884    0.0464
    0.0487   -0.0540    0.9974
...   520 G-C ...
 -120.2230   68.6222 1693.2953
    0.9027    0.4224   -0.0814
   -0.4186    0.9062    0.0603
    0.0993   -0.0204    0.9949
...   521 G-C ...
 -119.5277   68.2725 1696.5162
    0.5185    0.8491   -0.1012
   -0.8427    0.5275    0.1075
    0.1446    0.0295    0.9890
...   522 A-T ...
 -119.0941   68.2235 1699.8487
   -0.0653    0.9935   -0.0932
   -0.9887   -0.0518    0.1410
    0.1352    0.1014    0.9856
...   523 T-A ...
 -118.0988   68.7061 1703.1018
   -0.5649    0.8250    0.0163
   -0.8126   -0.5597    0.1624
    0.1432    0.0785    0.9866
...   524 G-C ...
 -117.9873   69.0380 1706.4722
   -0.9391    0.3435    0.0090
   -0.3380   -0.9282    0.1554
    0.0617    0.1429    0.9878
...   525 T-A ...
 -117.5566   70.0592 1709.7279
   -0.9779   -0.1943    0.0768
    0.2036   -0.9686    0.1426
    0.0467    0.1551    0.9868
...   526 A-T ...
 -117.5184   70.4766 1713.0416
   -0.6695   -0.7404    0.0599
    0.7421   -0.6631    0.0979
   -0.0328    0.1100    0.9934
...   527 A-T ...
 -117.7573   70.9264 1716.2789
   -0.1170   -0.9896    0.0832
    0.9931   -0.1158    0.0188
   -0.0090    0.0848    0.9964
...   528 C-G ...
 -118.2652   70.8990 1719.6803
    0.4195   -0.9056    0.0625
    0.9077    0.4182   -0.0339
    0.0045    0.0710    0.9975
...   529 C-G ...
 -118.5253   70.7164 1722.9786
    0.8463   -0.5319   -0.0287
    0.5309    0.8466   -0.0367
    0.0438    0.0158    0.9989
...   530 T-A ...
 -118.4877   70.4751 1726.3626
    0.9959    0.0160   -0.0893
   -0.0138    0.9996    0.0252
    0.0897   -0.0239    0.9957
...   531 G-C ...
 -117.9247   70.6700 1729.6984
    0.7939    0.5875   -0.1564
   -0.5784    0.8092    0.1036
    0.1875    0.0082    0.9822
...   532 C-G ...
 -117.2243   70.6715 1733.0058
    0.3265    0.9417   -0.0815
   -0.9250    0.3361    0.1773
    0.1943    0.0176    0.9808
...   533 A-T ...
 -116.7442   70.7533 1736.3592
   -0.2828    0.9572   -0.0622
   -0.9390   -0.2631    0.2217
    0.1958    0.1211    0.9731
...   534 G-C ...
 -116.0116   71.4604 1739.5957
   -0.7594    0.6506    0.0102
   -0.6343   -0.7437    0.2108
    0.1448    0.1536    0.9775
...   535 A-T ...
 -115.3878   71.9006 1742.8688
   -0.9935    0.0985    0.0576
   -0.0881   -0.9828    0.1623
    0.0726    0.1561    0.9851
...   536 T-A ...
 -115.2034   72.9817 1746.1250
   -0.8933   -0.4213    0.1564
    0.4389   -0.8927    0.1025
    0.0964    0.1602    0.9824
...   537 A-T ...
 -114.9699   73.3910 1749.4318
   -0.4672   -0.8784    0.1005
    0.8836   -0.4678    0.0185
    0.0308    0.0975    0.9948
...   538 C-G ...
 -115.4244   73.6015 1752.8343
    0.0630   -0.9950    0.0772
    0.9973    0.0598   -0.0432
    0.0384    0.0797    0.9961
...   539 T-A ...
 -115.5984   73.7893 1756.2175
    0.5951   -0.8036   -0.0042
    0.8030    0.5948   -0.0380
    0.0330    0.0193    0.9993
...   540 A-T ...
 -115.3464   73.7894 1759.5481
    0.9483   -0.2966   -0.1126
    0.2985    0.9544    0.0002
    0.1074   -0.0338    0.9936
...   541 C-G ...
 -114.7621   73.1479 1762.8760
    0.9624    0.2467   -0.1141
   -0.2421    0.9688    0.0527
    0.1235   -0.0231    0.9921
...   542 C-G ...
 -114.0022   72.7262 1766.0736
    0.6635    0.7371   -0.1285
   -0.7252    0.6758    0.1321
    0.1842    0.0055    0.9829
...   543 A-T ...
 -113.5342   72.8358 1769.4279
    0.1068    0.9862   -0.1264
   -0.9684    0.1320    0.2116
    0.2254    0.0998    0.9691
...   544 A-T ...
 -112.6405   73.1621 1772.5638
   -0.4772    0.8788   -0.0026
   -0.8575   -0.4650    0.2199
    0.1921    0.1072    0.9755
...   545 A-T ...
 -111.8857   73.6050 1775.7220
   -0.8890    0.4461    0.1031
   -0.4286   -0.8901    0.1550
    0.1609    0.0936    0.9825
...   546 A-T ...
 -111.3096   74.0617 1778.9155
   -0.9766   -0.1522    0.1516
    0.1600   -0.9863    0.0407
    0.1434    0.0640    0.9876
...   547 G-C ...
 -111.1125   74.3914 1782.2866
   -0.7388   -0.6679    0.0898
    0.6656   -0.7440   -0.0576
    0.1053    0.0172    0.9943
...   548 T-A ...
 -111.1289   74.9030 1785.6875
   -0.2830   -0.9585    0.0342
    0.9551   -0.2849   -0.0811
    0.0874    0.0097    0.9961
...   549 G-C ...
 -110.6508   74.6036 1789.0287
    0.3077   -0.9443   -0.1168
    0.9474    0.3154   -0.0541
    0.0879   -0.0940    0.9917
...   550 T-A ...
 -110.9171   74.1227 1792.4237
    0.7565   -0.6388   -0.1400
    0.6481    0.7610    0.0299
    0.0874   -0.1133    0.9897
...   551 A-T ...
 -110.4731   73.7156 1795.7091
    0.9820   -0.0547   -0.1809
    0.0799    0.9877    0.1347
    0.1713   -0.1468    0.9742
...   552 T-A ...
 -109.8274   72.6684 1798.9172
    0.8850    0.4615   -0.0621
   -0.4416    0.8740    0.2026
    0.1478   -0.1519    0.9773
...   553 T-A ...
 -109.1100   72.0441 1802.0533
    0.4661    0.8826    0.0612
   -0.8660    0.4409    0.2357
    0.1811   -0.1628    0.9699
...   554 T-A ...
 -108.2511   71.5463 1805.1764
   -0.1213    0.9760    0.1810
   -0.9691   -0.1559    0.1913
    0.2149   -0.1522    0.9647
...   555 G-C ...
 -107.8226   71.2513 1808.5248
   -0.6746    0.7203    0.1617
   -0.7178   -0.6912    0.0841
    0.1723   -0.0593    0.9833
...   556 G-C ...
 -107.1073   71.4993 1811.7507
   -0.9668    0.2278    0.1155
   -0.2300   -0.9732   -0.0057
    0.1111   -0.0321    0.9933
...   557 A-T ...
 -106.5779   71.3887 1815.0679
   -0.9308   -0.3649    0.0195
    0.3626   -0.9289   -0.0757
    0.0458   -0.0634    0.9969
...   558 A-T ...
 -106.5050   71.3211 1818.3435
   -0.5512   -0.8329   -0.0501
    0.8325   -0.5450   -0.0995
    0.0556   -0.0965    0.9938
...   559 A-T ...
 -106.4665   71.0742 1821.6111
    0.0299   -0.9923   -0.1206
    0.9961    0.0395   -0.0786
    0.0828   -0.1178    0.9896
...   560 C-G ...
 -106.6102   70.2909 1824.9568
    0.5446   -0.8229   -0.1620
    0.8329    0.5533   -0.0103
    0.0981   -0.1293    0.9867
...   561 T-A ...
 -106.5011   69.6314 1828.2832
    0.9057   -0.3809   -0.1859
    0.4056    0.9062    0.1193
    0.1230   -0.1835    0.9753
...   562 G-C ...
 -105.7360   69.1579 1831.5501
    0.9573    0.2267   -0.1792
   -0.1820    0.9547    0.2354
    0.2245   -0.1928    0.9552
...   563 C-G ...
 -104.9283   68.4571 1834.7573
    0.6848    0.7283   -0.0256
   -0.6900    0.6593    0.2988
    0.2345   -0.1869    0.9540
...   564 T-A ...
 -103.8800   67.6684 1837.8863
    0.1860    0.9776    0.0983
   -0.9414    0.1486    0.3029
    0.2815   -0.1489    0.9479
...   565 C-G ...
 -102.9092   67.5569 1841.1021
   -0.4009    0.8940    0.1999
   -0.8659   -0.4411    0.2358
    0.2990   -0.0785    0.9510
...   566 C-G ...
 -101.6677   67.7213 1844.1698
   -0.8269    0.5102    0.2364
   -0.4982   -0.8597    0.1129
    0.2608   -0.0244    0.9651
...   567 A-T ...
 -100.8410   67.4656 1847.4461
   -0.9841   -0.0742    0.1614
    0.0730   -0.9972   -0.0135
    0.1619   -0.0015    0.9868
...   568 T-A ...
 -100.4416   68.0011 1850.8164
   -0.7998   -0.5801    0.1540
    0.5712   -0.8145   -0.1016
    0.1844    0.0067    0.9828
...   569 C-G ...
 -100.1112   67.7632 1854.1527
   -0.3395   -0.9405    0.0127
    0.9325   -0.3383   -0.1264
    0.1231   -0.0311    0.9919
...   570 A-T ...
  -99.5154   67.6353 1857.4860
    0.2451   -0.9562   -0.1603
    0.9622    0.2602   -0.0807
    0.1189   -0.1345    0.9838
...   571 A-T ...
  -99.2739   67.1340 1860.7155
    0.7531   -0.6269   -0.1994
    0.6399    0.7685    0.0007
    0.1528   -0.1282    0.9799
...   572 A-T ...
  -98.8596   66.5795 1863.9187
    0.9807   -0.0648   -0.1842
    0.0825    0.9925    0.0898
    0.1770   -0.1033    0.9788
...   573 A-T ...
  -98.2728   66.0826 1867.1044
    0.8440    0.5227   -0.1204
   -0.5043    0.8497    0.1538
    0.1826   -0.0691    0.9808
...   574 G-C ...
  -97.3503   65.8567 1870.3616
    0.4209    0.9039   -0.0759
   -0.8848    0.4275    0.1856
    0.2002   -0.0109    0.9797
...   575 G-C ...
  -96.2360   65.8407 1873.4821
   -0.1452    0.9890   -0.0272
   -0.9683   -0.1364    0.2091
    0.2031    0.0567    0.9775
...   576 C-G ...
  -95.4960   66.0798 1876.7722
   -0.6689    0.7385    0.0847
   -0.7165   -0.6709    0.1913
    0.1982    0.0673    0.9779
...   577 A-T ...
  -94.9264   66.1588 1880.1116
   -0.9742    0.2106    0.0816
   -0.1983   -0.9704    0.1380
    0.1082    0.1182    0.9871
...   578 T-A ...
  -94.5587   67.1171 1883.3907
   -0.9331   -0.3199    0.1643
    0.3344   -0.9399    0.0693
    0.1322    0.1196    0.9840
...   579 G-C ...
  -94.2710   67.1799 1886.7664
   -0.5812   -0.8102    0.0764
    0.8123   -0.5833   -0.0057
    0.0492    0.0587    0.9971
...   580 T-A ...
  -94.5675   67.7414 1890.1465
   -0.0713   -0.9962    0.0499
    0.9969   -0.0729   -0.0298
    0.0333    0.0476    0.9983
...   581 T-A ...
  -94.6960   67.7621 1893.4210
    0.5179   -0.8552    0.0181
    0.8554    0.5176   -0.0177
    0.0058    0.0247    0.9997
...   582 C-G ...
  -94.4386   67.5355 1896.7644
    0.9122   -0.4064   -0.0517
    0.4079    0.9128    0.0206
    0.0389   -0.0399    0.9984
...   583 A-T ...
  -94.2709   67.5790 1900.1486
    0.9721    0.1955   -0.1293
   -0.1867    0.9794    0.0768
    0.1417   -0.0505    0.9886
...   584 G-C ...
  -93.5021   67.3077 1903.4421
    0.7034    0.6996   -0.1258
   -0.6881    0.7146    0.1259
    0.1779   -0.0020    0.9840
...   585 C-G ...
  -92.8309   67.2850 1906.7554
    0.1899    0.9808   -0.0437
   -0.9645    0.1947    0.1783
    0.1834    0.0083    0.9830
...   586 T-A ...
  -91.9019   67.3149 1910.0185
   -0.3756    0.9266    0.0161
   -0.9042   -0.3702    0.2129
    0.2032    0.0654    0.9769
...   587 G-C ...
  -91.5625   67.6811 1913.3701
   -0.8433    0.5360    0.0387
   -0.5195   -0.8316    0.1965
    0.1375    0.1456    0.9797
...   588 G-C ...
  -91.0802   68.6194 1916.5112
   -0.9971   -0.0164    0.0745
    0.0279   -0.9874    0.1556
    0.0710    0.1573    0.9850
...   589 A-T ...
  -90.6894   69.1826 1919.8016
   -0.8060   -0.5867    0.0783
    0.5917   -0.8022    0.0802
    0.0157    0.1110    0.9937
...   590 T-A ...
  -91.0512   69.9353 1923.1345
   -0.3822   -0.9146    0.1318
    0.9236   -0.3828    0.0216
    0.0307    0.1299    0.9910
...   591 T-A ...
  -91.2187   70.3075 1926.3861
    0.2219   -0.9683    0.1146
    0.9751    0.2206   -0.0234
   -0.0026    0.1170    0.9931
...   592 C-G ...
  -91.0990   70.3322 1929.7448
    0.7385   -0.6738    0.0245
    0.6742    0.7375   -0.0393
    0.0084    0.0455    0.9989
...   593 C-G ...
  -91.1635   69.9916 1933.0402
    0.9847   -0.1622   -0.0635
    0.1613    0.9867   -0.0204
    0.0660    0.0098    0.9978
...   594 A-T ...
  -90.9507   70.2067 1936.4153
    0.8873    0.4316   -0.1623
   -0.4295    0.9017    0.0500
    0.1679    0.0254    0.9855
...   595 G-C ...
  -90.0780   70.2672 1939.6934
    0.4988    0.8503   -0.1678
   -0.8455    0.5199    0.1214
    0.1905    0.0813    0.9783
...   596 C-G ...
  -89.3629   70.5439 1942.9861
   -0.0680    0.9944   -0.0808
   -0.9788   -0.0508    0.1983
    0.1931    0.0926    0.9768
...   597 T-A ...
  -88.4131   70.9352 1946.2197
   -0.5996    0.8003   -0.0037
   -0.7755   -0.5799    0.2496
    0.1976    0.1526    0.9683
...   598 G-C ...
  -88.1175   71.5045 1949.5470
   -0.9515    0.3045    0.0444
   -0.2860   -0.9283    0.2377
    0.1135    0.2135    0.9703
...   599 A-T ...
  -87.5804   72.2050 1952.7900
   -0.9503   -0.2943    0.1014
    0.3078   -0.9371    0.1649
    0.0465    0.1879    0.9811
...   600 A-T ...
  -87.4967   72.9625 1955.9773
   -0.5987   -0.7856    0.1560
    0.7991   -0.5991    0.0498
    0.0544    0.1545    0.9865
...   601 C-G ...
  -87.8829   73.4579 1959.3586
   -0.0937   -0.9856    0.1409
    0.9938   -0.1010   -0.0455
    0.0591    0.1358    0.9890
...   602 A-T ...
  -87.5026   73.9385 1962.6913
    0.4867   -0.8735   -0.0094
    0.8698    0.4855   -0.0879
    0.0813    0.0347    0.9961
...   603 T-A ...
  -87.6516   73.6917 1966.1151
    0.8686   -0.4945   -0.0303
    0.4913    0.8676   -0.0769
    0.0643    0.0519    0.9966
...   604 G-C ...
  -87.0709   73.9701 1969.4419
    0.9820    0.0889   -0.1669
   -0.0925    0.9956   -0.0137
    0.1649    0.0289    0.9859
...   605 C-G ...
  -86.4689   74.0107 1972.7684
    0.7563    0.6352   -0.1565
   -0.6302    0.7716    0.0863
    0.1756    0.0334    0.9839
...   606 C-G ...
  -85.4280   73.9593 1975.9138
    0.2760    0.9502   -0.1450
   -0.9362    0.2999    0.1832
    0.2176    0.0852    0.9723
...   607 T-A ...
  -84.3868   74.2147 1979.1328
   -0.2897    0.9549   -0.0655
   -0.9259   -0.2623    0.2717
    0.2423    0.1393    0.9601
...   608 T-A ...
  -83.4293   74.8744 1982.1967
   -0.7730    0.6268    0.0985
   -0.5793   -0.7605    0.2934
    0.2588    0.1697    0.9509
...   609 T-A ...
  -82.5701   75.6967 1985.2504
   -0.9670    0.0709    0.2448
   -0.0168   -0.9762    0.2161
    0.2543    0.2048    0.9452
...   610 T-A ...
  -81.8827   76.5981 1988.3253
   -0.8001   -0.5076    0.3196
    0.5538   -0.8299    0.0683
    0.2306    0.2316    0.9451
...   611 G-C ...
  -81.1690   77.0180 1991.6111
   -0.3571   -0.9110    0.2061
    0.9190   -0.3821   -0.0967
    0.1668    0.1549    0.9737
...   612 A-T ...
  -80.5844   77.6908 1994.8517
    0.2184   -0.9749    0.0434
    0.9576    0.2055   -0.2020
    0.1880    0.0856    0.9784
...   613 T-A ...
  -80.4499   77.7598 1998.2844
    0.6872   -0.7250   -0.0447
    0.7046    0.6803   -0.2016
    0.1766    0.1071    0.9784
...   614 G-C ...
  -79.4814   78.1119 2001.5124
    0.9453   -0.2114   -0.2483
    0.1898    0.9758   -0.1083
    0.2652    0.0553    0.9626
...   615 G-C ...
  -78.4844   77.8435 2004.6610
    0.8754    0.3529   -0.3305
   -0.3547    0.9332    0.0571
    0.3286    0.0672    0.9421
...   616 A-T ...
  -77.5042   77.9840 2007.8729
    0.4914    0.8153   -0.3063
   -0.7926    0.5644    0.2307
    0.3610    0.1294    0.9235
...   617 G-C ...
  -76.0286   78.5517 2010.8748
   -0.0417    0.9816   -0.1862
   -0.9356    0.0270    0.3521
    0.3506    0.1889    0.9173
...   618 C-G ...
  -74.7880   79.2273 2013.9463
   -0.5666    0.8232    0.0349
   -0.7474   -0.5313    0.3989
    0.3469    0.1999    0.9163
...   619 A-T ...
  -73.7246   79.7768 2017.1164
   -0.9234    0.3463    0.1658
   -0.2776   -0.9005    0.3347
    0.2652    0.2630    0.9276
...   620 G-C ...
  -73.0330   80.8993 2020.2427
   -0.9397   -0.2160    0.2652
    0.2687   -0.9460    0.1816
    0.2117    0.2419    0.9469
...   621 T-A ...
  -72.4507   82.2800 2023.3382
   -0.6630   -0.6817    0.3094
    0.7234   -0.6898    0.0304
    0.1927    0.2440    0.9504
...   622 T-A ...
  -72.0864   83.1297 2026.4822
   -0.1239   -0.9563    0.2649
    0.9797   -0.1602   -0.1202
    0.1574    0.2446    0.9567
...   623 T-A ...
  -71.8136   83.8197 2029.6742
    0.4644   -0.8742    0.1415
    0.8762    0.4303   -0.2172
    0.1290    0.2248    0.9658
...   624 C-G ...
  -71.1648   84.2500 2032.9438
    0.8733   -0.4832   -0.0626
    0.4610    0.8610   -0.2149
    0.1578    0.1588    0.9746
...   625 C-G ...
  -70.6143   84.2782 2036.2112
    0.9713    0.0574   -0.2307
   -0.0870    0.9889   -0.1205
    0.2213    0.1371    0.9655
...   626 A-T ...
  -69.9197   84.9156 2039.4660
    0.7190    0.5990   -0.3525
   -0.6206    0.7817    0.0627
    0.3130    0.1737    0.9337
...   627 A-T ...
  -68.7816   85.3725 2042.5050
    0.2212    0.9364   -0.2723
   -0.9300    0.2866    0.2300
    0.2935    0.2024    0.9343
...   628 A-T ...
  -67.6689   86.0089 2045.5210
   -0.3632    0.9252   -0.1102
   -0.8942   -0.3129    0.3202
    0.2617    0.2149    0.9409
...   629 T-A ...
  -66.3299   87.0123 2048.5220
   -0.7677    0.6339    0.0936
   -0.5783   -0.7484    0.3248
    0.2760    0.1952    0.9411
...   630 A-T ...
  -65.5575   87.6931 2051.6995
   -0.9814    0.0511    0.1848
   -0.0066   -0.9723    0.2338
    0.1916    0.2283    0.9546
...   631 C-G ...
  -65.2675   88.9111 2054.9026
   -0.8435   -0.4688    0.2622
    0.5063   -0.8569    0.0966
    0.1794    0.2142    0.9602
...   632 A-T ...
  -64.5369   89.5022 2058.1582
   -0.4147   -0.8933    0.1736
    0.9031   -0.4274   -0.0418
    0.1115    0.1394    0.9839
...   633 C-G ...
  -64.7067   89.8317 2061.5774
    0.1165   -0.9873    0.1081
    0.9859    0.1018   -0.1327
    0.1200    0.1220    0.9852
...   634 T-A ...
  -64.5979   90.1501 2064.9535
    0.6299   -0.7762   -0.0266
    0.7677    0.6275   -0.1302
    0.1178    0.0616    0.9911
...   635 T-A ...
  -64.2917   90.0907 2068.2158
    0.9571   -0.2709   -0.1024
    0.2664    0.9622   -0.0557
    0.1136    0.0261    0.9932
...   636 T-A ...
  -63.8357   89.9162 2071.4563
    0.9344    0.3350   -0.1211
   -0.3315    0.9422    0.0488
    0.1305   -0.0055    0.9914
...   637 T-A ...
  -63.1924   89.7353 2074.6646
    0.5701    0.8181   -0.0759
   -0.8054    0.5747    0.1449
    0.1622   -0.0214    0.9865
...   638 G-C ...
  -62.7130   90.0365 2078.0055
   -0.0129    0.9970   -0.0762
   -0.9810    0.0021    0.1938
    0.1934    0.0772    0.9781
...   639 G-C ...
  -61.6757   90.5059 2081.1173
   -0.5595    0.8285   -0.0228
   -0.8119   -0.5423    0.2161
    0.1667    0.1394    0.9761
...   640 T-A ...
  -60.6201   91.2768 2084.2984
   -0.9034    0.4209    0.0816
   -0.3971   -0.8932    0.2108
    0.1616    0.1581    0.9741
...   641 A-T ...
  -60.2339   91.7936 2087.5756
   -0.9737   -0.2021    0.1051
    0.2164   -0.9647    0.1498
    0.0711    0.1686    0.9831
...   642 G-C ...
  -60.2890   92.4599 2090.9020
   -0.7013   -0.7042    0.1105
    0.7120   -0.6997    0.0592
    0.0356    0.1202    0.9921
...   643 T-A ...
  -60.5697   93.2956 2094.2263
   -0.2260   -0.9676    0.1130
    0.9740   -0.2266    0.0077
    0.0181    0.1118    0.9936
...   644 A-T ...
  -60.4659   93.5196 2097.5572
    0.3910   -0.9204    0.0089
    0.9200    0.3905   -0.0321
    0.0261    0.0207    0.9994
...   645 T-A ...
  -60.8405   93.2727 2100.9638
    0.8115   -0.5841    0.0143
    0.5842    0.8107   -0.0386
    0.0109    0.0397    0.9992
...   646 C-G ...
  -60.4639   93.2140 2104.3031
    0.9976   -0.0179   -0.0667
    0.0183    0.9998    0.0056
    0.0666   -0.0068    0.9978
...   647 T-A ...
  -60.1814   92.8814 2107.6678
    0.8418    0.5308   -0.0980
   -0.5248    0.8473    0.0813
    0.1262   -0.0170    0.9919
...   648 G-C ...
  -59.6748   93.1950 2111.0036
    0.3724    0.9188   -0.1310
   -0.9078    0.3900    0.1545
    0.1930    0.0614    0.9793
...   649 C-G ...
  -58.9522   93.4152 2114.2988
   -0.2074    0.9777   -0.0318
   -0.9588   -0.1967    0.2049
    0.1940    0.0730    0.9783
...   650 A-T ...
  -58.4579   93.5885 2117.6467
   -0.7368    0.6761   -0.0057
   -0.6611   -0.7186    0.2158
    0.1419    0.1627    0.9764
...   651 G-C ...
  -58.0730   94.4323 2120.9104
   -0.9848    0.1650    0.0541
   -0.1533   -0.9725    0.1750
    0.0815    0.1641    0.9831
...   652 G-C ...
  -57.9565   95.4087 2124.0746
   -0.9115   -0.4044    0.0754
    0.4111   -0.9024    0.1293
    0.0158    0.1488    0.9887
...   653 T-A ...
  -58.1224   96.4531 2127.3472
   -0.5622   -0.8183    0.1197
    0.8270   -0.5556    0.0857
   -0.0036    0.1472    0.9891
...   654 G-C ...
  -58.0598   96.5805 2130.7328
    0.0161   -0.9987    0.0490
    0.9993    0.0177    0.0334
   -0.0342    0.0484    0.9982
...   655 A-T ...
  -58.2100   96.8962 2134.0755
    0.5843   -0.8114   -0.0131
    0.8114    0.5844   -0.0057
    0.0123   -0.0073    0.9999
...   656 T-A ...
  -58.5502   96.4597 2137.4666
    0.9203   -0.3912    0.0092
    0.3912    0.9203   -0.0046
   -0.0067    0.0079    0.9999
...   657 T-A ...
  -58.5211   96.2169 2140.7346
    0.9771    0.2128   -0.0005
   -0.2127    0.9768    0.0263
    0.0061   -0.0256    0.9997
...   658 C-G ...
  -58.1311   96.2564 2144.0727
    0.6786    0.7333   -0.0419
   -0.7304    0.6797    0.0674
    0.0779   -0.0151    0.9968
...   659 T-A ...
  -57.5999   96.0420 2147.4169
    0.1659    0.9852   -0.0435
   -0.9782    0.1700    0.1195
    0.1251    0.0227    0.9919
...   660 C-G ...
  -57.1606   96.5071 2150.7164
   -0.4296    0.9027   -0.0234
   -0.8918   -0.4201    0.1679
    0.1418    0.0930    0.9855
...   661 C-G ...
  -56.4307   97.2269 2153.8674
   -0.8552    0.5183    0.0107
   -0.5083   -0.8424    0.1789
    0.1017    0.1476    0.9838
...   662 A-T ...
  -56.1430   97.5560 2157.2276
   -0.9971   -0.0748    0.0135
    0.0760   -0.9824    0.1704
    0.0006    0.1709    0.9853
...   663 G-C ...
  -56.4207   98.2670 2160.5335
   -0.7931   -0.6075    0.0449
    0.6077   -0.7840    0.1264
   -0.0416    0.1275    0.9910
