# i j
4878 4881
6798 6801
5788 5789
5988 5989
6946 6947
6359 6362
6803 6806
7315 7318
4495 4499
4432 4433
6878 6881
4270 4272
4788 4789
7500 7501
4778 4780
5290 5292
6384 6388
5027 5028
4754 4756
5539 5540
6227 6229
6306 6308
5461 5466
4949 4951
6238 6242
6861 6863
6761 6762
4477 4481
5881 5883
6239 6242
6243 6247
6880 6883
7539 7540
7861 7862
6801 6805
6396 6401
6862 6865
5416 5421
4254 4256
7374 7377
4420 4424
4886 4890
5398 5402
5488 5491
6784 6787
4903 4905
6738 6743
5020 5022
7268 7270
5786 5789
4509 4511
5353 5355
6223 6226
7535 7536
3920 3922
4256 4258
5472 5474
6323 6325
5934 5937
6830 6833
7017 7022
4888 4892
7348 7350
3944 3947
4232 4235
6453 6455
4913 4916
7304 7307
6334 6335
5951 5954
6335 6338
6978 6979
3979 3980
5259 5260
5459 5460
5925 5928
4489 4493
6284 6287
6214 6216
6969 6970
4384 4388
4923 4924
5435 5436
4412 4415
4360 4365
4840 4845
5302 5303
6986 6987
7769 7771
6994 6995
4931 4935
7282 7285
6469 6472
6887 6889
6814 6817
5257 5259
6754 6756
4363 4365
7266 7268
7777 7779
6780 6781
3998 4002
5901 5903
7821 7823
5779 5784
6953 6954
7465 7466
4960 4963
6816 6819
4907 4908
6289 6290
4925 4928
4239 4240
5455 5456
6741 6744
6851 6852
7311 7312
4942 4945
5904 5909
6930 6935
5860 5862
7788 7789
5446 5450
4367 4370
7439 7442
4325 4329
6466 6470
5910 5912
7830 7832
3933 3934
6793 6794
3902 3903
4290 4291
4227 4229
6241 6242
6388 6391
3942 3943
5528 5529
6954 6958
4323 4326
7395 7398
4343 4347
4787 4791
5299 5303
4347 4348
4917 4920
6420 6425
4303 4308
4493 4497
3986 3987
4974 4975
6255 6257
6321 6322
7537 7538
7272 7274
5947 5950
5787 5788
4505 4509
4892 4895
6786 6790
4822 4824
5845 5847
3896 3898
4327 4331
6747 6751
4331 4332
5303 5304
5976 5981
4269 4270
4469 4470
5949 5951
7341 7342
7541 7542
6780 6785
4391 4394
5551 5554
6311 6314
4400 4402
7263 7265
6765 6769
7281 7286
6907 6911
4306 4311
6426 6429
5960 5962
6440 6442
4291 4294
4751 4754
5967 5970
6727 6730
5977 5981
3924 3926
4268 4270
5428 5430
7340 7342
7849 7853
6810 6814
5906 5909
5451 5452
5911 5912
4756 4759
3910 3912
5812 5816
7258 7259
4986 4989
7854 7858
6365 6368
5912 5913
5985 5989
6360 6361
7439 7441
4930 4932
4287 4289
4990 4992
4388 4389
5337 5339
6960 6963
6755 6757
7389 7391
6330 6335
4811 4813
4516 4519
4945 4947
6865 6867
5974 5976
4970 4973
4766 4770
5482 5485
6933 6935
7807 7810
5991 5995
6458 6461
6250 6254
4237 4242
6735 6736
4482 4484
6921 6924
7433 7436
6987 6992
6257 6259
7480 7484
6390 6394
5400 5402
4817 4820
6771 6774
4402 4405
6912 6915
7424 7427
6265 6268
4515 4517
4353 4354
6427 6429
4954 4957
6726 6730
6874 6877
5825 5829
6348 6353
6399 6403
7014 7017
4924 4925
6442 6445
6234 6238
6295 6296
4377 4380
5391 5393
5833 5837
6881 6882
4904 4908
6892 6895
6981 6986
7863 7868
4462 4466
4464 4466
4853 4856
6834 6836
7273 7276
5369 5373
4998 5001
4807 4812
7407 7408
5274 5276
6274 6277
6915 6919
3951 3953
6918 6919
4908 4909
5332 5333
4425 4427
7497 7499
5791 5795
6975 6979
6307 6308
5003 5005
7763 7765
4900 4903
5412 5415
5492 5494
6876 6879
7388 7391
6926 6927
7538 7539
7775 7778
6944 6947
7456 7459
6459 6461
6325 6329
4804 4806
4794 4797
7866 7869
7434 7438
5783 5787
6927 6928
4297 4300
7369 7372
3946 3947
4246 4247
5784 5786
3980 3984
4802 4805
5415 5417
7335 7337
7481 7484
5788 5790
5988 5990
6900 6901
7436 7437
3997 3999
5277 5279
4495 4498
4432 4434
4270 4273
4788 4790
6820 6824
7500 7502
4778 4781
5290 5293
7411 7412
4378 4382
6384 6389
7450 7454
5027 5031
4754 4757
5539 5543
6227 6228
6306 6309
6991 6993
5461 5465
5338 5339
5798 5799
4949 4950
6861 6862
7447 7449
4477 4480
5881 5882
6957 6962
6243 6246
6880 6884
7539 7543
5418 5419
6884 6885
6801 6804
3917 3921
5458 5459
4299 4302
5271 5274
5932 5936
4254 4257
4420 4425
5486 5488
5398 5403
5488 5492
6784 6788
4903 4904
6738 6740
4819 4821
4891 4896
5331 5333
5020 5023
7268 7271
7767 7769
4509 4510
5353 5354
4252 4256
7836 7840
3920 3923
4256 4259
5472 5475
6323 6324
3968 3969
7017 7021
4888 4893
7348 7351
3944 3948
4232 4236
5908 5912
6453 6454
3979 3983
5459 5463
4489 4492
6214 6217
3953 3955
7482 7486
4384 4389
5435 5439
6811 6813
5306 5307
3988 3989
7316 7317
6221 6224
7769 7770
4931 4934
5903 5906
6887 6888
4279 4281
7403 7405
4977 4980
6833 6836
5257 5258
6990 6991
7346 7347
6754 6757
4363 4364
7266 7269
7777 7778
7365 7370
6780 6782
5901 5902
7821 7822
4966 4970
6730 6734
4960 4964
6816 6820
4907 4911
5802 5803
6486 6487
3932 3933
5028 5029
5928 5929
6824 6825
5282 5283
6238 6239
4491 4494
5455 5459
7311 7315
5479 5481
4000 4001
4486 4487
5324 5325
6964 6965
7802 7803
6414 6418
5933 5936
6930 6932
4939 4941
5399 5401
7442 7444
5860 5863
4994 4998
7788 7790
5446 5451
7023 7028
4349 4353
5473 5478
4325 4328
5910 5913
7830 7833
4490 4494
5927 5930
7847 7850
4227 4228
5528 5530
6954 6959
5818 5822
4343 4346
4787 4790
5299 5302
6506 6508
4493 4496
6255 6256
4313 4317
6756 6760
4341 4343
7272 7275
7413 7415
4505 4508
5519 5521
6471 6473
6786 6791
4822 4825
5845 5846
3896 3899
5381 5383
3907 3912
6424 6425
4327 4330
6747 6750
4331 4335
5303 5307
6962 6964
7474 7476
5949 5950
4442 4444
7514 7516
3998 3999
6849 6854
5836 5840
4400 4403
7263 7264
4293 4296
5359 5361
5853 5855
6765 6768
7281 7285
6907 6910
4306 4308
7378 7380
5960 5963
6440 6443
6748 6752
5977 5980
3924 3927
4268 4271
5428 5431
3974 3976
5390 5392
7340 7343
6810 6815
5019 5022
5911 5915
3910 3913
5812 5817
7854 7859
5912 5914
5985 5988
6360 6362
5992 5993
4930 4933
4287 4288
4990 4993
4388 4390
6478 6482
5337 5338
6960 6964
6755 6756
6363 6368
7389 7390
7242 7245
6330 6332
4811 4812
4945 4946
4373 4377
5974 5977
6865 6866
5350 5351
6933 6934
6213 6215
4760 4761
5272 5273
5991 5994
4274 4276
5953 5955
5546 5547
6337 6339
4996 5000
5383 5388
6812 6813
7012 7013
7324 7325
7524 7525
4237 4241
4993 4998
6735 6739
4482 4485
4768 4769
6257 6258
6390 6395
5400 5403
4742 4746
6314 6316
5961 5963
5949 5954
6429 6434
6912 6916
4515 4516
6427 6428
7826 7828
6726 6731
5982 5986
5825 5828
3965 3969
6905 6907
7417 7419
6399 6402
4924 4926
7838 7839
6234 6239
5898 5902
5295 5298
6295 6299
5391 5392
5833 5836
6981 6985
5361 5363
7492 7496
4462 4467
4464 4467
6834 6837
4857 4860
5369 5372
5274 5277
6915 6918
3951 3952
7841 7843
4908 4910
5284 5288
5332 5334
4425 4426
7497 7498
5791 5794
6975 6978
7487 7490
6307 6311
5003 5004
7763 7764
5492 5495
5454 5456
7456 7460
6459 6460
6325 6328
4804 4807
5930 5931
5348 5349
5793 5796
7434 7439
4398 4399
4766 4767
5783 5786
7522 7523
6927 6931
6254 6256
5784 5787
5415 5416
7335 7336
5527 5529
5788 5791
5988 5991
6900 6902
3997 3998
5277 5278
5534 5538
7436 7438
5505 5508
4478 4479
4432 4435
4859 4861
4457 4461
4788 4791
7500 7503
4893 4896
4378 4383
5005 5010
5027 5030
5539 5542
6991 6992
5461 5464
6238 6240
6957 6961
4876 4880
7539 7542
5275 5277
6884 6886
5780 5781
6508 6509
4381 4383
6982 6986
3917 3920
4843 4845
5486 5489
4886 4888
5398 5400
6261 6263
5488 5493
4903 4907
6738 6741
4819 4820
5331 5332
7767 7768
4912 4913
5786 5787
7768 7769
4252 4257
7836 7841
7535 7538
3920 3924
4256 4260
3968 3970
7017 7020
4322 4326
7792 7794
6492 6493
6966 6970
4446 4447
3979 3982
5259 5262
5459 5462
4827 4829
3953 3954
7776 7777
7482 7487
4923 4926
5435 5438
6811 6812
6434 6436
6291 6293
5506 5510
3988 3990
7316 7318
6221 6223
7381 7383
6877 6881
7282 7283
4279 4280
7403 7404
4283 4285
3956 3960
5437 5439
5258 5262
4363 4367
6853 6857
6780 6783
5014 5015
3998 4000
7365 7369
4966 4971
4960 4965
6816 6821
4907 4910
3932 3934
5028 5030
5928 5930
6824 6826
4239 4242
5455 5458
6851 6854
7311 7314
5479 5480
4000 4002
4267 4269
5495 5497
4786 4790
5324 5326
6964 6966
6414 6419
5933 5935
6417 6422
6930 6933
4939 4940
5399 5400
7442 7445
3983 3985
7788 7791
5446 5448
4820 4824
5893 5895
7813 7815
4349 4352
4961 4965
5473 5477
6466 6468
6507 6512
4865 4867
7314 7318
4999 5004
4441 4443
6361 6363
4896 4897
5408 5409
6864 6865
7376 7377
5528 5531
6501 6503
6954 6956
5818 5823
7395 7400
4361 4363
4347 4350
6807 6809
5942 5944
6375 6380
6506 6509
4493 4495
6255 6259
4313 4316
4976 4977
6756 6761
4340 4344
4341 4342
7272 7276
7413 7414
5787 5790
5519 5520
6471 6472
6786 6788
3896 3900
5381 5382
6424 6426
4331 4334
5303 5306
6962 6965
7474 7477
4492 4493
4442 4445
7514 7517
5441 5445
6849 6853
5836 5841
7785 7787
4400 4404
7263 7267
5359 5360
5853 5854
4789 4791
6765 6767
7281 7284
5789 5793
4306 4309
7378 7381
6467 6469
4937 4941
6426 6427
7371 7372
4291 4296
3974 3977
5390 5393
6230 6231
7762 7766
6810 6812
5921 5924
5906 5907
5451 5454
5911 5914
4944 4945
6496 6497
7824 7825
4230 4231
4782 4784
4986 4987
5300 5301
5912 5915
6360 6363
6988 6989
5992 5994
6818 6820
4388 4391
6750 6754
7261 7265
6960 6965
6330 6333
7325 7328
7245 7250
4811 4815
4373 4376
6293 6296
4970 4971
4766 4768
5482 5483
6213 6214
4760 4762
5272 5274
4249 4251
7857 7862
5516 5520
4274 4277
3897 3900
5953 5954
6337 6338
4996 5001
6458 6459
6812 6814
7012 7014
7324 7326
7524 7526
5021 5023
6250 6252
4237 4240
4993 4997
6735 6738
4768 4770
5931 5933
4405 4410
6390 6392
6314 6317
5961 5962
5949 5953
6429 6433
6771 6776
4402 4403
6912 6917
6427 6431
7826 7829
4803 4805
5263 5265
6215 6217
3973 3978
4954 4955
5414 5415
5966 5968
5982 5987
6874 6875
3965 3968
6905 6906
7417 7418
4924 4927
6442 6443
6358 6362
6234 6236
5898 5903
7454 7455
6295 6298
6981 6984
4955 4957
5361 5362
5467 5469
4462 4464
6374 6376
5919 5924
7839 7844
7005 7007
7265 7267
6274 6275
7841 7842
4908 4911
5284 5289
4951 4956
5332 5335
7444 7448
5866 5870
6307 6310
5003 5007
4223 4225
6795 6800
7295 7297
5454 5457
4446 4448
6459 6463
4473 4476
6329 6332
4794 4795
5348 5350
4831 4836
7276 7277
6222 6226
7866 7867
7434 7436
6456 6457
6505 6507
4861 4866
6927 6930
6254 6257
5426 5430
4478 4482
4802 4803
7335 7339
5527 5528
6923 6924
5824 5825
6900 6903
7436 7439
6502 6506
4432 4436
4859 4860
4457 4460
7337 7340
4778 4779
5290 5291
4378 4380
7450 7452
4808 4809
5005 5009
7464 7465
4754 4755
5377 5382
5982 5983
6227 6230
6306 6307
6991 6995
7534 7535
6767 6769
5024 5025
5536 5537
6238 6241
4825 4830
4812 4813
5972 5973
7367 7369
6957 6960
7469 7472
4856 4857
6243 6248
4876 4881
5275 5276
4499 4501
6475 6477
6935 6937
6884 6887
5780 5782
6508 6510
4381 4382
3917 3919
4843 4844
5819 5821
4886 4889
5398 5401
6261 6262
4903 4906
4819 4823
7767 7771
4912 4914
6751 6753
7768 7770
3993 3995
7354 7358
6323 6326
6252 6256
3968 3971
7792 7795
6492 6494
6966 6971
7812 7817
4827 4828
7776 7778
6263 6265
4862 4866
7482 7484
7759 7761
6811 6815
6434 6437
6291 6292
5506 5511
3988 3991
7316 7319
6221 6222
7381 7382
6405 6407
6877 6880
6887 6890
4279 4283
4283 4284
7801 7805
5437 5438
3930 3932
4363 4366
5022 5023
5534 5535
6754 6755
7266 7267
7372 7376
6853 6856
4335 4337
3998 4001
7365 7368
4966 4968
6730 6732
4439 4441
5395 5397
7371 7373
3932 3935
5028 5031
4885 4890
5928 5931
6824 6827
5479 5483
4000 4003
4267 4268
5495 5496
4786 4791
5324 5327
6414 6416
6964 6967
5933 5934
6417 6421
4939 4943
5399 5403
3983 3984
4994 4996
4319 4321
4229 4233
5446 5449
6769 6771
5893 5894
7813 7814
4961 4964
5473 5476
7528 7529
6466 6469
4865 4866
7314 7319
4490 4492
4441 4442
6361 6362
4227 4230
4896 4898
5408 5410
6864 6866
7376 7378
4385 4387
5528 5532
5436 5437
6501 6502
6954 6957
5818 5820
4361 4362
5299 5304
6807 6808
4303 4305
5321 5325
5942 5945
4493 4494
5431 5436
6886 6890
6296 6297
7851 7853
6255 6258
4976 4978
6977 6979
7272 7277
7489 7491
7309 7313
5519 5523
6471 6475
6786 6789
4240 4241
6446 6448
6424 6427
6985 6987
5437 5442
3923 3925
7251 7253
4492 4494
4958 4962
4929 4932
5441 5444
5501 5505
6849 6852
7361 7364
7263 7266
7785 7786
5359 5363
4789 4790
6765 6766
4349 4351
5789 5792
4429 4434
6467 6468
4937 4940
5909 5912
6857 6860
7829 7832
4337 4339
7454 7456
3908 3912
7318 7322
5260 5264
6823 6825
6924 6925
6810 6813
4944 4946
6496 6498
7824 7826
4782 4785
4969 4974
5300 5302
6360 6364
5992 5995
6462 6466
6825 6830
6988 6990
7410 7411
4930 4931
4286 4287
4287 4290
7358 7359
6818 6821
6478 6480
6750 6755
7287 7292
6749 6752
7261 7264
6755 6758
3969 3971
7245 7249
4811 4814
5420 5424
7854 7856
4839 4841
6235 6237
4766 4769
4760 4763
5272 5275
5861 5863
7773 7775
4249 4250
7857 7861
6812 6815
6225 6227
7012 7015
7324 7327
5021 5022
6250 6253
3989 3991
4237 4239
4993 4996
4482 4483
4768 4771
5931 5932
4405 4409
6390 6393
7477 7481
4742 4744
5949 5952
6429 6432
4515 4518
6427 6430
4803 4804
5263 5264
5001 5004
6215 6216
3973 3977
5966 5969
6726 6729
5982 5984
7765 7768
6774 6778
6354 6355
6970 6974
6234 6237
6941 6943
5898 5900
5391 5394
4955 4956
5467 5468
4791 4793
7863 7865
4462 4465
6374 6377
6422 6424
7005 7006
5950 5951
6834 6835
4807 4809
5274 5275
5990 5991
7265 7266
5829 5831
7270 7274
6915 6920
5485 5490
3951 3954
3945 3948
7467 7472
5866 5871
6750 6751
5003 5006
7763 7766
7295 7296
6240 6241
4446 4449
6950 6952
6459 6462
5348 5351
7276 7278
5884 5885
6222 6227
7396 7400
7434 7437
6456 6458
6505 6506
4861 4865
5329 5334
6400 6401
6973 6975
5415 5418
7335 7338
5527 5531
5824 5826
7828 7831
5022 5024
5534 5536
4432 4437
4859 4863
5807 5809
6380 6381
4378 4381
6309 6311
7450 7453
4808 4810
5005 5008
7464 7466
5539 5544
5377 5381
6991 6994
6767 6768
5024 5026
5536 5538
4825 4829
7799 7801
4513 4515
5365 5370
4812 4814
5972 5974
6957 6959
7469 7471
4856 4858
7539 7544
7834 7838
5275 5279
4499 4500
6475 6476
6935 6936
4743 4745
5780 5783
6508 6511
6982 6984
3917 3918
6958 6962
7421 7424
6936 6937
4843 4847
5819 5820
5493 5496
6463 6465
5924 5925
6364 6365
7513 7515
6738 6739
4819 4822
5331 5334
7767 7770
4912 4915
6751 6752
7779 7781
6432 6433
7768 7771
3993 3994
6252 6257
3968 3972
7792 7796
4322 4324
5835 5837
6492 6495
5969 5971
7317 7322
6966 6968
7478 7480
6942 6946
7776 7779
6263 6264
7385 7388
7291 7293
6969 6974
7482 7485
6811 6814
6291 6295
5506 5508
5855 5857
5878 5879
6405 6406
4342 4346
7414 7418
3921 3924
5841 5844
4279 4282
7403 7406
4283 4287
4379 4381
7801 7804
3930 3933
6990 6994
4746 4748
5258 5260
3905 3909
6249 6251
4335 4336
4339 4341
7787 7789
5477 5481
4966 4969
5948 5949
6340 6341
6730 6733
4277 4279
7349 7351
6844 6848
7356 7360
4439 4440
5395 5396
4005 4008
4885 4889
5928 5932
5815 5820
5479 5482
4000 4004
4267 4271
5495 5499
4786 4788
5877 5880
6226 6230
6414 6417
7851 7856
6417 6420
4846 4847
4939 4942
5358 5359
5399 5402
3983 3987
4994 4997
6930 6931
4319 4320
7442 7443
4229 4232
7023 7025
6769 6770
6324 6325
7528 7530
5449 5451
6345 6347
4242 4244
7314 7316
4490 4493
5470 5474
6485 6487
5774 5775
4896 4899
5408 5411
6864 6867
7376 7379
4385 4386
5436 5438
5818 5821
6807 6811
4303 4304
6770 6772
5321 5324
7007 7009
7519 7521
5782 5783
6506 6507
6296 6298
6321 6326
4976 4979
6439 6441
6977 6978
7489 7490
4364 4365
4294 4298
6797 6800
7309 7312
5519 5522
6471 6474
4240 4242
5419 5421
6446 6449
5777 5779
7481 7483
6424 6428
6449 6452
6985 6986
5437 5441
6962 6963
7474 7475
3923 3924
6437 6440
6339 6341
6799 6801
7251 7252
4492 4495
4442 4443
4902 4903
7514 7515
6228 6232
5501 5504
5359 5362
4985 4989
6841 6845
6418 6422
5892 5896
4349 4350
4429 4433
4306 4307
4910 4911
7378 7379
4443 4445
4337 4338
7454 7457
6264 6265
5260 5265
6823 6824
7762 7764
6924 6926
4228 4229
4944 4947
6496 6499
7824 7827
4969 4973
5300 5303
5941 5945
5992 5996
6360 6365
6462 6467
6988 6991
5515 5520
6478 6481
7025 7027
6750 6752
6248 6249
4899 4901
3969 3970
6330 6331
7245 7248
4839 4840
6235 6236
5355 5357
6450 6454
4760 4764
5272 5276
5861 5862
6773 6775
7773 7774
4785 4788
7857 7860
7002 7006
4274 4275
4871 4873
4928 4929
5296 5297
5383 5385
5317 5322
6225 6226
3989 3990
4237 4238
7256 7257
4768 4772
5931 5935
4405 4408
7477 7480
4742 4745
4834 4838
6314 6315
7004 7005
4296 4297
7368 7369
4958 4959
7826 7827
5263 5267
3973 3976
5982 5985
6348 6349
6774 6779
7508 7509
5963 5965
6358 6360
6941 6942
5898 5901
5370 5372
4955 4959
5467 5471
4791 4792
7863 7864
4795 4797
6422 6425
6772 6776
7284 7288
4807 4808
5526 5527
5829 5830
4973 4977
5485 5489
4517 4519
5866 5868
4223 4227
6240 6242
4779 4781
5939 5941
6950 6953
7780 7784
7422 7426
5018 5022
5530 5534
6409 6413
7276 7279
4741 4746
5884 5886
6222 6224
6456 6459
7301 7303
4861 4864
5329 5333
4914 4916
5426 5428
6400 6402
5026 5030
6802 6806
4478 4480
7425 7427
6973 6974
5466 5468
6362 6364
4953 4955
6873 6875
5527 5530
6923 6926
5824 5827
4963 4965
5022 5025
5534 5537
6502 6504
7013 7015
4859 4862
5807 5808
6482 6484
4371 4373
7511 7513
6380 6382
6309 6310
4808 4811
4382 4386
5005 5007
7464 7467
5377 5380
5024 5027
5536 5539
7799 7800
4825 4828
4513 4514
5365 5369
4812 4815
5972 5975
4852 4856
6957 6958
4856 4859
7469 7470
7490 7491
5275 5278
4499 4503
6475 6479
4743 4744
6982 6985
6936 6938
6497 6500
4843 4846
5819 5823
6463 6464
5795 5797
5924 5926
6364 6366
6783 6788
5413 5415
7513 7514
4912 4916
6751 6755
7779 7780
6432 6434
7457 7459
5353 5358
6460 6461
7768 7772
7354 7356
4322 4325
5835 5836
5969 5970
7317 7321
6966 6969
7478 7481
6942 6947
4827 4830
7776 7780
7291 7292
5035 5040
6969 6973
4289 4291
4862 4864
6434 6435
6291 6294
5506 5509
7759 7763
5855 5856
5456 5457
7312 7313
4342 4347
7850 7852
4845 4848
3913 3915
4283 4286
4379 4380
5778 5780
5257 5262
6990 6995
5258 5261
4746 4749
3905 3908
7253 7255
6249 6250
7527 7532
4339 4340
7787 7788
5477 5480
7465 7469
5948 5950
6340 6342
4277 4278
6423 6428
7349 7350
7421 7423
6289 6293
7356 7361
4439 4443
5395 5399
7371 7375
4885 4888
5937 5939
5928 5933
5444 5448
4761 4763
4000 4005
4267 4270
5495 5498
4786 4789
5865 5867
3983 3986
4319 4323
7023 7024
4257 4259
6324 6326
7528 7531
5449 5450
6345 6346
6466 6467
4242 4245
7314 7317
4999 5001
5511 5513
6793 6797
4916 4920
5470 5475
6485 6486
6241 6245
5408 5412
6864 6868
5436 5439
5922 5926
6954 6955
7382 7383
6746 6748
6745 6747
6942 6943
7257 7259
6807 6810
4303 4307
6770 6773
7007 7008
7519 7520
6375 6377
4974 4976
6886 6888
6296 6299
6885 6887
7397 7399
6321 6325
7537 7541
7800 7801
4976 4980
6439 6440
4875 4877
6753 6755
4364 4366
4294 4299
6797 6799
7309 7311
7407 7412
5502 5503
6786 6787
4240 4243
5419 5420
5777 5778
5437 5440
3923 3927
7251 7255
6339 6340
6799 6800
6228 6233
4958 4960
4985 4988
6841 6844
5892 5897
4429 4432
6467 6470
4443 4444
6806 6808
7318 7320
6264 6266
6974 6975
6823 6827
7762 7765
4295 4297
4739 4741
5312 5313
6810 6811
4228 4230
6924 6927
7526 7527
6496 6500
7824 7828
4969 4972
5941 5944
6825 6828
6462 6464
7772 7773
5470 5471
6818 6819
7264 7267
7025 7026
6750 6753
5510 5514
6248 6250
4899 4900
6916 6917
7428 7429
4309 4311
7245 7247
4945 4950
7452 7456
6235 6239
5355 5356
5307 5309
6450 6455
5272 5277
6773 6774
7002 7007
4871 4872
4928 4930
5296 5298
5383 5384
6848 6850
4805 4809
5317 5321
6250 6251
7256 7258
4872 4873
5352 5353
6253 6257
4768 4773
5931 5934
5423 5425
4834 4839
7343 7345
7004 7006
4296 4298
7368 7370
4803 4806
5263 5266
6215 6218
6348 6350
6774 6776
4964 4968
5476 5480
7508 7510
6970 6972
6298 6302
5963 5964
7247 7249
6358 6361
6234 6235
5370 5373
6917 6919
7393 7397
4955 4958
5467 5470
7863 7867
4795 4796
5919 5921
7839 7841
5266 5270
5889 5891
7284 7289
6948 6949
7460 7461
4807 4811
4847 4849
6758 6760
7270 7272
4453 4455
6365 6367
4973 4976
5485 5488
4951 4953
5285 5289
5457 5459
6353 6355
7497 7502
4517 4518
5866 5869
4223 4226
7295 7298
6240 6243
4779 4780
5939 5940
6272 6273
6926 6928
7422 7427
5530 5535
6409 6412
4831 4833
4741 4745
5884 5887
6222 6225
6902 6903
7434 7435
6456 6460
7301 7302
5329 5332
4889 4891
4914 4917
5426 5429
6400 6403
5026 5031
7425 7426
4478 4481
3980 3981
5466 5469
6362 6365
4953 4954
6873 6874
5824 5828
4963 4964
6502 6505
4897 4899
7013 7014
4798 4802
5807 5811
6482 6485
4371 4372
7511 7512
4815 4817
6380 6383
4378 4379
7450 7451
4808 4812
5005 5006
7464 7468
4421 4423
7534 7538
6767 6770
5024 5028
5536 5540
7536 7538
5365 5368
6761 6764
4852 4857
4856 4860
7834 7836
4334 4335
4499 4502
6475 6478
6935 6938
4752 4753
5968 5969
6304 6305
7520 7521
6406 6407
6958 6960
5932 5933
6936 6939
5819 5822
6463 6467
5795 5796
7307 7309
7507 7509
6949 6953
5924 5927
6364 6367
5413 5414
4819 4824
4912 4917
6751 6754
7779 7783
6432 6435
6245 6248
7457 7458
5353 5357
5813 5817
6460 6462
7354 7357
4861 4863
5397 5400
7317 7320
4849 4851
4758 4759
5270 5271
6942 6944
7776 7781
6263 6266
7291 7295
6969 6972
4289 4290
4862 4865
7482 7483
7366 7370
7759 7762
5855 5859
5456 5458
7312 7314
6955 6957
7419 7424
4342 4344
7414 7416
7850 7853
4845 4847
3913 3914
6973 6977
4302 4303
4379 4383
5778 5781
6479 6481
5257 5261
3930 3931
6438 6439
6990 6992
7253 7254
7777 7781
4335 4338
4339 4343
6953 6956
5948 5951
4868 4872
5380 5384
6340 6343
6730 6731
7421 7422
6289 6292
4382 4383
6302 6303
4439 4442
3916 3920
5395 5398
7371 7374
5937 5938
4326 4328
4255 4260
4761 4762
5513 5515
6226 6228
5843 5845
6743 6745
7255 7257
6737 6739
7766 7768
5865 5866
3966 3967
4994 4995
4319 4322
7023 7027
4475 4477
4257 4258
6395 6397
6324 6327
6768 6769
7280 7281
7528 7532
4285 4287
4999 5000
5511 5512
6793 6796
4747 4752
4490 4491
5470 5472
6241 6244
5000 5001
6864 6869
6412 6416
5922 5927
5818 5819
6292 6293
6746 6749
7758 7762
6745 6746
7257 7258
4303 4306
7519 7523
6375 6376
4459 4461
5431 5433
4974 4977
6210 6214
6379 6381
6886 6889
4284 4285
5956 5957
6885 6886
7397 7398
6321 6324
7537 7540
7800 7802
5438 5439
6439 6443
4875 4876
3904 3905
4364 4367
6753 6754
4294 4296
6797 6798
7309 7310
4240 4244
5419 5423
7506 7510
7849 7852
5839 5844
6848 6849
3923 3926
7251 7254
6339 6343
6799 6803
4315 4317
4958 4961
7387 7389
5836 5837
6452 6453
5523 5525
6418 6420
7499 7501
4429 4431
5916 5920
6806 6809
7318 7321
6264 6267
5002 5006
6823 6826
4295 4296
5312 5314
4228 4231
7367 7368
5017 5019
7824 7829
6462 6465
4261 4266
7772 7774
7845 7850
5517 5520
3959 3961
5025 5027
6322 6326
6244 6248
7287 7289
6248 6251
3994 3998
6916 6918
7428 7430
4309 4310
7245 7246
4945 4949
6865 6869
7452 7457
4839 4842
6235 6238
5307 5308
6450 6452
7503 7508
7002 7004
4780 4784
4871 4875
4928 4931
5296 5299
5383 5387
6848 6851
4805 4808
3939 3941
4880 4881
5317 5320
7267 7269
7256 7259
4872 4874
5352 5354
4472 4473
6253 6256
5423 5424
4834 4836
7343 7344
7407 7411
7004 7007
5961 5966
7009 7011
7521 7523
4296 4299
7368 7371
4353 4356
6901 6905
6348 6351
6774 6777
5476 5481
7508 7511
4989 4991
6970 6973
7247 7248
7468 7472
5343 5345
5366 5367
5898 5899
6917 6918
6881 6884
7393 7396
4456 4457
4791 4794
7863 7866
4795 4799
5919 5920
7839 7840
5266 5271
5889 5890
6948 6950
7460 7462
4389 4391
6237 6242
4807 4810
4847 4848
6758 6761
7270 7273
4453 4454
6365 6366
4973 4975
5485 5487
6301 6305
4951 4952
7831 7832
4773 4776
5285 5288
5457 5458
6353 6354
7497 7501
4838 4842
4440 4441
7832 7833
6240 6244
6272 6274
6926 6929
4350 4352
7422 7424
5895 5900
6300 6301
6500 6501
7254 7258
5018 5020
5530 5532
5261 5265
4831 4832
4741 4744
6480 6481
6456 6461
4398 4400
6836 6837
5254 5258
4889 4890
6400 6404
5026 5028
6802 6804
5771 5773
5971 5973
4354 4358
7509 7514
3980 3982
6393 6395
5824 5829
4963 4967
7781 7784
4897 4898
4244 4248
4798 4803
5807 5810
4815 4816
7464 7469
4382 4384
6302 6304
6468 6472
4421 4422
4781 4785
5536 5541
7799 7802
7536 7539
4876 4877
7412 7413
7834 7837
7401 7403
4743 4746
4752 4754
5968 5970
6304 6306
7520 7522
6958 6961
6817 6819
7329 7331
5932 5934
6936 6940
4414 4418
7486 7490
6463 6466
5795 5799
7307 7308
7507 7508
6949 6952
3975 3977
7476 7480
4262 4266
7805 7808
7779 7782
6432 6436
5353 5356
5813 5816
6460 6463
6326 6327
4861 4862
4790 4794
4322 4323
5294 5295
5835 5838
4849 4850
6942 6945
3953 3957
6281 6283
7291 7294
6411 6413
4740 4741
4501 4503
6291 6296
5506 5507
5855 5858
5456 5459
7312 7315
6955 6956
7769 7772
3963 3965
5429 5433
4342 4345
7414 7417
4845 4846
6973 6976
4379 4382
6479 6480
5257 5260
4997 5001
6990 6993
4746 4747
5258 5259
7798 7802
7777 7780
6760 6761
6445 6449
4339 4342
7787 7790
5380 5385
4500 4501
4893 4895
3916 3921
5815 5817
4326 4329
5513 5514
4786 4787
7502 7503
6268 6272
6226 6229
5843 5844
6743 6744
6275 6277
6737 6738
7255 7256
7766 7769
4846 4850
6744 6745
7023 7026
4475 4476
6395 6396
6768 6770
6965 6968
7280 7282
4285 4286
6351 6356
6454 6458
3950 3951
4242 4243
7314 7315
4999 5003
5008 5009
5851 5853
5470 5473
7264 7265
4441 4446
5774 5778
5000 5002
6729 6731
5922 5924
5847 5849
6292 6294
7758 7763
6869 6871
6770 6771
7007 7010
7519 7522
6375 6379
4459 4460
5431 5432
6379 6380
6210 6215
7351 7352
4284 4286
5956 5958
7800 7803
5770 5774
6439 6442
3904 3906
4294 4297
6852 6856
4240 4245
5419 5422
7506 7511
3981 3984
6339 6342
6799 6802
4315 4316
5291 5293
7387 7388
5314 5318
5836 5838
6452 6454
3940 3944
6951 6956
7785 7790
5523 5524
6418 6421
7499 7500
4429 4430
4855 4860
4910 4914
7860 7864
5373 5376
4333 4338
5916 5921
4443 4446
4415 4417
6264 6268
5002 5007
5465 5467
4295 4299
4739 4743
5312 5315
7762 7763
7269 7274
5023 5028
4461 4464
5017 5018
4285 4290
4883 4885
4261 4265
7772 7775
6993 6995
7845 7849
4894 4898
5517 5519
3959 3960
5025 5026
5337 5340
7287 7288
5510 5512
3994 3999
6285 6290
4899 4902
6916 6919
7428 7431
4945 4948
6865 6868
5355 5358
6450 6453
4003 4005
4249 4254
5004 5005
5516 5517
7002 7005
5953 5957
6337 6341
4780 4785
4871 4874
4928 4932
5296 5300
5383 5386
3939 3940
4880 4882
3955 3957
5875 5877
6972 6973
4872 4875
5301 5303
4472 4474
5352 5355
6253 6255
6257 6260
5423 5427
4834 4837
6415 6417
5961 5965
6805 6809
7009 7010
7368 7372
7521 7522
7493 7495
6901 6904
7417 7421
4989 4990
6855 6860
6298 6300
5963 5966
5343 5344
4518 4520
5370 5371
6956 6957
7380 7381
4456 4458
4795 4798
5919 5923
7839 7843
5266 5268
6948 6951
7460 7463
4389 4390
6237 6241
4847 4851
4973 4974
5485 5486
6301 6304
4951 4955
7831 7835
4425 4428
7497 7500
5425 5427
4374 4375
5866 5867
6294 6295
4440 4442
7832 7834
5273 5275
6240 6245
4779 4782
5939 5942
6272 6275
7463 7465
4350 4353
6300 6302
6500 6502
7422 7425
7254 7259
5018 5021
5530 5533
7325 7327
4749 4752
5261 5264
4831 4835
6480 6482
4398 4401
6836 6838
5254 5259
5540 5544
6831 6836
4914 4915
5426 5427
5026 5029
6802 6805
5971 5972
4354 4359
7509 7513
3980 3983
5466 5467
5926 5927
6362 6363
6822 6823
7764 7768
6393 6394
4963 4966
4511 4513
4225 4227
4798 4800
6870 6871
7809 7811
5404 5405
5965 5969
6482 6483
4371 4374
7511 7514
5979 5981
4382 4385
6302 6305
6468 6473
7534 7536
4781 4784
7288 7289
7817 7819
7536 7540
6867 6869
6939 6944
7379 7381
4876 4878
7412 7414
6268 6269
7401 7402
5497 5499
4752 4755
5968 5971
6304 6307
7520 7523
6817 6818
7329 7330
5932 5935
6936 6941
4414 4419
5795 5798
7825 7827
7507 7511
3975 3976
6783 6785
7476 7481
4982 4986
5494 5498
3976 3977
6432 6437
5531 5533
4934 4935
7354 7355
6252 6253
6410 6412
4407 4409
7531 7533
7797 7799
3953 3956
6281 6282
4412 4416
6411 6412
3971 3973
4740 4742
7366 7368
4501 4502
5450 5454
5456 5460
7312 7316
6955 6959
3963 3964
5429 5432
3938 3942
4918 4919
5430 5431
5858 5862
4004 4005
7260 7261
7850 7851
5320 5321
6952 6953
5778 5779
4997 5000
7527 7529
6224 6225
4436 4437
7372 7373
7811 7813
6760 6762
6445 6448
5880 5881
5011 5013
3915 3917
6423 6425
4500 4502
4893 4894
5395 5400
6397 6401
5815 5816
5843 5847
7255 7259
6275 6276
4338 4340
4292 4296
4846 4851
6744 6746
4475 4479
6768 6771
7280 7283
5541 5543
4865 4869
4999 5002
5511 5514
5008 5010
5851 5852
5803 5805
4441 4445
6361 6365
7264 7266
5000 5003
5374 5378
6729 6730
5922 5925
5847 5848
4361 4365
6292 6295
6746 6747
4276 4280
6869 6870
5030 5034
5848 5849
6826 6830
5869 5874
7338 7342
6375 6378
4459 4463
5431 5435
6379 6383
7351 7355
4284 4287
5956 5959
5502 5504
7800 7804
5770 5775
3929 3931
4875 4878
3904 3907
6341 6344
4368 4369
7407 7409
6852 6857
7440 7441
4965 4967
6877 6879
7466 7468
6813 6818
4434 4436
7506 7508
5463 5465
4507 4512
6347 6349
6843 6848
7319 7321
3981 3983
4245 4247
7251 7256
4862 4863
5468 5472
4315 4319
5291 5292
7387 7391
5314 5319
5836 5839
6452 6455
3940 3945
7785 7789
5876 5880
4477 4479
6231 6236
5553 5555
7860 7865
7016 7017
4333 4337
7405 7409
4415 4416
6264 6269
5260 5261
5002 5004
5465 5466
4295 4298
4739 4742
5312 5316
7367 7370
7811 7814
3941 3945
7269 7273
5409 5411
4461 4463
4285 4289
6734 6735
7246 7247
4883 4884
4261 4264
5327 5329
5552 5553
6211 6213
6421 6425
6993 6994
7398 7399
4894 4899
5517 5518
6327 6332
4933 4935
7000 7001
7512 7513
3959 3963
7287 7291
6322 6324
5510 5513
6465 6467
7431 7436
3994 3996
6285 6289
5264 5265
7008 7009
5420 5421
5844 5845
4870 4874
6790 6794
5307 5310
4003 4004
4249 4253
5004 5006
5516 5518
5953 5956
6337 6340
4445 4449
5296 5301
6225 6230
7267 7271
4880 4883
3955 3956
5875 5876
6972 6974
4375 4380
5301 5302
4472 4475
5373 5375
6253 6254
6922 6926
5423 5426
7343 7346
6415 6416
5961 5964
6805 6808
7368 7373
7409 7411
7493 7494
5785 5787
6905 6908
7417 7420
6970 6971
6298 6301
5789 5791
7247 7250
4518 4521
6956 6958
7380 7382
4456 4459
5361 5364
5919 5922
7839 7842
5266 5269
4485 4487
6237 6240
4847 4850
4310 4311
6372 6373
7841 7844
6733 6737
4894 4895
4951 4954
7831 7834
5425 5426
4838 4840
4440 4443
6749 6751
7261 7263
7832 7835
5273 5274
7463 7464
6300 6303
4850 4854
6500 6503
7254 7256
7325 7326
4749 4751
5261 5263
4831 4834
6480 6483
4987 4989
6505 6509
6836 6839
4797 4799
5771 5775
5971 5975
4354 4356
7509 7512
4470 4471
7764 7769
6262 6266
7501 7502
4511 4512
4387 4389
4225 4226
6299 6301
4798 4801
7459 7461
7809 7810
5404 5406
6804 6805
6429 6431
5965 5968
4815 4818
5979 5980
4971 4973
6891 6893
7534 7537
4781 4783
4981 4983
7288 7290
7817 7818
4513 4518
7536 7541
6867 6868
7379 7380
5319 5321
4876 4879
4454 4455
4806 4808
6268 6270
7412 7415
4334 4338
6246 6250
7834 7835
5497 5498
5968 5972
6304 6308
4450 4454
6370 6374
4414 4416
7486 7488
4438 4442
6494 6495
7307 7310
7507 7510
6783 6784
6875 6877
4496 4497
4262 4264
5494 5499
3976 3978
7779 7784
5531 5532
4790 4792
6252 6254
6410 6413
4318 4322
4407 4408
7531 7532
6331 6333
7797 7798
6461 6463
7306 7310
6411 6415
3971 3972
3954 3956
5874 5876
4740 4743
7366 7369
6955 6958
4271 4273
4004 4006
7260 7262
4372 4373
5868 5869
5320 5322
6952 6954
6479 6482
7527 7528
6224 6226
6315 6317
5537 5539
6249 6254
4436 4438
7372 7374
7798 7800
6760 6763
6445 6447
5880 5882
4339 4344
4250 4254
3915 3916
5011 5012
6423 6424
5333 5337
4500 4503
4357 4362
6470 6472
5542 5546
6397 6400
5815 5819
4255 4257
4514 4518
3966 3968
6489 6491
6226 6227
5843 5846
6743 6746
4338 4341
7255 7258
5871 5873
4846 4848
5358 5360
6744 6747
6769 6773
4475 4478
6395 6398
6768 6772
5346 5348
3927 3929
4305 4307
5449 5454
6345 6350
6454 6456
7377 7379
5541 5542
5781 5783
4865 4868
5008 5011
5851 5855
5803 5804
4441 4444
6361 6364
3952 3953
6779 6781
5774 5776
5000 5004
5374 5379
6388 6392
4385 4389
7437 7442
7449 7452
4361 4364
7393 7394
7758 7761
4276 4281
5848 5850
7338 7343
5869 5873
5913 5915
4459 4462
5431 5434
6379 6382
7351 7354
6210 6213
5502 5505
7800 7805
5503 5508
4901 4903
3929 3930
7489 7493
3904 3908
4368 4370
4851 4853
5363 5365
6763 6765
7275 7277
4965 4966
6877 6878
5822 5826
6837 6839
7466 7469
6813 6817
5884 5888
4434 4437
7506 7509
5463 5464
6347 6348
7319 7320
5839 5841
6985 6989
5862 5863
3981 3982
4245 4246
6339 6344
4315 4318
5291 5295
7387 7390
5314 5316
7785 7788
4477 4478
6742 6746
5523 5526
5870 5871
6418 6419
7499 7502
4835 4837
5553 5554
6992 6993
7271 7273
4358 4359
4910 4912
7430 7431
7016 7018
4333 4336
7405 7408
4337 4341
4415 4419
5260 5262
3943 3948
5002 5005
7854 7857
3941 3944
5409 5410
6971 6973
7269 7272
7483 7485
4756 4760
4461 4462
7828 7832
4285 4288
4883 4887
5327 5328
5552 5554
6421 6424
5873 5875
4894 4896
4933 4934
7000 7002
7512 7514
6297 6299
3959 3962
6322 6325
7287 7290
6465 6466
5830 5831
3994 3997
5318 5322
4365 4368
6285 6288
5264 5266
7008 7010
5420 5422
4516 4520
4870 4875
5844 5846
5838 5839
6450 6451
4003 4007
4249 4252
4431 4433
6287 6289
7503 7505
5004 5007
5516 5519
7002 7003
7462 7463
4445 4448
6225 6229
3939 3942
4880 4884
3955 3959
5875 5879
7267 7270
6972 6975
4472 4476
5373 5374
5453 5457
5498 5502
4834 4835
6415 6419
7003 7005
7409 7410
7515 7517
5311 5316
5785 5786
7250 7252
5362 5366
7761 7763
5789 5790
5343 5346
6956 6959
7380 7383
4456 4460
6999 7004
5297 5299
6494 6496
4485 4486
3958 3962
7265 7268
5923 5925
7835 7837
4422 4423
6372 6374
7494 7495
5012 5013
6733 6736
6909 6914
4838 4841
4900 4904
5820 5821
6749 6750
7261 7262
6490 6494
5895 5897
5952 5953
7254 7257
5018 5019
5530 5531
4749 4750
5261 5262
4426 4430
6480 6484
4987 4988
6505 6508
5254 5257
4406 4407
4797 4798
4936 4937
6856 6857
5026 5027
5771 5774
5971 5974
6802 6803
7425 7430
4354 4357
5339 5341
6873 6878
6996 6997
4963 4968
6904 6905
4511 4515
4387 4388
6299 6300
7459 7460
5404 5407
6804 6806
6429 6430
5965 5967
5979 5983
4971 4972
6891 6892
7867 7869
4781 4782
4981 4982
7288 7291
4513 4517
6867 6871
5319 5320
4806 4809
6268 6271
6246 6251
4972 4976
4450 4455
4414 4417
7486 7489
5797 5802
4438 4443
5029 5031
3975 3978
6783 6787
6875 6876
4496 4498
7513 7517
4262 4265
4001 4003
4982 4984
3976 3979
5494 5496
6910 6914
7524 7527
5531 5535
3993 3996
4790 4793
6252 6255
7348 7352
4318 4323
5294 5298
7448 7449
4810 4814
7531 7535
6331 6332
6401 6403
6461 6462
5850 5852
6411 6414
5804 5808
3971 3975
3954 3957
5874 5877
5987 5989
4320 4321
5450 5452
5533 5538
3963 3966
4271 4272
3938 3940
5858 5860
6487 6489
7443 7445
4004 4007
3913 3918
4372 4374
5868 5870
7260 7263
5320 5323
6952 6955
4350 4351
7422 7423
4444 4448
7527 7531
6224 6227
6315 6316
5537 5538
6249 6253
4436 4439
7372 7375
7798 7801
6760 6764
6445 6446
3965 3967
5880 5883
5011 5015
6423 6427
5333 5336
6367 6369
4357 4361
6277 6281
6470 6473
5542 5547
4744 4745
5937 5942
5815 5818
4255 4256
3966 3969
4468 4469
7540 7541
6489 6490
7293 7298
6275 6278
5871 5872
4846 4849
4881 4883
5358 5361
6433 6435
5860 5864
6744 6748
6842 6844
6769 6772
4253 4257
6768 6773
5346 5349
3927 3928
5955 5957
4305 4306
5449 5453
6345 6349
6351 6353
6454 6457
7377 7378
5781 5782
7479 7484
3950 3954
3928 3929
5008 5012
5851 5854
5803 5807
7264 7268
6779 6780
3952 3954
5374 5376
5774 5777
4252 4253
4452 4453
7836 7837
4385 4388
6925 6929
7437 7441
4318 4319
5922 5923
5847 5850
6288 6289
7257 7262
5030 5032
5848 5851
6826 6828
5869 5872
7338 7340
5913 5914
5378 5382
4901 4902
5770 5773
6229 6231
6977 6980
7489 7492
4345 4347
3904 3909
6753 6758
4828 4832
4368 4371
4851 4852
5363 5364
6763 6764
7275 7276
6837 6838
6397 6399
6813 6816
5777 5781
6477 6482
5839 5840
6985 6988
6934 6938
7446 7450
5291 5294
7308 7312
5314 5317
6951 6953
4329 4331
4835 4836
6992 6994
7271 7272
4855 4857
5367 5369
4910 4913
4769 4771
5281 5283
5811 5813
7016 7019
4333 4335
7405 7407
4337 4340
4415 4418
6997 7001
5260 5263
5428 5432
6971 6972
7483 7484
5023 5025
4756 4761
5846 5850
6233 6235
7831 7833
4883 4886
6444 6448
5327 5331
5552 5555
6211 6215
5873 5874
4894 4897
7000 7003
6373 6375
7512 7515
6297 6298
3977 3979
4233 4235
7305 7307
4365 4367
6285 6287
3969 3972
7806 7807
5264 5267
7008 7011
5420 5423
4516 4521
4870 4872
5844 5847
6790 6792
4003 4006
4431 4432
6287 6288
7503 7504
6225 6228
4397 4401
7784 7785
3955 3958
5875 5878
5524 5525
6764 6765
6922 6924
4941 4944
5453 5456
5993 5995
6415 6418
7003 7004
7515 7516
4919 4921
3957 3959
7285 7287
4924 4928
6855 6857
5362 5367
7250 7253
6298 6299
7014 7015
7299 7301
7761 7762
7533 7538
4456 4461
4772 4773
6748 6749
7510 7514
5266 5267
5889 5894
7022 7023
3984 3985
5297 5298
6494 6497
7015 7017
4998 4999
3958 3963
5368 5369
5923 5924
7835 7836
6372 6375
5012 5014
7862 7864
4821 4823
6733 6735
6909 6913
4900 4905
5820 5822
5492 5496
7463 7466
5895 5896
4850 4852
5952 5954
4804 4808
4426 4431
5896 5897
6480 6485
4987 4991
5935 5937
6831 6833
4936 4938
6856 6858
7425 7429
5339 5340
6747 6752
6873 6877
5009 5011
6262 6264
6996 6998
5988 5992
6904 6906
4897 4902
4511 4514
4387 4391
7459 7463
6791 6793
6804 6807
5965 5966
5336 5337
5979 5982
6891 6895
7867 7868
6815 6817
5794 5798
7327 7329
6436 6437
7288 7292
4513 4516
5550 5551
6867 6870
7379 7382
4334 4336
6246 6248
6757 6759
6218 6220
4972 4977
4450 4452
4818 4820
5907 5909
6370 6372
5797 5801
4438 4440
6859 6861
5029 5030
4757 4759
6783 6786
4496 4499
7513 7516
4001 4002
4982 4985
5494 5497
3976 3980
5531 5534
6410 6411
4318 4320
5969 5972
7448 7450
4810 4815
5401 5403
4849 4854
4407 4410
7531 7534
6331 6335
6401 6402
6214 6215
5850 5853
6794 6796
7306 7308
4289 4293
3971 3974
5987 5988
4320 4322
4467 4469
6387 6389
7525 7529
5450 5453
5533 5537
4271 4275
3938 3941
5858 5861
6487 6488
7443 7444
3913 3917
4372 4375
5868 5871
4302 4304
5320 5324
5943 5948
6952 6956
5445 5447
4444 4449
7527 7530
6315 6319
6249 6252
3965 3966
5532 5533
4250 4252
7322 7324
6894 6895
3915 3918
5011 5014
6423 6426
7406 7407
6367 6368
4357 4360
6277 6280
5542 5544
3916 3917
7244 7245
4744 4746
5937 5941
6473 6475
4255 4259
4514 4516
6283 6285
6483 6485
3925 3930
4468 4470
7540 7542
7518 7522
6781 6785
7293 7297
4409 4411
4338 4339
5902 5903
7822 7823
4881 4882
6433 6434
5860 5865
6744 6749
6842 6845
4253 4256
5955 5956
5449 5452
6345 6348
6351 6352
5910 5911
7830 7831
3928 3930
5008 5013
5803 5806
3952 3955
5374 5377
4252 4254
4452 4454
6412 6413
7836 7838
6342 6346
6925 6928
7437 7440
4393 4395
6288 6290
6443 6445
6745 6749
5030 5033
7257 7261
5848 5852
4783 4788
6826 6829
5869 5871
7338 7341
4814 4815
5326 5327
5509 5514
6229 6230
4345 4346
6753 6757
4828 4833
7407 7410
5363 5367
6763 6767
7275 7279
7440 7444
4822 4823
5822 5824
7466 7467
6397 6398
7350 7354
5777 5780
6477 6481
3962 3966
4434 4435
5463 5466
6220 6224
6347 6350
5839 5843
7319 7322
7506 7507
3931 3933
4837 4842
7446 7451
7308 7313
6951 6952
6231 6233
6742 6744
6276 6277
4329 4330
5305 5307
4835 4839
6992 6995
4855 4856
5367 5368
4769 4770
5281 5282
5811 5812
6256 6257
4333 4334
7405 7406
5309 5311
6997 7000
5002 5003
5428 5433
7483 7487
5023 5024
6947 6949
3910 3911
5017 5022
7246 7250
4362 4364
4792 4793
5304 5305
6233 6234
6444 6449
5327 5330
5552 5556
6211 6214
5483 5485
6327 6329
4388 4392
4796 4797
5308 5309
6373 6374
7000 7004
7512 7516
7806 7810
7025 7028
3977 3978
4233 4234
7305 7306
6322 6323
4483 4485
5424 5425
3994 3995
5318 5320
6919 6921
6976 6977
4365 4366
6285 6286
5264 5268
7008 7012
4870 4873
5974 5975
6790 6793
6882 6886
4424 4425
7496 7497
7790 7791
7503 7507
4455 4457
7760 7761
4780 4781
5940 5941
4397 4400
7784 7786
4375 4377
6987 6989
5524 5526
6764 6766
6759 6764
6922 6925
4941 4943
5453 5455
5498 5500
7418 7420
5993 5994
7521 7526
7003 7007
7515 7519
4919 4920
3957 3958
7285 7286
4924 4929
6855 6856
5362 5364
7299 7300
4863 4865
7021 7025
7533 7537
5529 5531
4772 4774
6748 6750
5889 5893
3984 3986
7015 7016
6827 6829
3958 3960
5368 5370
5923 5927
5255 5257
5012 5015
6789 6794
7862 7865
4821 4822
5332 5336
6733 6734
7429 7431
6909 6912
4298 4302
5820 5823
5522 5526
6490 6492
7001 7003
5895 5899
4850 4853
5952 5955
7011 7013
5392 5393
4804 4809
4426 4428
5896 5898
4765 4770
4987 4990
5935 5936
6831 6832
4889 4893
4321 4323
4936 4939
5269 5271
6430 6434
6856 6859
7425 7428
4354 4355
5339 5343
4953 4956
6873 6876
5009 5010
6262 6265
6996 6999
5988 5993
6393 6398
6900 6904
6904 6907
5501 5503
4897 4901
4387 4390
6299 6302
7459 7462
6791 6792
6219 6224
5336 5338
4968 4969
5357 5361
4971 4974
6891 6894
7867 7871
6815 6816
5794 5799
7327 7328
7843 7845
6436 6438
7461 7463
4521 4523
5319 5322
5989 5993
4334 4337
6246 6249
7401 7406
5828 5829
6757 6758
6218 6221
7329 7334
4450 4453
4818 4821
5907 5908
6370 6373
5797 5800
4438 4441
6859 6860
4757 4758
3909 3911
4952 4953
5464 5465
6808 6809
7320 7321
6875 6878
4496 4500
4417 4419
3976 3981
6910 6912
7457 7460
4520 4521
4318 4321
5294 5296
7448 7451
4810 4812
5322 5324
6893 6896
5401 5402
4849 4853
6331 6334
6794 6797
5973 5975
7306 7309
4289 4292
3954 3955
4238 4239
5874 5875
4316 4320
4320 4323
4467 4468
6387 6388
7525 7528
3988 3992
4797 4800
5533 5536
4874 4878
4271 4274
6487 6491
7443 7447
3913 3916
4302 4305
5320 5325
5445 5446
6809 6811
6315 6318
5532 5534
4250 4253
7322 7325
6889 6891
6367 6371
5542 5545
6305 6307
3916 3918
7244 7246
4744 4747
5937 5940
6473 6474
4255 4258
4514 4517
6283 6284
6483 6484
4761 4764
3925 3929
4468 4471
5513 5517
7540 7543
7502 7504
6964 6968
7518 7523
4774 4778
7846 7850
6781 6784
7293 7296
4409 4410
5871 5874
5865 5868
4324 4325
7396 7397
4257 4260
5346 5347
3927 3930
7302 7303
5955 5959
6351 6355
3950 3952
3928 3931
5037 5040
6779 6782
3952 3956
4503 4505
4252 4255
4452 4455
6729 6734
6412 6414
7249 7251
4476 4477
6342 6347
7812 7813
5013 5015
5525 5527
6925 6927
7437 7439
4393 4394
3961 3963
4508 4512
6288 6291
6443 6444
6745 6748
7257 7260
7825 7826
5848 5853
5869 5870
5821 5823
6461 6464
5378 5380
4437 4440
4991 4993
5503 5505
5509 5513
6753 6756
3898 3902
7440 7445
4851 4854
5363 5366
6763 6766
7275 7278
3995 3997
4251 4253
5411 5413
5822 5825
7323 7325
7350 7355
5958 5962
6477 6480
5839 5842
3931 3932
3947 3949
4837 4841
6934 6936
7446 7448
6212 6213
4222 4226
5314 5315
6951 6955
6231 6232
5440 5441
5808 5809
6336 6337
6742 6745
6276 6278
5870 5874
7782 7786
5305 5306
3949 3954
4835 4838
7271 7274
4855 4859
6256 6258
5309 5310
7844 7845
3926 3930
4890 4892
7518 7519
3943 3945
5520 5521
6752 6753
3974 3975
5286 5288
6217 6219
6971 6974
7483 7486
5023 5027
6947 6948
5017 5021
5846 5848
4362 4365
5342 5346
6357 6359
4792 4794
5304 5306
6993 6998
5483 5484
6327 6328
4848 4849
5360 5361
7355 7357
7512 7517
4796 4798
5308 5310
7806 7811
4413 4415
7485 7487
4483 4484
5424 5426
6919 6920
6976 6978
5318 5321
7344 7346
7431 7432
6920 6921
7400 7401
7008 7013
7471 7473
6882 6887
5396 5397
4424 4426
7496 7498
4003 4008
4431 4434
6287 6290
7503 7506
4455 4456
7760 7762
4403 4405
4780 4782
5940 5942
7012 7016
7524 7528
4397 4399
7784 7787
3955 3960
5875 5880
4375 4376
6987 6988
7447 7448
5524 5527
6764 6767
4941 4942
5453 5454
5498 5501
7418 7421
7009 7013
7521 7525
7003 7006
7515 7518
4919 4923
5442 5444
4799 4801
5311 5313
6913 6915
4301 4305
5362 5365
6855 6859
4863 4864
7250 7251
7299 7303
5475 5477
7021 7024
5529 5530
7533 7536
6999 7001
7333 7337
4772 4775
6481 6483
6748 6751
6998 7000
7510 7512
5889 5892
3984 3987
7015 7019
6827 6828
7024 7025
7803 7805
3958 3961
5368 5371
6370 6371
5389 5394
5923 5926
7835 7838
6789 6793
5332 5337
7429 7430
5457 5460
6353 6356
6937 6939
5425 5430
6260 6261
6490 6493
5925 5927
7001 7002
4957 4962
5895 5898
5952 5956
7011 7012
5392 5394
4987 4992
6945 6947
5348 5352
4426 4429
5896 5899
6846 6850
4765 4769
7837 7841
5935 5939
6831 6835
4889 4892
5443 5445
4321 4322
6863 6865
4936 4940
5269 5270
6856 6860
6469 6471
5339 5342
6389 6392
6393 6397
6900 6905
6904 6908
3996 3997
5501 5502
4897 4900
6216 6217
7440 7442
4225 4230
7809 7814
5859 5861
6800 6801
5882 5883
6356 6357
5336 5339
4968 4970
5357 5360
7867 7870
7327 7331
5794 5796
7843 7844
6436 6439
7461 7462
6741 6743
4521 4522
6867 6872
5989 5992
7401 7405
7861 7865
5497 5502
5828 5830
5780 5784
6909 6911
6817 6821
7329 7333
5907 5911
6859 6863
3935 3937
5323 5328
4886 4887
5398 5399
7445 7448
3909 3910
4952 4954
5464 5466
6808 6810
7320 7322
4417 4418
6910 6913
4351 4356
6301 6303
4520 4522
5294 5297
6453 6458
4399 4404
4810 4813
4917 4919
5322 5325
6893 6895
4849 4852
5405 5409
6350 6351
5850 5851
5973 5974
5469 5472
5987 5990
6387 6391
5535 5537
6785 6787
3988 3993
5310 5312
5450 5451
7297 7299
4346 4350
3938 3939
5858 5859
6430 6431
5964 5968
6487 6490
7443 7446
5957 5960
6303 6308
5805 5808
6809 6810
7290 7294
6355 6357
4466 4470
5532 5535
5011 5016
6889 6890
4281 4283
7294 7295
6367 6370
5276 5280
6305 6306
3916 3919
7244 7247
4744 4748
6333 6335
4330 4334
6283 6287
6483 6487
3925 3928
5513 5516
6271 6273
7502 7505
7518 7520
4774 4779
6737 6740
5446 5447
4324 4326
6842 6843
6879 6884
7396 7398
4280 4281
7864 7865
4265 4267
5481 5483
5955 5958
6351 6354
6507 6509
3950 3953
7479 7481
3928 3932
6332 6333
5037 5039
3952 3957
6462 6463
4503 4504
7249 7250
6729 6733
6412 6415
4476 4478
6342 6344
7812 7814
5013 5014
5525 5526
6925 6926
7437 7438
3961 3962
6288 6292
5942 5943
6826 6827
5821 5822
7338 7339
3912 3913
4264 4265
5378 5381
4991 4992
5503 5504
5509 5512
4948 4949
6860 6861
3898 3903
3995 3996
4251 4252
5411 5412
7323 7324
5845 5850
4278 4280
7350 7352
5958 5963
6477 6479
3962 3964
6940 6944
3931 3935
3947 3948
4837 4840
4469 4473
5349 5352
6934 6937
6212 6214
7446 7449
4222 4227
6951 6954
6231 6235
5440 5442
5808 5810
6336 6338
6276 6279
7782 7787
5384 5385
3949 3953
5864 5865
4855 4858
5367 5370
5811 5814
6256 6259
7844 7846
4447 4452
4890 4893
3943 3944
5520 5522
6752 6754
5465 5469
5286 5289
4853 4855
6217 6218
5023 5026
5017 5020
4355 4357
5846 5849
6734 6736
7246 7248
5300 5304
6357 6358
4792 4795
5304 5307
6993 6997
5483 5487
6327 6331
4848 4850
5360 5362
7355 7356
4796 4799
4498 4502
5308 5311
7806 7808
4413 4414
7485 7486
5025 5028
5837 5841
6465 6470
6828 6832
4483 4487
5424 5427
6919 6923
6976 6979
7344 7347
7431 7435
6383 6385
5344 5345
6928 6929
6920 6922
7400 7402
5821 5826
7471 7472
4962 4964
6882 6884
6933 6938
5396 5398
4424 4427
7496 7499
5374 5375
7760 7763
4403 4404
4780 4783
5940 5943
7524 7529
4397 4398
7342 7343
4375 4379
6987 6991
7447 7451
7391 7393
6390 6391
6922 6923
7009 7012
7521 7524
6504 6505
4919 4922
5442 5445
4799 4800
5311 5312
6913 6914
5785 5790
5772 5773
4301 4304
7290 7295
6855 6858
7299 7302
5475 5476
7021 7023
7484 7485
7533 7535
5309 5313
6999 7000
6821 6824
6481 6482
6998 7001
6374 6375
7333 7336
7510 7513
6488 6489
5293 5298
7015 7018
7024 7026
7803 7804
5368 5372
4877 4881
5389 5393
5342 5343
5255 5259
4869 4872
6789 6792
5792 5793
4298 4300
6937 6938
5425 5429
7485 7490
5522 5524
6795 6797
6995 6997
5273 5277
6402 6406
6260 6262
5925 5926
7006 7010
4957 4961
4850 4851
5952 5957
7310 7311
7011 7015
5392 5395
6945 6946
5896 5900
6846 6851
4765 4768
7837 7840
5935 5938
6831 6834
5443 5444
6863 6864
6385 6387
4936 4941
6430 6432
6469 6470
6829 6833
6393 6396
3996 3998
6216 6218
4387 4392
4225 4229
7809 7813
6791 6794
5859 5860
6800 6802
6356 6358
4519 4524
5336 5340
4968 4971
5357 5359
6815 6818
7327 7330
7843 7847
5794 5797
4949 4953
6741 6742
4390 4394
6310 6314
3999 4001
5497 5501
5828 5831
6218 6219
7401 7404
7861 7864
6909 6910
6838 6842
6817 6820
7329 7332
4450 4451
4818 4819
5422 5423
4396 4400
5790 5791
3935 3936
5907 5910
6732 6736
4952 4955
4325 4327
5464 5467
6237 6239
6808 6811
7320 7323
6301 6302
4520 4523
7811 7812
6453 6457
5894 5896
7814 7816
4917 4918
6893 6894
5405 5408
4866 4868
6281 6284
4479 4481
6794 6795
7306 7307
5512 5513
4467 4470
6387 6390
5535 5536
6785 6786
7297 7298
5310 5313
4874 4876
5801 5803
5341 5346
5964 5969
5943 5945
6839 6841
5805 5807
7294 7298
4988 4992
6355 6356
4250 4251
4966 4967
7322 7323
4293 4295
6894 6898
4281 4282
5474 5478
4744 4749
5842 5846
6333 6334
5462 5466
4330 4335
4514 4515
6283 6286
6483 6486
7278 7279
6271 6272
4967 4969
6870 6873
7518 7521
4774 4776
6489 6494
7846 7848
5902 5906
7822 7826
4324 4327
7396 7399
5814 5816
4348 4349
4280 4282
7864 7866
4265 4266
5481 5482
7377 7382
6507 6508
7479 7480
4336 4337
3928 3933
6332 6334
5037 5038
6282 6286
4813 4818
6729 6732
4476 4479
6342 6345
7812 7815
4502 4506
6288 6293
4460 4464
6443 6446
4783 4785
5913 5918
7855 7857
4884 4885
4814 4818
5326 5330
3912 3914
4264 4266
4991 4995
5503 5507
7468 7470
3929 3933
7475 7477
5810 5814
7362 7366
4948 4950
6860 6862
7286 7288
7413 7418
3898 3900
3995 3999
5411 5415
7323 7327
4935 4937
5891 5893
4278 4281
5845 5849
7350 7353
5958 5960
6477 6478
6903 6908
3962 3965
3931 3934
3947 3951
3906 3908
4469 4472
4767 4769
5279 5281
6212 6215
7541 7544
6231 6234
5440 5443
5808 5811
6336 6339
4304 4305
5920 5921
5870 5872
7782 7784
4938 4940
3949 3952
5384 5386
5864 5866
4873 4875
5385 5387
6333 6338
6256 6260
5275 5280
7844 7847
3926 3928
3943 3947
5520 5523
6752 6755
5465 5468
6267 6269
4853 4854
7805 7807
6947 6950
4355 4356
6734 6737
7246 7249
4362 4363
5342 5344
4792 4796
6993 6996
5483 5486
4844 4848
6327 6330
4848 4851
5360 5363
4498 4503
7806 7809
6297 6302
5837 5840
6465 6469
6828 6833
4483 4486
6919 6922
6976 6980
7344 7348
7431 7434
6383 6384
5344 5346
6251 6253
6928 6930
4369 4371
7441 7443
5316 5317
6325 6327
6920 6923
7400 7403
5821 5825
7471 7475
4962 4965
6882 6885
6933 6937
5396 5399
6213 6218
5838 5840
4424 4428
4455 4458
4403 4407
5032 5033
4375 4378
6987 6990
7447 7450
7391 7392
5347 5349
6759 6761
4742 4743
5498 5499
7418 7419
6504 6506
4799 4803
5311 5315
5538 5540
6290 6292
4235 4237
4435 4437
5785 5789
5772 5774
4301 4303
5461 5463
7290 7292
5433 5435
4750 4751
5362 5363
4863 4866
7761 7766
7484 7486
7021 7022
7533 7534
5309 5312
6999 7003
5790 5792
6422 6423
7473 7475
6488 6490
5293 5297
6827 6830
7803 7807
7024 7027
5368 5373
4877 4880
5389 5392
5929 5931
5255 5258
5792 5794
4395 4397
4753 4755
7467 7469
4298 4301
5425 5428
7485 7489
5522 5525
6795 6796
6995 6996
5273 5276
5315 5317
5775 5777
6260 6263
6402 6407
6490 6491
6950 6951
4471 4476
4957 4960
7011 7014
5392 5396
4426 4427
6846 6848
7452 7453
7782 7785
5302 5306
5806 5807
6906 6910
4940 4944
5443 5447
6385 6386
6430 6433
6491 6493
7455 7460
4445 4447
6829 6832
4411 4416
3996 3999
3972 3973
4988 4989
6216 6219
7300 7301
4225 4228
7809 7812
6800 6803
6356 6359
5357 5358
7402 7406
7843 7846
4949 4952
7817 7820
5809 5811
4390 4395
3999 4000
5497 5500
6982 6983
4972 4973
4396 4401
6732 6737
3935 3939
5938 5942
6261 6266
4952 4956
4325 4326
5464 5468
6237 6238
6808 6812
7320 7324
6460 6464
4520 4524
6232 6233
7498 7502
6453 6456
5894 5897
5986 5990
4810 4811
5322 5323
6966 6967
7478 7479
4260 4261
7332 7333
7814 7817
5448 5449
6344 6345
7006 7007
4866 4869
4479 4480
5804 5805
6484 6485
4238 4242
5512 5514
3987 3989
4226 4230
5334 5336
4874 4877
4346 4348
5801 5802
5341 5345
7443 7448
5943 5944
6839 6840
6843 6845
5805 5806
5537 5541
6355 6359
4466 4468
6386 6388
6923 6925
6340 6344
4293 4294
6894 6899
5842 5847
4330 4332
6271 6275
4967 4968
4915 4917
5467 5472
6489 6493
4774 4777
4497 4499
7846 7849
5814 5817
4348 4350
6324 6328
4280 4283
7864 7867
5955 5960
7377 7381
5834 5838
6507 6511
7479 7483
4336 4338
6332 6335
3919 3924
7792 7793
6282 6287
4813 4817
5849 5851
4503 4506
4832 4833
6501 6506
5478 5480
4783 4784
7855 7856
6419 6421
5913 5917
3937 3939
5857 5859
4884 4886
5326 5331
3912 3915
4264 4267
4373 4375
5278 5282
6293 6295
5378 5379
6910 6911
4991 4994
5503 5506
7516 7520
7475 7476
3929 3932
7362 7367
7413 7417
4948 4951
4345 4350
6860 6863
7286 7289
3898 3901
7786 7790
3995 3998
4251 4254
5411 5414
7323 7326
4935 4936
5845 5848
5891 5892
5381 5385
5958 5961
5256 5257
3947 3950
3906 3909
4767 4768
5279 5280
4771 4773
4222 4225
7308 7309
5440 5444
6336 6340
4304 4306
5920 5922
5870 5873
4789 4794
3990 3992
5905 5907
4938 4941
3949 3951
5384 5387
5553 5556
5864 5867
4873 4874
5385 5386
6333 6337
5281 5286
3926 3929
4890 4891
6981 6983
3943 3946
6267 6268
4228 4232
7805 7806
5409 5412
5544 5545
6728 6729
4830 4831
4355 4359
7504 7505
5342 5345
4792 4797
6444 6445
6868 6869
6918 6922
5873 5877
5360 5364
7355 7358
4002 4004
4498 4500
5515 5517
6297 6301
5890 5894
7305 7310
5837 5839
6465 6468
6493 6497
7344 7349
5852 5856
5344 5347
6251 6252
4369 4370
6928 6931
7441 7442
5316 5318
6325 6326
5821 5824
7471 7474
6933 6936
6213 6217
5838 5841
4246 4250
7833 7835
4403 4406
6796 6800
6813 6815
5032 5034
4841 4843
5347 5348
6759 6760
5879 5881
4854 4856
6504 6507
7409 7412
5914 5918
4798 4799
5442 5443
4799 4802
5311 5314
5538 5541
6290 6293
4235 4236
4435 4436
5785 5788
5772 5775
4301 4302
5461 5462
5798 5802
7290 7293
5433 5434
7299 7304
7761 7765
5475 5478
4898 4902
6358 6359
7484 7487
4423 4428
5916 5917
6279 6284
6999 7002
5452 5456
5351 5353
7473 7474
5790 5793
7771 7773
7022 7024
6488 6491
5293 5296
5297 5301
7024 7028
7803 7806
4978 4982
4484 4485
4877 4879
5389 5391
5929 5930
4793 4795
7865 7867
5792 5795
4395 4396
4753 4754
7467 7468
5382 5384
6278 6280
6845 6847
4413 4416
7485 7488
6795 6799
5315 5316
5775 5776
6402 6404
3979 3984
7006 7008
7764 7766
5392 5397
6846 6849
7452 7454
5302 5307
6906 6911
4777 4779
5443 5446
6863 6866
6491 6492
7019 7021
4445 4446
6829 6831
6343 6345
4288 4289
6787 6789
7360 7361
6502 6503
3972 3974
4988 4990
6216 6220
6854 6856
7300 7302
6853 6855
7365 7367
5962 5966
5859 5862
4946 4950
6498 6502
5796 5797
6486 6490
5794 5795
5809 5810
4390 4392
5550 5552
6310 6312
6740 6741
4486 4490
7252 7253
4972 4974
6838 6840
6908 6909
7420 7421
6366 6370
5907 5912
5006 5007
3935 3938
6261 6265
5464 5469
7320 7325
4001 4005
4351 4353
7423 7425
6232 6234
4399 4401
6319 6321
5401 5406
4260 4262
7332 7334
6420 6421
5448 5450
6344 6346
5035 5037
5804 5806
6484 6486
5512 5515
6387 6392
5535 5538
3987 3988
4867 4869
7381 7385
5334 5337
6405 6410
4346 4349
5341 5344
5943 5947
6843 6844
4383 4385
6303 6305
7294 7296
5537 5540
6355 6358
4466 4469
6386 6389
6895 6897
6894 6896
7406 7408
5474 5476
5842 5844
4433 4435
7505 7507
4950 4952
5462 5464
4330 4333
5909 5911
7829 7831
6483 6488
6777 6779
7289 7291
6271 6274
5980 5984
4967 4971
4915 4916
7851 7852
6489 6492
4497 4498
5902 5904
7822 7824
6433 6437
6879 6881
5893 5897
4348 4351
6324 6329
4830 4832
7813 7817
4280 4284
7864 7868
4305 4308
7377 7380
6507 6510
7404 7408
7479 7482
4336 4339
4891 4893
5403 5405
7796 7797
6282 6284
4813 4816
5849 5850
4832 4834
4979 4981
5491 5493
6501 6505
5478 5481
4393 4398
4502 4504
4783 4787
7855 7859
6419 6420
5913 5916
3937 3938
5857 5858
4884 4887
6886 6887
4814 4816
5326 5328
4264 4268
4373 4374
5278 5283
6293 6294
5350 5354
5810 5812
4341 4344
7362 7364
4345 4349
7413 7416
6382 6383
5381 5384
4463 4465
5280 5281
6883 6885
3962 3963
4308 4309
6220 6221
5256 5258
5279 5283
4771 4772
7308 7310
7765 7767
4921 4923
5440 5445
6336 6341
4304 4307
5920 5923
5905 5906
4789 4793
3990 3993
5305 5310
5384 5388
3949 3950
5864 5868
7383 7388
6333 6336
4769 4773
5281 5285
4447 4449
6897 6899
6806 6807
7318 7319
6981 6982
6267 6271
4228 4233
4253 4255
5544 5546
6413 6416
6728 6730
4905 4907
5417 5419
4355 4358
7504 7506
4241 4243
6444 6446
6868 6870
6918 6923
7313 7315
5873 5876
4002 4005
4498 4501
5515 5516
6297 6300
3977 3981
7305 7309
5837 5838
6493 6496
4483 4488
6383 6386
5344 5348
6928 6932
5316 5319
6916 6920
7428 7432
7815 7820
4962 4963
5278 5279
6882 6883
6213 6216
7790 7792
4246 4251
4927 4932
7359 7364
7833 7834
4307 4309
7410 7414
6813 6814
5032 5035
4841 4842
7391 7394
5347 5351
6759 6763
5879 5880
5371 5373
4854 4857
6504 6508
4235 4239
4435 4439
4465 4467
6774 6775
7345 7347
7761 7764
5916 5918
5816 5817
5289 5291
5452 5457
5351 5352
7771 7772
7803 7808
7022 7025
6948 6952
4420 4421
7868 7869
5293 5295
5493 5495
5297 5300
4414 4415
7486 7487
5500 5504
4978 4983
4995 4997
5507 5509
6320 6321
4484 4486
6407 6409
4877 4878
5389 5390
6758 6759
7270 7271
4793 4794
7865 7866
5792 5796
7467 7471
5382 5385
5330 5334
4298 4299
6278 6281
6845 6846
5288 5289
6984 6985
5522 5523
6766 6767
6795 6798
5315 5319
6402 6405
6995 6998
6363 6365
6736 6737
7248 7249
7006 7009
5292 5293
7011 7016
7452 7455
5302 5304
6906 6908
4777 4778
4321 4326
4892 4896
7019 7020
6829 6830
5009 5013
6343 6344
4288 4290
6787 6788
5887 5889
4363 4368
7360 7362
3972 3975
4988 4991
6216 6221
6854 6857
7300 7303
6853 6854
7365 7366
5014 5018
7020 7024
4519 4521
6498 6503
6309 6314
5796 5798
6486 6491
4005 4007
6890 6892
7402 7404
4390 4393
5550 5553
6310 6313
6740 6742
4486 4491
7252 7254
5877 5879
3999 4002
5379 5381
4972 4975
6838 6841
6908 6910
7420 7422
6366 6371
4229 4231
5422 5426
7342 7346
6858 6862
5938 5940
6261 6264
5978 5980
4001 4004
4417 4422
7852 7856
4351 4352
7423 7424
6368 6369
3942 3944
6232 6235
7498 7500
4399 4400
5986 5988
6319 6320
5401 5405
4260 4263
4833 4835
5345 5347
6420 6422
7332 7335
5448 5451
6344 6347
6401 6404
4866 4867
4479 4482
5035 5036
5804 5807
6484 6487
4238 4240
5512 5516
6859 6862
4867 4868
4226 4228
7381 7384
6405 6409
4342 4343
4874 4875
7414 7415
6792 6793
5943 5946
6839 6842
6843 6847
4383 4384
6303 6304
4259 4261
7294 7297
7331 7333
6437 6439
5325 5328
5033 5035
5545 5547
6895 6896
6894 6897
6929 6931
7406 7409
5474 5477
5842 5845
4433 4434
7505 7506
4950 4953
5462 5465
4326 4327
5909 5910
7829 7830
7278 7282
6777 6778
4802 4804
7289 7290
4967 4970
4915 4919
7851 7855
5826 5828
4409 4413
5902 5905
4801 4803
5313 5315
6398 6400
7766 7767
7822 7825
4881 4884
6433 6436
6366 6367
6879 6880
5893 5896
7813 7816
3936 3937
4830 4833
4428 4429
5812 5813
7302 7306
5834 5836
4809 4811
7404 7409
4336 4340
4891 4892
5403 5404
4747 4749
4947 4949
7819 7821
7426 7430
7796 7798
7791 7796
6282 6285
4813 4815
5262 5263
6876 6880
4832 4835
4979 4980
5491 5492
6501 6504
4393 4397
4502 4505
3961 3966
6292 6296
7825 7829
4783 4786
7855 7858
4814 4817
4264 4269
5278 5280
5326 5329
5956 5960
5350 5355
6961 6963
7475 7478
5810 5813
7362 7365
4345 4348
3898 3899
4294 4295
5533 5535
7786 7788
6377 6379
4935 4938
5891 5894
4463 4464
5280 5282
6883 6884
6903 6905
7415 7417
7859 7861
4308 4310
6220 6222
5256 5259
4405 4407
7477 7479
3906 3907
4767 4770
5279 5282
4771 4775
7308 7311
7765 7766
3973 3975
5414 5418
6269 6272
4921 4922
4304 4308
5920 5924
4329 4332
4789 4792
5305 5309
4938 4939
7458 7462
4769 4772
5281 5284
4447 4448
6897 6898
6267 6270
5387 5389
4253 4254
5500 5501
5544 5547
6413 6415
6728 6731
6788 6789
4905 4906
5417 5418
5020 5024
7504 7507
6233 6236
4241 4242
7313 7314
6444 6447
6868 6871
6918 6920
5515 5519
5890 5892
3977 3980
4233 4236
7305 7308
5344 5349
6251 6254
7428 7433
5861 5865
7790 7793
4246 4248
3964 3968
6972 6976
4307 4308
3989 3993
7410 7415
5032 5036
5347 5350
6759 6762
5879 5883
5371 5372
5993 5996
3922 3926
6504 6509
4879 4884
5468 5469
6820 6821
5914 5916
5538 5539
4235 4238
4435 4438
6290 6291
4465 4466
7345 7346
5798 5800
7290 7291
4750 4754
6392 6393
4898 4900
4311 4313
4755 4757
5267 5269
5916 5919
4738 4742
6731 6733
7243 7245
7810 7814
4356 4357
5854 5858
5816 5818
5289 5290
4494 4495
5351 5355
7771 7775
5872 5873
6948 6953
4420 4422
7868 7870
5293 5294
5493 5494
4234 4238
5500 5505
7818 7822
4978 4980
4995 4996
5507 5508
6320 6322
4484 4487
6407 6408
6376 6377
7789 7793
4395 4398
7467 7470
6959 6961
5908 5909
5288 5290
6984 6986
5315 5318
5775 5778
6363 6364
6736 6738
7248 7250
4471 4473
5427 5429
7339 7341
5292 5294
6945 6950
5302 5305
5806 5810
6906 6909
4317 4320
5443 5448
4321 4325
7384 7385
6381 6386
6491 6494
5954 5956
5823 5825
6943 6945
7455 7457
7842 7846
5009 5012
5036 5040
5548 5552
6343 6347
4288 4291
6787 6791
5887 5888
7360 7363
5840 5841
5014 5019
5477 5479
5962 5964
6509 6512
7020 7025
4519 4520
4946 4948
6498 6500
6866 6868
6309 6313
5796 5799
6931 6933
6486 6488
4005 4006
5863 5868
6890 6893
4885 4887
7402 7405
6740 6743
4486 4488
7252 7255
3991 3996
5877 5878
5773 5778
5379 5380
4939 4944
6908 6911
6366 6368
7420 7423
4229 4230
5422 5427
6858 6863
6425 6427
5938 5941
5413 5418
3967 3972
5978 5981
4417 4421
4351 4355
7423 7427
6368 6370
3942 3945
5393 5395
6232 6236
7498 7501
6334 6338
4399 4403
5986 5989
6319 6323
5401 5404
4833 4834
5345 5346
6420 6423
6350 6352
5035 5039
4238 4241
5512 5517
6756 6757
3987 3990
4867 4871
4226 4229
6405 6408
7783 7785
4346 4347
5964 5965
6792 6794
6843 6846
6303 6307
4259 4260
5010 5012
7331 7332
6437 6438
5325 5327
5033 5034
5545 5546
6457 6459
4466 4467
6386 6387
6895 6899
3899 3901
6929 6930
4277 4281
6889 6893
6473 6476
4401 4403
4330 4331
7278 7283
7321 7323
4915 4918
7851 7854
5826 5829
4409 4412
4263 4265
4801 4802
5313 5314
6398 6401
6441 6443
6879 6883
3936 3938
4428 4430
5812 5814
7302 7307
5834 5837
3902 3906
5941 5943
4809 4810
5917 5921
5402 5406
4336 4341
4891 4895
4747 4748
4947 4948
7819 7820
3919 3921
7796 7799
4813 4814
5981 5984
7249 7253
6876 6881
4832 4836
4979 4983
5491 5495
4393 4396
3961 3965
6273 6275
7825 7828
4858 4862
6419 6422
6961 6962
5278 5281
6885 6890
5350 5352
5407 5412
5469 5471
3964 3965
4996 4997
5533 5534
7786 7789
6377 6378
7353 7355
6270 6271
5788 5792
4463 4467
5280 5283
6883 6887
6903 6904
7415 7416
7859 7860
4308 4311
6220 6223
4405 4406
7477 7478
5354 5358
4771 4774
3973 3974
5305 5308
7458 7463
4920 4921
5432 5433
6840 6841
7352 7353
4447 4451
6455 6457
6267 6272
6980 6981
7492 7493
4826 4830
3918 3919
5387 5388
6217 6221
7472 7473
5500 5502
6788 6790
6413 6414
4394 4398
5020 5025
7504 7508
6918 6921
4926 4928
5284 5285
6236 6237
4776 4777
7848 7849
4002 4003
4498 4499
5515 5518
5890 5893
6503 6505
5510 5511
6828 6829
4309 4314
4975 4980
5861 5864
4246 4249
3964 3969
6972 6977
4307 4311
5490 5492
3989 3992
6911 6913
7410 7412
5032 5037
5879 5882
5371 5375
3922 3927
5468 5470
6820 6822
5914 5917
6913 6917
5521 5523
5798 5801
4750 4755
5287 5292
5365 5367
6392 6394
4898 4901
4311 4312
4755 4756
5267 5268
4423 4425
4738 4743
5529 5532
6279 6281
6731 6732
4518 4519
4356 4358
7380 7384
5854 5859
5816 5819
6481 6485
5351 5354
7771 7774
5872 5874
4843 4848
4420 4423
4258 4262
7868 7871
4234 4239
7818 7823
6316 6320
5507 5511
4978 4981
6320 6323
5829 5832
5856 5857
6416 6417
4453 4458
6245 6247
6376 6378
7789 7792
4984 4985
5496 5497
6959 6960
5330 5332
4517 4521
6937 6941
4449 4451
6369 6371
5908 5910
7440 7443
5288 5291
5397 5399
6984 6987
7317 7319
6402 6403
6363 6367
6736 6739
7248 7251
4471 4472
5427 5428
7001 7004
5292 5295
7339 7340
7310 7312
6945 6949
5806 5811
5878 5882
4321 4324
7384 7386
6381 6385
7019 7022
5954 5957
5823 5824
6943 6944
7455 7456
7842 7847
3956 3957
4236 4237
5548 5553
6343 6346
4288 4292
6787 6790
5887 5891
7360 7364
5840 5842
4315 4320
5014 5016
5477 5478
5962 5965
6509 6511
4519 4523
4946 4949
6498 6501
6866 6869
6309 6312
6931 6932
6486 6489
7375 7377
4885 4886
5298 5300
4521 4524
4267 4272
4486 4489
5773 5777
5854 5855
6366 6369
5422 5424
7342 7344
4396 4397
4820 4821
5006 5010
6732 6733
6858 6860
7370 7372
6425 6426
7468 7469
5413 5417
4417 4420
4366 4367
4351 4354
6286 6287
7423 7426
6368 6371
5393 5394
6845 6848
4399 4402
6319 6322
6350 6353
5782 5786
4748 4752
5035 5038
5799 5801
7366 7367
6756 6758
4340 4341
5900 5901
4765 4767
7837 7839
7297 7301
4867 4870
7783 7784
5964 5966
4004 4008
6792 6795
4383 4386
5822 5823
6303 6306
4259 4263
5010 5013
6809 6812
4436 4440
5325 5326
6457 6458
6895 6898
3899 3900
4277 4280
6889 6892
7349 7352
4481 4483
4231 4236
6305 6308
5474 5475
5842 5843
6318 6319
4401 4402
7278 7280
7321 7322
4263 4264
6242 6244
6898 6902
6230 6232
6441 6442
5817 5819
6879 6882
3936 3939
4265 4269
4428 4431
4230 4232
5812 5815
7302 7304
5941 5942
7869 7871
5917 5920
4891 4894
5403 5406
4747 4751
7819 7823
3919 3920
6485 6488
7426 7428
6282 6283
7249 7252
5946 5950
4979 4982
5491 5494
3961 3964
6435 6437
6273 6274
4460 4461
7532 7533
5405 5407
4858 4863
5867 5869
6259 6261
6885 6889
5350 5353
5469 5470
6270 6274
4430 4431
5810 5811
7362 7363
5936 5937
6464 6465
6832 6833
3964 3966
4996 4998
4805 4807
5317 5319
6382 6386
7353 7354
3914 3918
5788 5793
4463 4466
6883 6886
6903 6907
5931 5936
4444 4445
6938 6940
5414 5416
7334 7336
4386 4388
7458 7460
4243 4245
6871 6873
7383 7385
7827 7829
4873 4878
4860 4861
5372 5373
7390 7394
4920 4922
5432 5434
6840 6842
7352 7354
4829 4833
3982 3983
4447 4450
6455 6456
4864 4865
5376 5377
6896 6897
7408 7409
6980 6982
7492 7494
5387 5391
7472 7474
6217 6220
5375 5377
5500 5503
6788 6791
4926 4929
5284 5286
6236 6238
4844 4845
7444 7445
4773 4775
5285 5287
4776 4778
7848 7850
6503 6504
6451 6453
3985 3987
6828 6830
4369 4374
5959 5961
7815 7817
4309 4313
4741 4743
7490 7492
6773 6776
4927 4929
5439 5441
6847 6849
7359 7361
4828 4829
5340 5341
6349 6353
4307 4310
5490 5493
7410 7413
6911 6912
6499 6501
4816 4817
5328 5329
7781 7783
5347 5352
5897 5899
5371 5374
3922 3924
7394 7396
5468 5471
6820 6823
7794 7798
6913 6916
4435 4440
3932 3936
5521 5522
4750 4752
5365 5366
6392 6395
6781 6783
7293 7295
5267 5271
7243 7247
4423 4424
6279 6280
7495 7496
7810 7812
4356 4359
5854 5856
7380 7385
5816 5820
6481 6484
7473 7478
5356 5360
5872 5875
4258 4263
6949 6951
4234 4236
7818 7820
4995 4998
5507 5510
6407 6410
5856 5858
5851 5856
4453 4457
6416 6418
6899 6901
7411 7413
6372 6376
6245 6246
6376 6379
5813 5815
7789 7791
4984 4986
5496 5498
4753 4758
4348 4352
5330 5333
4517 4520
6937 6940
4449 4450
6369 6370
5908 5911
4838 4839
7491 7493
5288 5292
5397 5398
6984 6988
6766 6770
7317 7318
6363 6366
6736 6740
7248 7252
4471 4475
7339 7343
7310 7313
7254 7255
6945 6948
7301 7304
5487 5489
6247 6249
5806 5808
4940 4941
5878 5883
6906 6907
6381 6384
7384 7387
6385 6389
6943 6947
7455 7459
7842 7844
6739 6741
3956 3958
4236 4238
7774 7778
6266 6268
5945 5947
4288 4293
5887 5890
5840 5843
7013 7016
5014 5017
6804 6808
5335 5340
6509 6510
4519 4522
6931 6935
5983 5985
7375 7376
4421 4425
7371 7376
6890 6891
7402 7403
5809 5814
5298 5301
4806 4807
5773 5776
7274 7276
5379 5382
5422 5425
5265 5267
7342 7345
4396 4398
4820 4822
6447 6452
6732 6734
6858 6861
6965 6967
7370 7373
7453 7457
5938 5939
5413 5416
5827 5829
4262 4263
5978 5979
7517 7520
4882 4886
4790 4791
6334 6336
6428 6429
7498 7499
7501 7505
4474 4478
5986 5987
6394 6398
5782 5787
4957 4959
4745 4747
5799 5800
6756 6759
4501 4506
4340 4342
5900 5902
4765 4766
7837 7838
6785 6788
7297 7300
4226 4227
7324 7328
7783 7787
4992 4993
5504 5505
5801 5805
5964 5967
4372 4376
4759 4764
6792 6796
6378 6382
4259 4262
7331 7334
7253 7256
4273 4275
5489 5491
7798 7799
3899 3903
4281 4284
4481 4482
6470 6471
4408 4409
6313 6315
7529 7531
7795 7797
7278 7281
3908 3909
4915 4920
7386 7390
5826 5827
6242 6245
4359 4361
4272 4273
6230 6233
5817 5818
6474 6478
4265 4268
5481 5484
4230 4233
5834 5835
3902 3904
6454 6455
7302 7305
7869 7870
5402 5404
4392 4393
5832 5833
6312 6313
4747 4750
4947 4950
7819 7822
3919 3923
7426 7429
7791 7793
5946 5951
6435 6436
3970 3974
4460 4462
7532 7534
5405 5406
4858 4860
3937 3942
5857 5862
5867 5868
6259 6260
6885 6888
7397 7400
6270 6275
5936 5938
6464 6466
3964 3967
4996 4999
6832 6834
7786 7787
4805 4806
5317 5318
6408 6409
6888 6889
4282 4286
6903 6906
7415 7418
7859 7862
4444 4446
7525 7526
6495 6500
6938 6941
4842 4844
5354 5356
4771 4776
4983 4985
5979 5984
5414 5417
7334 7337
5886 5890
4410 4412
6901 6903
4386 4389
7458 7461
4243 4244
6871 6872
6403 6405
4873 4877
7383 7384
7827 7828
4860 4862
5372 5374
4920 4923
5432 5435
6840 6843
4829 4832
6872 6873
7352 7355
4864 4866
5376 5378
6896 6898
7408 7410
6980 6983
7330 7334
7492 7495
4826 4828
6778 6782
5387 5390
4300 4304
7472 7475
5375 5376
7392 7393
5990 5992
4394 4396
3960 3961
7010 7012
4247 4249
5284 5287
6236 6239
4844 4846
7444 7446
4773 4774
5285 5286
4776 4779
7848 7851
5890 5891
6398 6399
6492 6496
6451 6452
3985 3986
6828 6831
7808 7809
4369 4373
7441 7445
6762 6766
5959 5960
7815 7816
4309 4312
7793 7795
4741 4742
7816 7817
7490 7493
4927 4928
5439 5440
6847 6848
5283 5285
7359 7360
4828 4830
5340 5342
7833 7838
6796 6797
5514 5516
6349 6352
6499 6500
4816 4818
5328 5330
7781 7782
5897 5898
7770 7774
3922 3925
7394 7397
4879 4881
7794 7799
5914 5915
4750 4753
6781 6782
7293 7294
4898 4899
4311 4314
4755 4758
5267 5270
4423 4427
4738 4741
6279 6283
6731 6734
6917 6920
7495 7499
5854 5857
7810 7813
7840 7841
5452 5453
6406 6410
7473 7477
5356 5361
5872 5876
4258 4260
6949 6950
4234 4237
7818 7821
4978 4979
7438 7439
5856 5859
4453 4456
6416 6419
5929 5933
6899 6900
6372 6377
5012 5016
5813 5814
6376 6380
4984 4987
5496 5499
7789 7790
4753 4757
4348 4353
6959 6962
7491 7492
4913 4915
6984 6989
5270 5274
5549 5553
7248 7253
7845 7848
4471 4474
5427 5430
7339 7342
4775 4777
5487 5488
6247 6248
4275 4277
5806 5809
4777 4782
4940 4942
5878 5880
5429 5431
6381 6383
7384 7388
6385 6388
5310 5311
5954 5955
5823 5826
6943 6946
7455 7458
7842 7845
6739 6740
7334 7335
4487 4489
3956 3959
4236 4239
6266 6269
4997 4999
6438 6442
6996 7000
5945 5946
5840 5844
5410 5414
5962 5963
6804 6809
4946 4947
5918 5919
6498 6499
6866 6867
5983 5984
6931 6934
4421 4424
5863 5865
7259 7261
7375 7379
5809 5813
3991 3993
5508 5509
5773 5775
7274 7277
6782 6783
5265 5266
4396 4399
4820 4823
5006 5008
6732 6735
6965 6966
7468 7471
7453 7456
3967 3969
5827 5828
4982 4983
5494 5495
4922 4926
7536 7537
4882 4887
6334 6337
6428 6430
6989 6992
7501 7504
4474 4479
7849 7851
7389 7394
6967 6969
4418 4422
5782 5784
7797 7802
4957 4958
4745 4746
4501 4505
4340 4343
5831 5833
5900 5903
6341 6343
4867 4872
4906 4910
7783 7786
4992 4994
5504 5506
5801 5804
5419 5424
5970 5974
4372 4377
6792 6797
6378 6383
5010 5011
7774 7775
4273 4274
5489 5490
4902 4904
6228 6229
4344 4345
7416 7417
3899 3902
5892 5893
6396 6397
4408 4410
6313 6314
7529 7530
5518 5519
7795 7796
4352 4353
6777 6782
3908 3910
4468 4472
7540 7544
3901 3903
7386 7391
4263 4266
4359 4360
4272 4274
6898 6900
4328 4329
6474 6479
4911 4913
3902 3905
4332 4333
7404 7405
5402 5405
4261 4263
7845 7847
4392 4394
5832 5834
6312 6314
3919 3922
7791 7792
5849 5853
7858 7862
5946 5948
5491 5496
4762 4766
6435 6439
5007 5009
3970 3975
4460 4463
5030 5031
6983 6985
7532 7535
4858 4861
4312 4313
3937 3941
5857 5861
5867 5871
6259 6263
3903 3905
4895 4897
5407 5409
6270 6272
4316 4317
5936 5939
6464 6467
6832 6835
6352 6353
6382 6384
5341 5343
3914 3916
6408 6410
6888 6890
4282 4287
6921 6923
3997 4002
7433 7435
4444 4447
4817 4819
6258 6262
4842 4845
5354 5357
6805 6807
6265 6267
4983 4984
4921 4926
5886 5891
6901 6902
4410 4413
5905 5909
4243 4247
6871 6875
7383 7387
6403 6404
4873 4876
5385 5388
4860 4863
5372 5375
7390 7392
5432 5436
6840 6844
5366 5370
6872 6874
4377 4379
6897 6902
7449 7451
6455 6458
6892 6896
4864 4867
5376 5379
6896 6899
7408 7411
5915 5917
6772 6773
7284 7285
4826 4829
7273 7275
4300 4305
5375 5379
7392 7394
5990 5993
5526 5528
7364 7365
4286 4290
4394 4397
3960 3962
4796 4800
5308 5312
7420 7424
7010 7013
4247 4248
4844 4847
4933 4938
7444 7447
7848 7852
6492 6497
6503 6506
6451 6455
6338 6340
7808 7810
4508 4509
7780 7781
4369 4372
7441 7444
6762 6767
5959 5963
7815 7819
4975 4977
6371 6373
7793 7794
4870 4871
6790 6791
6878 6879
7816 7818
4297 4299
7369 7371
4927 4931
6847 6851
7359 7363
5283 5284
7833 7837
4828 4831
5340 5343
6796 6798
5514 5517
6349 6351
7509 7511
4878 4879
5490 5491
6798 6799
6911 6914
6499 6503
4816 4819
5328 5331
4411 4413
4841 4845
5524 5528
7470 7471
7770 7775
5386 5390
4879 4880
4959 4961
5471 5473
7794 7796
5918 5920
7838 7840
4465 4470
5433 5436
5287 5289
4852 4853
5388 5389
4423 4426
6279 6282
7495 7498
7840 7842
6801 6803
5452 5454
4772 4776
7764 7767
5950 5954
7473 7476
5872 5877
6862 6863
7374 7375
4258 4261
4389 4392
4943 4945
7363 7365
7823 7825
3933 3936
4909 4914
7411 7415
5929 5932
4793 4797
4370 4374
7862 7863
4984 4988
4836 4837
4753 4756
5330 5331
5934 5935
6830 6831
7491 7495
4913 4914
6766 6768
6493 6495
5549 5552
4489 4491
4775 4776
6459 6464
6247 6251
4275 4276
4480 4481
4777 4781
4940 4943
5878 5881
5429 5430
6381 6382
7357 7359
7018 7022
7530 7534
6739 6743
4487 4488
4977 4979
6262 6263
4997 4998
6438 6443
6833 6835
6996 7001
7774 7776
5434 5438
4763 4765
5410 5415
5268 5269
7020 7021
7375 7378
5983 5987
5863 5864
7259 7260
4981 4986
4932 4933
5444 5445
6436 6440
6844 6845
7356 7357
5809 5812
7427 7429
4942 4943
5298 5299
7804 7808
3991 3992
6246 6247
5508 5510
5773 5774
3992 3993
5006 5009
4438 4439
6858 6859
7370 7371
4956 4957
5800 5801
6472 6473
5827 5831
3967 3968
4916 4917
7852 7853
4366 4370
6286 6290
4882 4884
5394 5396
6428 6431
7382 7384
4474 4476
6394 6396
6989 6991
7501 7503
7389 7393
7849 7850
6967 6968
7797 7801
5782 5785
5799 5802
5831 5832
4501 4504
6341 6342
4906 4911
4505 4507
4992 4995
5504 5507
5031 5033
5543 5545
5970 5975
4458 4460
6378 6380
6963 6965
7515 7520
4902 4905
5545 5550
6228 6230
5551 5556
6850 6854
4344 4346
7416 7418
4231 4233
5447 5449
7303 7305
5542 5543
5892 5894
6396 6398
4408 4411
6318 6322
5885 5888
4376 4377
4433 4437
6346 6350
7795 7799
4352 4354
6777 6781
3908 3911
4468 4473
3901 3902
5967 5972
4314 4316
4497 4500
7386 7388
7344 7345
5977 5979
4801 4806
6242 6243
4268 4272
4272 4275
6898 6901
7526 7528
3941 3943
4328 4330
6474 6476
7269 7271
4911 4912
5985 5987
4332 4334
7404 7406
4261 4262
7845 7846
4392 4395
5832 5835
6312 6315
6421 6423
7326 7330
7426 7427
7791 7795
5849 5852
5262 5264
5946 5949
7243 7246
4762 4767
6435 6438
5007 5008
3970 3972
6869 6872
6983 6984
7298 7300
4312 4314
3937 3940
5857 5860
6280 6281
5867 5870
6259 6262
3903 3904
4895 4896
5407 5408
6819 6821
6270 6273
4316 4318
4980 4981
4430 4434
3978 3980
6832 6836
6352 6354
6382 6385
6837 6842
5341 5342
3914 3917
4282 4284
6408 6411
6888 6891
6921 6922
3997 4001
7433 7434
4817 4818
6258 6263
6979 6981
6938 6939
6805 6806
6265 6266
4921 4925
5825 5827
5886 5888
6276 6280
4764 4765
4964 4965
5276 5277
5476 5477
6742 6743
4506 4508
5905 5908
4386 4387
4243 4246
6871 6874
7383 7386
6403 6407
7458 7459
7827 7830
7390 7393
6840 6845
6872 6875
3982 3986
4266 4268
4377 4378
6897 6901
7449 7450
5833 5835
3901 3906
4381 4386
4864 4868
7408 7412
5915 5916
7330 7332
6772 6774
7284 7286
3934 3938
6778 6780
7273 7274
4857 4859
5369 5371
5375 5378
6364 6368
7392 7395
5417 5421
5526 5529
7364 7366
3960 3963
4509 4512
4241 4245
5308 5313
4247 4251
4933 4937
7848 7853
6294 6298
6451 6454
6338 6341
7808 7811
5318 5319
4508 4510
7780 7782
6762 6764
5959 5962
7815 7818
4975 4976
6371 6372
6391 6393
6835 6837
7347 7349
5793 5795
6902 6904
7816 7819
7765 7769
4297 4298
7369 7370
6846 6847
4927 4930
5439 5442
6847 6850
7359 7362
7833 7836
6796 6799
5940 5944
6349 6350
7509 7510
5926 5930
6822 6826
7481 7482
6499 6502
4816 4820
4411 4412
4841 4844
5301 5304
5505 5507
5524 5529
6946 6950
4495 4500
6940 6941
6870 6874
7770 7772
5386 5391
7495 7497
3922 3923
4270 4271
7394 7395
7500 7504
4879 4883
4959 4960
5471 5472
7399 7401
7493 7496
5918 5921
7794 7797
7838 7841
6317 6320
4465 4469
7345 7349
5287 5288
7778 7780
5899 5901
4852 4854
5388 5390
7804 7805
7810 7811
7840 7843
6801 6802
5452 5455
4494 4496
6406 6408
4943 4944
7363 7364
7823 7824
3958 3959
4234 4235
7818 7819
4909 4913
6899 6902
7411 7414
4793 4796
7865 7868
4984 4989
4836 4838
5484 5485
4934 4938
7017 7019
7491 7494
7283 7285
6766 6769
6978 6982
4758 4760
5270 5272
6493 6494
5549 5551
4489 4490
4775 4779
4416 4417
4784 4785
7488 7489
7856 7857
4504 4505
5487 5490
6247 6250
4480 4482
4777 4780
6994 6998
7357 7358
4918 4922
7530 7535
7842 7843
6739 6742
4487 4491
7279 7281
4977 4978
6833 6834
7774 7777
6266 6267
6438 6440
5036 5037
5548 5549
5434 5439
4763 4764
5410 5412
4823 4825
5335 5337
5779 5781
6219 6221
5268 5270
7020 7022
4868 4869
5380 5381
5333 5335
5983 5986
5863 5867
4981 4985
4932 4934
5444 5446
6844 6846
7356 7358
3991 3995
5508 5511
7274 7275
5828 5832
3992 3994
7788 7792
6447 6449
5029 5034
4956 4958
5800 5802
6472 6474
5827 5830
3967 3971
6775 6777
4916 4918
7852 7854
4366 4371
4922 4924
4882 4885
5394 5397
3911 3913
7382 7385
4474 4477
6394 6397
6989 6990
7389 7392
5345 5349
6967 6971
4418 4420
6431 6433
4459 4464
7797 7800
3986 3990
7431 7433
4313 4315
5831 5835
4451 4453
7523 7525
4317 4319
4906 4908
4505 4506
5504 5508
5031 5032
5543 5544
5970 5972
4759 4761
5975 5977
4327 4332
4458 4461
6378 6381
6963 6964
4224 4225
5033 5037
5545 5549
6228 6231
7296 7297
4344 4347
7416 7419
4231 4232
5447 5448
7303 7304
5892 5895
6396 6399
7281 7283
4408 4412
6318 6323
4376 4378
4433 4436
7505 7508
7795 7798
4352 4355
6777 6780
6939 6941
7289 7292
7451 7453
4314 4317
7386 7389
5977 5978
4801 4805
7005 7010
4359 4362
5921 5923
6441 6446
7526 7529
4324 4328
3941 3942
4328 4331
6474 6477
7269 7270
7258 7262
5541 5544
4419 4421
5985 5986
4332 4335
7404 7407
5402 5403
6312 6316
6421 6422
7326 7331
7398 7402
7791 7794
7858 7860
5262 5265
7812 7816
6244 6245
4762 4764
6273 6278
7836 7839
3970 3973
7298 7301
4448 4449
5776 5777
7328 7329
4858 4859
4312 4315
6280 6282
6961 6965
4895 4899
5407 5411
6819 6820
4770 4772
4901 4905
4316 4319
4980 4982
5991 5996
3978 3981
3897 3899
6352 6355
4965 4968
6837 6841
7353 7358
6408 6412
4282 4285
5885 5887
6888 6892
3997 4000
5277 5280
6258 6260
4245 4248
6495 6497
6979 6980
4842 4843
5354 5355
6934 6935
7446 7447
4983 4986
4921 4924
5825 5826
5886 5889
4410 4411
4764 4766
4964 4966
5276 5278
5476 5478
4506 4509
6276 6281
6399 6404
6403 6406
5366 5368
3982 3987
4266 4269
6897 6900
5833 5834
3901 3905
4381 4385
4864 4869
7330 7333
6772 6775
7284 7287
4826 4827
3918 3920
3934 3939
5286 5287
6778 6781
4857 4858
5369 5370
7392 7396
4905 4908
5417 5420
4394 4395
4286 4288
5846 5847
4380 4381
7358 7360
7364 7367
4310 4314
4241 4244
7313 7316
5406 5407
7010 7011
4247 4250
7326 7327
4933 4936
5791 5796
6294 6299
6975 6980
5981 5983
7853 7856
4508 4511
7780 7783
6762 6765
4473 4475
6329 6331
4975 4979
6391 6392
6835 6836
5499 5501
5793 5794
7347 7348
6902 6905
7419 7421
5396 5400
7816 7820
3946 3950
5283 5286
5514 5515
5940 5945
6822 6827
4816 4821
4411 4415
4507 4509
5505 5506
6940 6942
3948 3949
4244 4245
6870 6875
5386 5388
7770 7773
5944 5945
6328 6329
4457 4459
7337 7339
7500 7505
4879 4882
5471 5475
7399 7400
6468 6469
6317 6319
4465 4468
7345 7348
5338 5342
5521 5526
5287 5291
7778 7781
5899 5900
4852 4855
5388 5391
6448 6449
7804 7806
4454 4458
7840 7844
5289 5292
4494 4497
5458 5462
5950 5952
6354 6358
6406 6409
6998 6999
7510 7511
5416 5417
7336 7337
3934 3935
4258 4259
5486 5487
4943 4947
7262 7263
7363 7367
4485 4488
4404 4405
6316 6317
7476 7477
7438 7442
5034 5036
4909 4912
5421 5424
4370 4372
4427 4429
4887 4889
4836 4839
5484 5486
6326 6328
7017 7018
6369 6374
7283 7284
6978 6983
4758 4761
5270 5273
5549 5550
4775 4778
4416 4418
4784 4786
7488 7490
6411 6416
7856 7858
4504 4506
4360 4361
4840 4841
7432 7433
5306 5310
4275 4278
4480 4483
4918 4923
7018 7020
7530 7532
4487 4490
7279 7280
3931 3936
5547 5549
6438 6441
5036 5038
5548 5550
5434 5436
4763 4767
5410 5413
4823 4824
5335 5336
5779 5780
6219 6220
5268 5271
4868 4870
5380 5382
7020 7023
5333 5334
4357 4359
6277 6279
7470 7474
5853 5856
4824 4825
6425 6428
5863 5866
7259 7262
4981 4984
4932 4935
5282 5286
5444 5447
6782 6784
6844 6847
5455 5460
7311 7316
7356 7359
3991 3994
5324 5328
5904 5905
3992 3995
7277 7280
7788 7793
6447 6448
5323 5325
5029 5033
4956 4959
4961 4963
5473 5475
5800 5803
6472 6475
3967 3970
6775 6776
4916 4919
7852 7855
4366 4368
6286 6288
4922 4925
5393 5397
3911 3912
4833 4836
5345 5348
5480 5481
6967 6970
4418 4421
6431 6432
4748 4749
7820 7821
7373 7376
4313 4314
5831 5834
7773 7778
4451 4452
7523 7524
4317 4318
6852 6853
4906 4909
5021 5025
7357 7361
5543 5547
5970 5973
4759 4760
5975 5976
3907 3909
4248 4249
5976 5977
7341 7346
6963 6967
4224 4226
5033 5036
5545 5548
6850 6852
6457 6461
7296 7298
4929 4931
5441 5443
3940 3941
6849 6851
7361 7363
7416 7420
6929 6932
4231 4235
5447 5451
7303 7307
5984 5985
7281 7282
4408 4413
6318 6320
6476 6477
4376 4379
4358 4362
5518 5522
6346 6348
7860 7861
4937 4939
6857 6859
4352 4356
6939 6940
7451 7452
7321 7325
6997 6999
4801 4804
5313 5316
7005 7009
5390 5391
6898 6899
5921 5922
6441 6445
4324 4329
4328 4332
4911 4914
7827 7831
4419 4420
4809 4812
5781 5784
6312 6317
5406 5408
7326 7328
7398 7403
7858 7861
5946 5947
6244 6246
6342 6343
5364 5365
4762 4765
5830 5834
6435 6440
6273 6277
5007 5010
6983 6986
4448 4450
5776 5778
7328 7330
4312 4316
6280 6283
5438 5442
6961 6964
3903 3906
4895 4898
5407 5410
6819 6823
4770 4773
4901 4904
6229 6233
4980 4983
4430 4432
4948 4952
3897 3898
5546 5550
7462 7466
6352 6356
6377 6380
6837 6840
7353 7357
4993 4995
3914 3915
4278 4279
6408 6413
5885 5886
6735 6740
6888 6893
7350 7351
6979 6983
6258 6261
6495 6496
6776 6777
5001 5003
5015 5017
7435 7437
4764 4767
4964 4967
5276 5279
5476 5479
4510 4514
4243 4248
7827 7832
5366 5369
3982 3984
3901 3904
4381 4384
5915 5918
6914 6916
3918 3921
3934 3936
7262 7264
6958 6959
4488 4489
7392 7397
4286 4289
7358 7361
4380 4382
5917 5919
7494 7498
3945 3947
6373 6377
4374 4376
6294 6296
5981 5982
7853 7855
3985 3990
5454 5455
6338 6339
7465 7468
4473 4474
6329 6330
4975 4978
6371 6374
6391 6395
6835 6839
7347 7351
5499 5500
7419 7420
7522 7526
5540 5541
6927 6932
7516 7517
4406 4410
3946 3951
6254 6255
5926 5928
6822 6824
6798 6802
7764 7765
4411 4414
4507 4508
6946 6948
6359 6361
6803 6805
6940 6943
7315 7317
3948 3950
4244 4246
6404 6405
5386 5389
6870 6872
5944 5946
6328 6330
4457 4458
7337 7338
7794 7795
4959 4962
5471 5474
7399 7403
5888 5889
6384 6385
7285 7289
6468 6470
6317 6318
4925 4927
5338 5343
5521 5525
6861 6866
5287 5290
5899 5903
6448 6450
6239 6241
7804 7807
6508 6512
5458 5463
5950 5953
6354 6359
5356 5357
6932 6933
5797 5799
6862 6866
5416 5418
7336 7338
7374 7378
4943 4946
7363 7366
7823 7826
4404 4406
6316 6318
7476 7478
4903 4908
5034 5037
4909 4911
5421 5423
5786 5790
4370 4373
4427 4428
4887 4888
6223 6225
5484 5487
6326 6329
4934 4936
5934 5938
4888 4889
6369 6373
7491 7496
6978 6980
5951 5953
6335 6337
5852 5853
7385 7387
4416 4419
4784 4787
7488 7491
7856 7859
4384 4385
4504 4507
7525 7527
4360 4362
4840 4842
6986 6988
7432 7434
4480 4484
6994 6996
7323 7328
3921 3923
5269 5274
4918 4920
5430 5432
5841 5843
7282 7286
7018 7021
6814 6818
7530 7533
7801 7803
7279 7283
5547 5548
5036 5039
5548 5551
5434 5437
6269 6271
5901 5906
7821 7826
4763 4766
4823 4827
5335 5339
5779 5783
6219 6223
7427 7428
4868 4871
5380 5383
4357 4358
6277 6278
7470 7475
4824 4826
6782 6785
7461 7466
4942 4946
5904 5906
6757 6761
6417 6419
3992 3996
3900 3901
4292 4293
7277 7279
5372 5376
6447 6451
5323 5324
5029 5032
4367 4369
4961 4962
4757 4761
5473 5474
5800 5804
6472 6476
5827 5832
6775 6779
4290 4292
5803 5808
4366 4369
6286 6289
5393 5396
4882 4883
5394 5395
3911 3915
4323 4325
7395 7397
4474 4475
5894 5895
6394 6395
7814 7815
4276 4277
5480 5482
5321 5323
3986 3988
5973 5978
4748 4750
7820 7822
6255 6260
4437 4439
7373 7375
7773 7777
4451 4455
5947 5949
6852 6854
5021 5024
7357 7360
5031 5034
5543 5546
4759 4763
3907 3908
6449 6451
4458 4459
6378 6379
4248 4250
5976 5978
7341 7345
4273 4278
6963 6966
4492 4496
4224 4227
6850 6853
7296 7299
6457 6460
4391 4393
4929 4930
5441 5442
5551 5553
6311 6313
3940 3942
6849 6850
7361 7362
5876 5877
7263 7268
7416 7421
4481 4485
4231 4234
5447 5450
7303 7306
5984 5986
6318 6321
6476 6478
4376 4380
5518 5523
6346 6349
7860 7862
4401 4404
4937 4938
6857 6858
6426 6430
6939 6943
7321 7324
4291 4293
4751 4753
5967 5969
6727 6729
4314 4315
4774 4775
7386 7387
6997 6998
7846 7847
7005 7008
6441 6444
5814 5815
6474 6475
7258 7260
4782 4783
7854 7855
6988 6992
5406 5409
7326 7329
7398 7400
7517 7519
6244 6247
5364 5366
5830 5835
7292 7293
6273 6276
3970 3971
4990 4991
7298 7299
6300 6304
4448 4451
5776 5779
7328 7331
4312 4317
6280 6284
4970 4974
5482 5486
6819 6822
6229 6232
7807 7809
4430 4433
4785 4787
3978 3979
4948 4953
7286 7287
7857 7859
7353 7356
4993 4994
4282 4283
5958 5959
6968 6969
7480 7481
6979 6982
6495 6499
6771 6773
4402 4406
6776 6778
5001 5002
4954 4958
5966 5967
6874 6878
5015 5016
7435 7436
4800 4801
4506 4507
4510 4515
7782 7783
7014 7018
5016 5017
6442 6446
3982 3985
3926 3927
4266 4267
6974 6976
5980 5981
6308 6309
4904 4905
4462 4463
7330 7331
6914 6917
4512 4513
3934 3937
7262 7265
6778 6779
4300 4301
5460 5461
4488 4490
4380 4383
6274 6278
6357 6362
4310 4312
5917 5918
7494 7499
3945 3946
6373 6376
4374 4377
6294 6297
7853 7854
3985 3989
7538 7540
7775 7777
6762 6763
7866 7870
6391 6394
6835 6838
7276 7280
7347 7350
7419 7423
5540 5542
7516 7518
3946 3948
5926 5929
4802 4806
4470 4472
6798 6803
6822 6825
6389 6391
7335 7340
4507 4511
6946 6949
6359 6360
6803 6804
4495 4497
7315 7316
3948 3951
4244 4247
6404 6406
5944 5947
4270 4274
6328 6331
7770 7771
4778 4782
5290 5294
7399 7402
5888 5890
3957 3960
6384 6386
6891 6896
7285 7288
6468 6471
4754 4758
5377 5379
6306 6310
4925 4926
5338 5340
5521 5524
6861 6865
4825 4827
4510 4511
7778 7779
5899 5902
6448 6451
6239 6240
6243 6245
6880 6881
4454 4456
4829 4831
5989 5991
5418 5420
5458 5460
6354 6356
4299 4301
4795 4800
5271 5273
6497 6499
5356 5358
6932 6934
5797 5798
7374 7379
5416 5419
7336 7339
7445 7447
5886 5887
5488 5489
4404 4407
6316 6319
6784 6785
7438 7440
7476 7479
4909 4910
5421 5422
7767 7772
4427 4431
6223 6224
4821 4824
7429 7433
4934 4937
5934 5939
4888 4890
4449 4452
3944 3945
4232 4233
6369 6372
7304 7305
7283 7286
6978 6981
5951 5952
6335 6336
5925 5930
5852 5854
6284 6285
6214 6218
7385 7386
4784 4788
7488 7492
4384 4386
4504 4508
4412 4413
4360 4363
4840 4843
5306 5308
6986 6989
7267 7268
7432 7435
4480 4485
6994 6997
4931 4933
3921 3922
5269 5273
4918 4921
5430 5433
5841 5842
5903 5905
4279 4284
5957 5959
7801 7802
7279 7282
7346 7348
6315 6320
3905 3907
6269 6270
6754 6758
7266 7270
7300 7304
5901 5905
7821 7825
5410 5411
4823 4826
5335 5338
5779 5782
6219 6222
4960 4961
6816 6817
7470 7472
4824 4827
5802 5804
5282 5284
4491 4493
7461 7465
6741 6746
4942 4947
5479 5484
3925 3927
7802 7804
6414 6415
5904 5907
6757 6760
6417 6418
3900 3902
4292 4294
7277 7278
6447 6450
5323 5327
4367 4368
4757 4760
7439 7440
5800 5805
5910 5914
7830 7834
6775 6778
4290 4293
5927 5929
7847 7849
4922 4923
6388 6389
3911 3914
4323 4324
7395 7396
4343 4345
4787 4789
5299 5301
4276 4278
7332 7336
5480 5483
5321 5322
4418 4419
6431 6434
7870 7871
3986 3989
4745 4749
4748 4751
5973 5977
7820 7823
6484 6488
4437 4438
5509 5511
7373 7374
7773 7776
4451 4454
7523 7526
5947 5948
7275 7280
6852 6855
4906 4907
5334 5335
4892 4893
6471 6476
4822 4826
5970 5971
6446 6447
4759 4762
5975 5978
6814 6815
3907 3911
5445 5448
4327 4329
6449 6450
6747 6749
5862 5864
4248 4251
4837 4839
5349 5351
5976 5979
4269 4272
7341 7344
4273 4277
5489 5493
4492 4497
7296 7300
4391 4392
5551 5552
6311 6312
3940 3943
5876 5878
5359 5364
4481 4484
4985 4987
6841 6843
5984 5987
6907 6909
6313 6317
6476 6479
4358 4360
5518 5520
7430 7432
7860 7863
6941 6944
6426 6431
6939 6942
7451 7454
4291 4292
4751 4752
5967 5968
6924 6928
5817 5820
5019 5021
4756 4757
7828 7829
3910 3914
7258 7261
7453 7455
4969 4971
6825 6827
4419 4422
7398 7401
4930 4934
7517 7518
4990 4994
4926 4927
6478 6479
7858 7859
5364 5367
4762 4763
5478 5479
5525 5529
5830 5832
6960 6961
7292 7294
7242 7246
6300 6305
4448 4452
5776 5780
5438 5440
4516 4517
5974 5978
5482 5487
4770 4771
7807 7808
5991 5993
4785 4786
7857 7858
7462 7464
5546 5548
6921 6926
6968 6970
7480 7482
6258 6259
6495 6498
5404 5408
6771 6772
4402 4407
6912 6913
7424 7425
6776 6779
4954 4959
5015 5019
7435 7439
4800 4802
6399 6401
3990 3991
4510 4512
7014 7019
5016 5018
5295 5297
6974 6977
7449 7454
5980 5982
6308 6310
6892 6893
6821 6823
7333 7335
4904 4906
4512 4514
6834 6838
4300 4302
5460 5462
4488 4491
6357 6361
4310 4313
6915 6917
4422 4424
6868 6872
4869 4871
6789 6791
7494 7496
5791 5793
6975 6977
7487 7489
4900 4901
5412 5413
6876 6877
7388 7389
3985 3988
7538 7541
7775 7776
6944 6945
7456 7457
5930 5932
7866 7871
6409 6411
5499 5502
7419 7422
7522 7524
5783 5785
5540 5543
5329 5331
4297 4302
4406 4408
7516 7519
3946 3949
7260 7264
4470 4473
4878 4880
6798 6800
5527 5532
6389 6390
4507 4510
7315 7319
4495 4496
5897 5900
6404 6407
4854 4855
5386 5387
6878 6880
5944 5948
4270 4275
6328 6332
5290 5295
6825 6829
5888 5891
6384 6387
5027 5029
5377 5378
5539 5541
6306 6311
5338 5341
6861 6864
4825 4826
6761 6763
4477 4482
6448 6452
6243 6244
6880 6882
7539 7541
4454 4457
4829 4830
5989 5990
5418 5421
7861 7863
6801 6806
6396 6400
5458 5461
6354 6357
4299 4300
5271 5272
5356 5359
6497 6498
6862 6864
6932 6935
5416 5420
7336 7340
7374 7376
7445 7446
5486 5490
5488 5490
6784 6786
7438 7441
6738 6742
5034 5035
4484 4488
5020 5021
7268 7269
5786 5788
4370 4371
4427 4430
4887 4890
6223 6227
7429 7432
7535 7537
3920 3921
4256 4257
5472 5473
5382 5383
5934 5936
6278 6279
6830 6832
4888 4891
3944 3946
4232 4234
7304 7306
7348 7349
4913 4917
3979 3981
5259 5261
5459 5461
4489 4494
5852 5855
5925 5929
6284 6286
6969 6971
7488 7493
4384 4387
4923 4925
5435 5437
4504 4509
4412 4414
4360 4364
4840 4844
5306 5309
7432 7436
4931 4932
5903 5904
5269 5272
6469 6473
7282 7284
7018 7019
6814 6816
7530 7531
5957 5958
5547 5550
7346 7349
5945 5948
3905 3906
7266 7271
5434 5435
6854 6855
5901 5904
7821 7824
6953 6955
7427 7430
7465 7467
4960 4962
6816 6818
4907 4909
5371 5376
6289 6291
7470 7473
5802 5805
4925 4929
5282 5285
4491 4492
7461 7464
4239 4241
5455 5457
6741 6745
6851 6853
7311 7313
4390 4391
4942 4944
6310 6311
3925 3926
4989 4992
7252 7256
7802 7805
5904 5908
3900 3903
4292 4295
6838 6839
5860 5861
6930 6934
5265 5268
4254 4255
5323 5326
4367 4371
3909 3912
5910 5915
7830 7835
3933 3935
6793 6795
5927 5928
7847 7848
6241 6243
6388 6390
7395 7399
4343 4344
4787 4788
5299 5300
4347 4349
4276 4279
5480 5484
6420 6424
6807 6812
7332 7337
4745 4748
5973 5976
6321 6323
7537 7539
5509 5510
7272 7273
4364 4368
5947 5951
5787 5789
4892 4894
4822 4827
7351 7353
3896 3897
3907 3910
4327 4328
6747 6748
4331 4333
5303 5305
5862 5865
7474 7478
5976 5980
4837 4838
5349 5350
4269 4271
4469 4471
4273 4276
5489 5492
6963 6968
7341 7343
7541 7543
4442 4446
6850 6851
7296 7301
6780 6784
4391 4395
5551 5555
4400 4401
5876 5879
4985 4986
6841 6842
6765 6770
6907 6908
6313 6316
7529 7532
4358 4361
4306 4310
4950 4951
5462 5463
5518 5521
6346 6347
7378 7382
7430 7433
6426 6428
5960 5961
6440 6441
4291 4295
4751 4755
5967 5971
6727 6731
3924 3925
4268 4269
5428 5429
3974 3978
5390 5394
7340 7341
6924 6929
5019 5020
5906 5908
5451 5453
5911 5913
4756 4758
7828 7830
3910 3915
7453 7454
4986 4988
4969 4970
6825 6826
5985 5990
4930 4935
4990 4995
6960 6962
5013 5016
5525 5528
5830 5833
4502 4503
7292 7295
7242 7247
6330 6334
5776 5781
5438 5441
4516 4518
4970 4972
5482 5484
6819 6824
7807 7811
5991 5992
4274 4278
7462 7465
5546 5549
6458 6460
6735 6737
6921 6925
6968 6971
7480 7483
5400 5401
4817 4821
5404 5409
6771 6775
4402 4404
6912 6914
7424 7426
6265 6269
4353 4355
5263 5268
4954 4956
6874 6876
5015 5018
6348 6352
4800 4803
7435 7438
6399 6400
4510 4513
7014 7016
5016 5019
6442 6444
5295 5296
6295 6297
7449 7453
5980 5983
6308 6311
5833 5838
6881 6883
6892 6894
6821 6822
7333 7334
4904 4907
7393 7395
6914 6915
4512 4515
4464 4465
4853 4857
4300 4303
5460 5463
4998 5000
6834 6839
7273 7277
7390 7391
6274 6276
6357 6360
6915 6916
4422 4425
7494 7497
4869 4870
6789 6790
5791 5792
6975 6976
6307 6309
7487 7488
4900 4902
5412 5414
6876 6878
5492 5493
7388 7390
6944 6946
7456 7458
4804 4805
5930 5933
4794 4796
7793 7796
6409 6410
7347 7352
7866 7868
6222 6223
7522 7525
5783 5784
6927 6929
5329 5330
4297 4301
4406 4409
7369 7373
5784 5785
7260 7265
