5.189043436703917773e-03
8.294863946450893328e-04
1.694165109346370147e-03
5.514502032088610750e-04
9.125734783760286418e-04
1.766968053581588222e-03
7.576889873339399343e-04
1.045974313676261260e-03
1.804085523368681486e-03
1.120249982022362978e-03
3.477821905054231618e-04
1.107241305862981988e-03
5.557220682858555159e-04
4.088350137513937122e-04
1.299252590566620435e-03
3.839514807990869558e-04
5.901711250225361721e-03
5.817262599456700985e-04
2.611058271648320460e-04
8.527588564779481437e-04
5.865090968953406330e-04
1.521018347684295700e-03
9.317670205192381217e-04
6.750568038181603038e-04
1.094354581118962052e-03
8.811308130918388010e-04
4.545925124289276927e-03
9.239079020332829906e-04
1.275138417928803856e-03
1.763998237938461597e-03
1.913069736819655680e-04
1.134035583806216295e-03
1.248075833514032933e-03
1.376615865507082107e-03
1.212879517156349469e-03
1.244524123732025384e-03
7.900917330332683439e-04
6.191088888670636618e-04
3.326191689142850468e-04
6.467112231811684335e-04
1.055285427415694841e-03
1.213177087832783543e-03
3.526104826533796657e-04
7.752892518914338959e-04
4.411024747938473243e-04
1.482832315441350675e-03
4.292408402132593228e-04
7.330045788670787191e-04
1.276130353394716154e-03
7.517576861868961822e-04
2.143766596560889304e-04
4.790974234468321422e-03
3.355545667760236354e-04
6.442770393795867884e-04
5.556155322714168010e-04
1.543576359012749713e-03
1.913895942458025017e-04
1.299049796880933022e-03
6.542360348681232427e-04
1.810675264766035573e-03
1.762198572109877678e-04
9.295934410836266971e-04
5.880732196515466720e-04
4.165167655902434038e-04
5.785995062043194090e-04
1.348741165548949638e-03
4.779432321750955431e-04
1.026856658378686024e-03
9.628620138222558243e-04
4.862062959519942128e-03
1.192927376311650120e-03
9.773893350989923401e-04
6.897508470999116339e-04
4.244684824515682813e-04
8.820009430460167910e-04
6.248137632428068427e-04
4.231127377793427293e-04
4.145989745852537707e-04
1.503029351794497523e-03
7.239747889702131131e-04
1.985224687132036443e-03
2.983909806404501310e-04
1.005203052666686853e-03
5.203803958745103391e-04
2.397956132097149758e-03
7.484382282119130501e-04
6.123450166704212617e-04
1.498845006441473175e-03
4.308450056842649638e-03
5.774757905526108244e-04
9.375546378033847075e-04
9.057742793155310231e-04
8.200165468949455801e-04
1.172101370171605220e-03
9.805307600111914240e-04
1.903058837502730367e-03
2.700559826508770658e-04
4.151310846961723915e-04
3.385420094660831353e-04
1.061596260356759743e-03
2.635230550559008555e-04
1.576966576852909798e-03
3.550190830992915373e-04
4.922410260410718923e-04
1.201313404223029908e-03
1.025739408794816695e-03
2.492552868802055781e-03
1.531894411639621052e-04
1.767079009742394784e-03
5.448652965793253974e-04
2.063537337038980762e-03
6.197853368362578634e-04
1.656556559587738994e-03
1.004796795276768993e-03
1.797194328329521995e-03
6.933650895404711067e-04
1.999181349446739822e-03
4.833899421866313592e-03
4.251248940651158642e-04
1.411261078361873873e-03
3.511652906319180168e-04
1.018289284326941244e-03
5.333772937826769230e-04
4.388175306122085598e-04
1.354566383232466784e-03
6.328068816124129276e-04
5.923319294251214780e-04
1.865762849249610498e-04
9.963546715409223389e-04
3.101407973147915368e-04
7.595142434031021232e-04
1.708517689595336455e-03
3.800678736477086390e-04
1.743850808793987643e-03
1.211048784490327459e-03
7.319605402552763120e-04
1.241128200614652908e-03
8.519167320853685433e-04
1.743604350648039845e-04
1.146197146459854935e-03
1.586713202908753831e-03
3.643490798218396534e-04
1.557879736752938032e-03
1.252450374855539842e-03
3.494015302570037222e-04
7.520887500723802237e-04
1.869190955298675842e-03
4.544774718139025149e-04
1.115065019058928634e-03
1.758819237667961707e-03
6.236100347236208166e-04
4.151352306911130921e-04
1.064990178182826687e-02
4.430913805809792239e-04
9.975881379390310645e-04
1.433434091323921222e-03
1.478987994474284355e-03
9.240577978366403336e-04
1.299870598896885054e-03
2.932882980870908196e-04
1.096305904956101050e-03
1.753571906669512573e-04
1.649173112908674686e-03
1.582293419482281346e-04
5.489407119782104775e-04
4.266054712891320547e-04
6.533996397513155453e-04
7.979951634526552930e-04
5.929468094608163122e-04
6.080589588876979474e-04
6.480980725870438526e-04
1.152198117335306513e-03
4.770340882846715522e-04
1.917547536437221815e-03
7.440651296599462170e-04
1.481313120814098361e-04
2.160879116519753525e-04
2.251347104111811517e-04
6.390341035977139790e-04
1.496195478054900213e-03
2.396553217949763757e-04
5.553589974470824397e-04
9.041368838466535716e-04
2.846413166287446381e-03
1.030450681499536954e-03
8.403027674490437873e-04
2.977226359545437394e-04
9.156584653573253407e-04
9.875369924590786906e-04
3.070007944039380120e-04
9.087530346966368310e-04
1.223437274700302398e-03
6.662437233125141156e-04
1.405887052381556753e-03
1.546804382375360906e-03
5.533707956885630750e-04
3.792693776854472653e-04
1.221726884441018922e-03
9.440558127033213745e-04
8.173360427587929213e-05
8.080285383686332257e-04
1.545550585860189056e-03
6.815096040736792716e-04
2.642938098954301408e-03
8.181174775652169055e-04
8.466583321471840215e-04
5.420656977771307755e-04
7.839715620236876320e-04
1.520754636217640015e-03
5.327400837804688620e-04
9.217226709043160795e-04
5.592280826262309911e-04
2.878213427173642613e-04
6.889823843238302315e-04
2.711643332207028831e-04
8.891411200969191481e-04
1.769673795701745956e-04
8.289615840134112196e-04
5.662622860646794251e-04
8.412625891215969477e-04
1.500458601638045677e-03
3.339099126923291208e-04
2.015550500169541919e-04
3.900079426781397529e-04
1.746482452215606697e-03
1.891826136187077989e-04
1.183129345938785262e-04
4.886362224173243334e-04
6.066087354686146293e-04
1.103958426541074749e-03
4.981482789562818089e-04
1.386514148739581998e-03
9.985342795158919094e-04
1.362934833764617784e-03
7.124516148095557094e-04
1.600977650292233429e-03
7.300117544416532753e-04
4.456452134866699041e-04
6.860532743539145316e-04
1.216502031881909387e-03
1.340149996336090785e-03
1.535993782182555525e-03
1.055758979265712530e-03
1.048348560122995023e-03
7.246498719355639597e-04
7.081260408405144584e-04
6.423943856494120520e-04
1.391143876088345383e-03
2.088283344342241159e-03
8.408325833521694288e-04
1.011194732663061495e-03
9.265351401022661922e-04
7.313189360392009092e-04
3.703815515865166181e-04
1.827649431346877688e-03
5.842726178938474624e-04
8.736866565841955789e-04
1.186647585957782388e-03
9.677569850431197267e-04
7.253959523892408116e-04
4.314973308259335751e-04
4.048827559089639670e-04
1.035184682577802847e-03
7.129588722476278852e-05
3.946723552022759498e-04
5.928104389713379418e-04
1.614992885153949042e-04
8.868440835189404835e-04
1.391473819481610884e-04
9.011993839441940265e-04
6.724069387444341420e-04
2.055877594519234361e-04
4.715856513412436954e-04
6.867154220775873591e-04
3.161560106621303691e-03
7.714736667225468051e-04
1.948299922064749331e-03
5.582254352326339797e-04
1.129999884093397036e-03
2.137193533216139279e-04
3.707217662609076070e-04
1.894125716573858169e-03
9.590078470324179486e-04
3.286082518145971507e-03
8.396467499435803167e-04
2.026524860751143572e-03
1.985310773782632482e-04
8.014699411323278518e-04
3.319848999691653920e-04
4.336417146020502401e-04
3.409392727546312280e-04
6.503845529466059823e-04
2.379524837829405349e-04
1.211948215225616210e-03
2.245717969518451138e-03
2.518292274388179595e-04
2.142621369814175745e-03
1.506232578340488491e-03
4.675022181724448021e-04
5.453014610098173322e-04
4.079471252003494123e-04
1.700329199407222928e-03
4.648289292616408427e-03
1.744182251372654183e-03
6.450345399490108001e-04
6.218424303248001536e-04
1.688937242222459593e-04
1.115056582573599291e-03
1.235224922742831407e-03
1.340913648010655119e-03
6.868692912275692949e-04
8.363133809795804440e-04
4.566414083846183662e-04
2.393499272248496637e-04
6.468095362361189109e-04
8.231305658465722227e-04
5.962708258014567768e-03
1.160701437262652395e-03
2.764316260683714801e-03
9.258304605943109460e-04
2.005403559958160789e-04
6.548525702064610793e-04
4.977352028051647151e-04
1.256833981015848586e-03
1.427289851341811489e-03
1.155429040842178949e-03
1.470967194857223347e-03
4.601864254973254856e-04
1.312444262592451540e-03
4.096007338281140871e-04
9.786217548449433271e-04
1.307137350793008673e-03
4.038178310450786729e-04
6.952892604066202888e-04
6.117390576841914406e-04
8.043214997531953009e-04
4.946462642135328412e-04
1.163674095397907631e-03
1.093176463560751807e-03
5.592027568640045923e-04
5.186820680603277918e-04
3.648561956102804602e-04
1.099226384857109311e-03
1.602157574143532517e-03
1.011245589389303664e-03
1.200789656669191312e-03
4.858205897652137506e-04
1.071538910462659826e-03
3.210147163635700476e-03
8.724265075176703983e-04
1.545919234630437240e-03
1.249756509058391231e-03
3.952320988040900450e-04
5.622997685898045847e-04
6.496228559190116462e-04
5.569506594409406137e-04
1.234076930276712617e-03
7.313844089557595182e-05
3.219031654296318100e-04
1.468422700298140701e-03
9.615990620132704343e-04
4.317612998221421181e-04
6.070644352274028781e-04
1.066827102203474643e-03
4.371160564883329802e-04
2.907857875478801020e-04
7.166126144555804269e-04
5.565697716446606344e-04
1.236559407558980085e-04
4.427745820006788241e-04
8.138200666885143410e-04
4.903977657719177201e-03
1.618873123084109585e-03
9.676599941452805826e-04
6.940011547184490154e-05
1.578582132850644363e-03
9.591525055328775032e-04
1.232153834291086457e-03
6.746840274157476711e-04
5.890826028264328643e-04
5.821962467927781562e-04
4.713874182792810895e-04
1.372396889816280348e-04
3.880493312603735807e-04
2.827088252751268870e-04
1.256922084272897415e-03
5.883794378918475506e-04
7.333127928253820212e-04
2.118021038136179424e-03
9.858316052754906994e-04
6.948765924949147632e-04
5.705689551414535893e-04
7.967787162328956313e-04
1.058237704330286001e-03
1.417366625769678461e-03
4.909425375627451483e-04
1.257015290616681326e-03
4.471518812302788682e-04
1.172801675795794767e-03
6.759825456429866247e-04
4.325293695231084527e-03
5.491809611892836803e-04
4.614442350013420982e-04
4.084577549268254620e-04
9.706778808190647976e-04
1.258708757374875581e-03
1.216774480498358227e-03
1.508473928519044180e-03
2.590103300552774358e-04
2.819256249622481667e-04
8.116146052424861191e-04
5.594771425489418991e-04
5.659319291518262116e-04
1.258562872050989542e-03
1.346655919171793354e-03
7.185576314335392293e-04
6.333758411653243924e-04
3.607498144454514537e-04
6.277877841451718482e-04
1.069095320628582653e-03
3.814915472113423979e-04
8.626902521361130632e-05
1.754635456032139183e-04
2.240946572424990988e-04
8.781320109407432127e-04
1.309002896735150844e-03
2.000971160649426747e-03
1.625274280557240970e-03
4.669942755780475590e-04
1.551569694395192915e-04
9.592629052191075766e-05
5.882565712881770298e-03
1.369585985038977455e-03
6.815070425924116184e-04
4.469475480340808458e-04
7.930397123233513942e-04
8.042292963633919985e-04
3.409062883052705857e-04
1.242344226213267996e-03
8.677241648768966968e-04
1.194584270609886333e-03
1.353981767248964210e-03
6.002258156769205589e-04
1.075748539031643174e-03
1.592618101726220618e-03
1.319921864730531696e-03
1.020884097838862994e-03
5.577440233491663419e-04
2.005576769714546674e-03
1.486231802081174882e-03
6.094616713833971716e-04
8.184577229724281002e-04
4.222320762294152281e-04
1.184371727004710618e-04
1.296106822312197713e-03
5.624327621917104333e-04
6.252679928965935996e-04
8.787552671039894781e-04
1.382583962617733517e-03
8.125509100420302225e-04
1.067123247504211253e-03
2.604142817527881374e-04
2.165124002269507594e-04
4.422418955525224491e-04
6.393399929804344760e-04
1.420529458675802437e-03
1.885548711577016189e-03
7.542605703082176215e-04
5.193788983142231652e-04
8.983550379035800011e-04
9.345581762116638780e-05
4.114317868603375463e-04
2.477084033247491622e-04
5.754730030466546822e-04
1.691708826985605096e-03
2.650259999873826391e-03
6.000363113693879275e-04
1.196295336073781431e-03
1.195787360409313310e-03
4.198862590318281707e-04
8.710078888253467962e-04
1.574095759979276307e-03
5.726318526563317027e-04
1.545087516681417812e-03
2.546191753103224913e-03
8.809112521415414336e-05
8.727398968213762563e-04
1.530048190321167678e-03
1.355262676493815429e-04
4.632831075985226373e-04
1.350330007183566522e-03
1.102164166836080853e-03
1.098418704058973109e-03
1.100600368279905893e-03
7.493564178111180186e-04
5.939518619827776963e-04
8.951441160141937557e-04
1.019627483467184202e-03
8.770910896451607425e-04
1.557770526271392772e-03
1.758121476025078372e-03
6.994145800058777264e-04
1.194982207624242267e-03
8.139974590269506791e-04
1.475663442679812833e-03
1.592500869265241117e-03
4.096105466562493776e-04
1.348920286977847282e-03
4.773014953218264640e-03
3.627768315098243578e-04
2.475011029480386716e-04
1.856139219682745225e-03
4.009833736387643979e-04
1.623299278068607017e-04
1.248157574933659881e-03
6.800850042356687596e-04
1.072869472438189213e-03
5.251935445130410723e-04
8.573215547680045111e-04
1.778318465107987800e-03
8.739276064329767890e-04
9.036001038620177905e-04
2.750305312590343998e-03
5.357991520161496657e-04
8.043273943308718553e-04
1.519039956212409135e-04
3.658776899175664784e-03
4.758699301606257896e-04
2.135484729582624343e-04
4.129502116661165818e-04
1.258842201158981433e-03
7.922229623506757976e-04
1.782907202951885791e-03
4.168695973713547982e-04
7.115795357993068575e-05
6.513443628008406833e-04
2.213647958481156433e-04
9.739084839919236875e-04
1.080585463596122437e-03
1.408516663692060793e-03
3.082644757698673930e-04
4.914629737461371269e-04
4.279455462379870220e-04
1.281198971553092962e-04
6.491820323136574932e-04
9.906973038740468206e-04
3.940674980481091629e-04
1.843399536663821578e-03
4.082660192648355059e-04
5.717688371428778643e-04
6.065290616621225308e-04
1.082221263740296927e-03
1.293099561066720022e-04
8.836673330757914297e-04
1.346016933627517537e-03
5.685838392099859008e-04
1.065636329192344838e-03
2.676759549874492962e-04
1.413108305450939657e-03
3.207057827638537485e-04
3.899808582162625991e-04
8.979241282699355030e-04
9.023330880673202095e-04
3.931282537928241800e-04
3.873114483785692372e-04
8.503857747231475563e-04
5.252835309871603606e-04
4.622628286660001987e-04
8.062645492538280789e-04
7.895124807040128628e-04
6.518822639978234974e-04
1.071223087206576215e-03
6.866158614957192834e-04
2.877752686994460365e-04
9.923444727092908032e-04
2.995196354560944181e-04
3.990434980080213444e-04
5.490058273790749538e-04
1.107150854237451930e-03
1.058859380622318054e-03
4.746772079988279821e-05
5.105450416813624073e-04
6.649654086232478691e-04
1.929297921212965242e-03
1.502405140343060312e-04
5.695334593410433886e-04
9.869107768626502949e-04
2.893196380547975407e-04
7.022542339631718906e-04
6.300110287036180239e-04
1.953288280877880055e-03
3.331311258936295793e-04
2.086238793954025379e-04
6.398146061389301149e-04
7.091938665251532785e-04
1.230576942618415495e-04
1.447309141582542487e-03
2.944694857564033111e-04
4.126550229625928178e-03
1.620468209034886531e-03
4.780143041427121217e-04
5.224968697367926834e-04
7.192928911614229325e-04
4.513104270696608996e-04
9.329494783939375029e-04
7.744779733737695848e-04
6.303956396692240137e-04
9.347403218430841779e-04
2.084399334063710522e-03
2.585435503994667691e-03
1.246344643218618700e-03
5.482563229675282675e-04
2.448038646017878552e-03
5.466196158183693130e-04
5.570002800577315491e-04
4.798645556591769673e-04
7.063649563066771997e-04
1.946638351606180687e-03
9.959370641320888697e-04
1.513422468727787214e-03
1.004542481831673930e-03
4.007020229007477070e-03
1.216037192271176084e-03
5.149538042026005234e-04
3.185637452149628780e-04
1.569345926058703447e-03
7.634568013586438828e-03
6.692058133855183092e-04
5.913016304012910871e-04
2.364247877989279789e-04
6.100293094611513624e-04
4.246035108659451012e-04
4.561030223530561671e-04
6.376413505030376072e-04
2.669297035173961129e-03
1.371163093197558507e-04
1.307841147167004186e-03
4.386867798967220532e-04
3.516775740207835435e-04
1.731038108831803876e-03
9.313017916627945028e-04
4.845496259124840860e-04
7.708678072732463339e-03
1.172180712897042277e-03
3.154804430224627176e-04
6.126587907615277384e-04
9.415452534717110803e-04
1.263356824334889612e-03
1.282228216053822188e-04
8.045644573071424749e-04
3.074001246931245233e-04
3.006675610807170028e-04
6.823835490255325585e-04
2.620179513904181837e-04
1.959415343314285633e-04
1.433779156108626936e-03
6.699755171030088042e-04
1.097521883846303611e-03
7.883169723498254997e-04
5.054299130417551703e-03
1.399886075884361220e-03
4.821805865250062108e-04
1.815109474804838538e-03
5.406466788197694792e-04
8.922451561336689884e-04
4.665395800161266262e-04
5.057591252150984290e-04
9.387305109783603517e-04
1.358509636294328790e-03
9.368587198109048315e-04
6.236795183700979614e-04
3.889415529142141361e-03
2.027593593585510557e-04
5.666108675262841515e-04
3.194430557953679300e-04
3.455672894881689169e-04
8.055858607892190520e-03
1.372081241709159453e-03
5.302030116651100999e-04
1.406680498165599263e-03
6.100779762869575204e-04
5.711263857940753223e-04
3.260572461645794284e-04
1.433016630050790250e-03
5.606382671495809076e-04
2.110678146892752249e-03
8.159874346481967803e-04
1.571841392460496646e-03
1.539293447074417155e-03
4.557351124239441501e-04
3.049743178393069139e-04
2.227227385332397960e-03
4.366184983697756232e-04
9.841038540293462183e-04
1.362981503544901394e-03
2.011125229785368576e-03
1.017736129368465147e-03
4.978949699098480369e-03
5.464683823984913848e-04
8.414359606896829394e-04
5.851952157411338847e-04
2.065441410480185324e-03
4.235242085468291580e-04
9.147466128304315020e-04
7.897994219350880970e-04
2.042178867040214327e-03
1.075409987216169316e-03
4.180658504974133979e-04
5.451436901043449747e-04
1.608739164714358995e-03
1.250208916599339446e-03
1.245361384069068600e-03
4.630480918099176080e-04
5.111125051908218826e-04
1.397970062178885420e-03
3.675396735797918733e-03
1.261898094443868971e-03
1.277188136323305356e-03
1.537953174734281621e-03
8.298695515562830739e-04
1.277951939833483434e-03
4.854575843797493545e-03
6.840261824473923852e-04
1.057987499208345051e-03
3.322871166057875161e-03
1.498571093486009923e-03
1.057924562401000353e-03
1.539563740434289488e-04
3.235494751107951769e-04
3.612739468280031624e-04
2.568919367945693031e-04
5.548452154931185661e-04
8.261331975410113803e-04
7.794665858097283434e-04
1.659317509066625656e-03
9.831577122074411541e-04
2.713700383641499091e-04
9.816480323791769262e-04
1.403521034343114962e-03
9.474160829827755689e-04
3.480504390413488255e-04
1.513902373487409532e-03
9.296585223284509810e-04
9.317936558299230168e-04
5.558473110624086253e-04
5.552075145741400784e-04
1.793816979696100013e-03
9.315198097470975096e-04
7.286301449208833127e-04
6.113724665681162821e-04
2.591813428597290357e-04
1.879595743958141095e-04
5.183682729198384838e-04
7.544691181493058934e-04
5.533367569271822580e-04
9.588699857682463253e-04
7.113032087349789980e-04
3.503767448168939864e-04
1.984535980738544574e-03
7.245520022245225929e-04
4.236848736576798017e-04
2.894267741838573056e-03
2.948427949451026039e-04
3.180250978961161185e-04
7.122115088569277606e-04
5.030545071525865941e-04
1.400370183900648084e-04
8.725115391103864006e-04
2.606516882468579784e-04
1.279927174875219705e-03
8.036342593935456077e-04
8.610471765870932395e-04
2.334357073732717643e-04
1.235955767211778869e-03
3.408402164751072856e-04
8.608356302562195084e-04
2.231498787257475084e-04
1.296279335662629210e-03
1.143953404897344673e-03
1.071432825240291667e-03
4.663443887466289014e-04
5.540360080628968596e-04
2.335491572901090477e-04
9.326305504089515367e-04
1.506640665722035124e-04
1.328469102812452219e-03
5.161514932574957871e-04
6.787858695761795095e-04
8.891150705779501690e-04
1.440031126420824367e-03
5.359037223935240232e-04
1.058974323180546847e-03
1.076550154394607028e-03
1.760536778709205453e-04
2.413613520596987611e-03
7.758693514776982859e-04
8.285906717209769439e-04
1.458862595042265575e-04
3.455321502742318175e-04
2.072068234007580501e-03
1.128533961981415239e-03
1.176856811281181553e-03
3.284345868023698313e-04
1.323325149768772233e-03
2.157160838086825884e-04
1.470332370175375138e-03
9.724627730729052798e-04
9.948025407818755859e-04
1.416226667676856975e-03
2.649478360595598336e-03
4.461030408366499739e-04
8.393421017310646274e-04
5.866837441321102672e-04
1.349154422859823307e-03
1.129513225528561713e-03
7.982696907847671667e-04
1.213267498828525222e-03
7.326087392059206938e-04
1.381080450051998297e-03
4.697270795025540869e-04
6.258601745295347060e-04
1.087947915448859645e-03
1.574966271829918076e-03
5.846716810386360080e-04
3.836873099637461452e-04
4.856867185998196617e-04
9.004968653125724424e-04
8.012840602969833158e-04
7.143605695146086881e-04
2.706152629774132121e-04
9.687728541157754076e-04
2.001607826953627402e-04
4.675709758342605623e-04
8.028421719312813952e-04
1.087591207893008312e-03
6.405613101834886983e-04
7.809613342098630645e-04
8.237762662919003364e-04
8.296731565825912497e-04
8.137230685754911260e-04
1.491160565382887264e-03
3.504507226853826544e-04
3.032833194676303043e-04
1.179531552207052593e-03
1.532734396963168506e-03
6.618317914916511772e-04
1.410629513060533994e-03
5.437606020303573269e-04
1.170966525168194369e-03
6.276653362871538466e-04
8.944595796269549492e-04
9.859101649288099737e-04
3.828149522663186043e-03
4.818055429485565075e-03
8.117079269121146076e-04
8.973079305276991310e-04
5.138802235230147467e-04
4.985865281602086833e-04
2.727491637219188621e-04
2.895168433239320768e-03
7.843991531287544368e-04
1.268301836397527137e-04
3.799173660788164727e-04
9.507774930133001956e-04
1.578197942225962062e-04
3.928460829426378103e-04
6.280700805593396850e-04
5.090525583436725839e-04
8.830344045140918897e-05
5.598420096629761269e-03
5.638949696766012813e-04
1.482405217400384161e-03
1.347473263206711708e-04
1.705663789553019160e-03
5.259551037361755079e-04
6.535378726869865186e-04
1.129345820292258513e-03
4.647672665107368097e-04
9.382631522120319853e-04
4.220602074622360105e-04
5.442402768824432767e-04
4.344033551938579225e-04
5.280716033559842808e-04
8.501350584631571852e-04
2.184442207091732632e-03
2.166182226780377466e-03
2.796243365362170979e-04
1.238693994433795801e-04
1.516645767471762796e-04
2.455769343845746588e-04
1.177505109574115971e-03
4.506804883448829388e-04
4.293801651936295940e-04
5.306372538910200057e-04
1.482229814972620043e-03
1.099996296193948711e-03
1.281326182648866467e-03
1.297878161865080072e-03
1.282141802682285970e-03
9.893544677059659849e-04
1.343279837546015789e-03
7.848416692740078394e-04
2.313351252706411735e-03
6.135254200631785415e-04
7.241842432944241618e-05
1.026997607544156890e-03
4.362369711949100315e-04
1.999922401236382233e-04
3.591231828488525789e-04
1.417398549881217218e-03
3.170215425639598102e-04
1.854431255472235515e-03
1.922332612154187704e-03
5.771921447616386834e-04
9.696105608309313730e-04
1.047411914548370239e-03
9.775647161205350440e-04
6.390268873336507876e-04
2.361703071750666976e-04
7.195340811689053366e-04
5.865206089321563145e-04
5.013298803667201814e-04
2.152975201747412890e-04
6.475680944487565999e-04
1.301175156016862958e-03
1.009373608524275715e-03
4.638243329800070076e-04
1.644562765079573283e-03
5.549648099492064668e-03
4.327737373913908420e-03
6.925155551809891730e-04
2.165102672259842757e-03
5.714893609402309400e-04
1.559579976966318240e-04
1.327159596559943869e-03
1.341749341379865935e-03
6.117516705966968837e-04
9.836757467309984772e-04
5.535601207000765940e-04
9.198988749990207698e-04
2.273510061192564324e-03
5.969871065148242995e-04
3.939381951215806580e-04
4.521724211923152715e-04
1.517790973106574251e-03
5.665700557879382523e-04
9.203328622337520045e-04
1.813633860616032257e-03
6.102503070730218564e-04
2.992719908747631420e-04
4.101692529936896330e-04
1.077112759742378028e-03
4.681212489225863730e-04
5.771544736181828368e-04
7.987041749668685915e-04
5.055111536984565690e-04
1.957019082574778558e-03
9.364821433580456864e-04
2.701275459972233965e-04
1.772899676041260713e-04
1.196879555697555331e-03
7.014858429370413040e-04
6.662020258225771112e-04
1.215314005614701954e-03
2.133222568932239801e-04
1.232384313823392617e-03
8.340795887836938323e-04
1.272676708371266521e-03
4.715277768041632169e-04
9.222125838794768306e-04
1.201601873766321941e-03
4.346892584284295737e-04
7.547554083123091681e-04
1.154334077848694420e-03
9.835612951994230496e-04
6.458642838345542841e-04
1.923689247867080938e-04
9.202977763233478794e-04
1.623730115971283941e-04
8.383224635306337586e-04
8.506384736846072953e-04
1.567350231163510549e-03
6.373265353895195186e-04
4.935034751803483652e-04
4.136442903616049981e-04
6.417366995050957298e-04
3.406461174985148284e-04
2.168860009266458688e-04
3.884024218025586869e-04
1.603687591127360076e-03
5.946114504723223025e-04
1.251553917229490361e-03
5.581368888716470604e-04
1.524390682299747333e-03
3.996797801984252403e-04
1.955812617723624337e-03
6.086805626735493618e-04
7.251660080959576767e-04
6.042484376321665546e-04
1.680251962845968113e-03
