44	179
44	48
45	49
45	52
46	50
46	174
47	174
47	179
47	51
47	178
48	179
48	835
48	52
48	53
48	839
49	53
50	54
50	55
50	174
50	170
51	174
51	55
51	175
51	173
51	177
51	178
51	834
51	835
51	179
51	839
52	835
52	56
53	57
53	59
53	175
54	59
54	175
54	61
54	831
54	171
54	174
54	170
55	174
55	175
55	831
55	805
55	830
55	833
55	832
55	177
55	834
55	835
56	805
56	833
57	175
57	805
57	829
57	830
57	831
57	61
58	830
58	94
58	175
58	828
58	805
58	829
59	175
59	828
59	97
60	94
60	828
60	97
60	171
60	93
60	90
60	175
61	93
61	97
61	175
61	171
61	172
61	167
61	168
61	101
62	97
62	172
62	93
62	168
62	171
62	67
62	164
62	66
62	163
62	96
62	100
62	193
63	168
63	171
63	67
63	93
63	164
63	163
63	165
64	93
64	68
64	89
64	90
65	69
66	160
66	70
66	163
66	164
67	164
67	71
67	72
67	197
67	89
67	93
67	97
67	193
67	92
67	96
68	93
68	89
68	72
68	86
69	73
69	160
70	160
70	74
70	201
70	164
70	197
70	161
70	194
70	193
71	197
71	201
71	75
71	84
71	89
71	92
72	84
72	76
72	82
72	83
72	89
73	77
73	160
73	161
73	194
74	78
74	201
74	194
74	198
74	197
74	202
74	193
75	201
75	205
75	79
75	82
75	84
75	216
76	80
76	81
76	82
77	198
78	205
78	209
78	82
78	202
78	201
78	197
78	198
79	205
79	209
79	208
79	213
79	214
81	214
82	214
82	215
82	216
82	205
82	208
82	213
83	214
83	215
83	216
84	88
84	215
84	216
84	89
84	92
84	201
84	221
84	205
85	215
85	216
85	89
85	218
85	217
85	219
86	90
87	235
87	91
87	218
88	218
88	221
88	92
88	216
88	217
89	93
90	94
90	232
90	235
91	235
91	232
91	95
91	96
91	225
91	218
91	221
91	222
92	221
92	96
92	196
92	197
92	201
92	216
92	200
92	204
92	225
93	97
93	98
94	98
94	99
94	825
94	232
94	235
94	827
94	828
94	826
95	232
95	825
95	99
95	196
95	230
95	221
95	225
96	196
96	100
96	193
96	197
97	172
97	101
97	102
97	175
98	102
98	103
98	230
98	825
99	230
99	103
99	131
99	196
99	193
99	133
99	192
99	128
100	104
100	172
100	193
100	164
100	189
100	192
101	172
101	176
101	105
101	175
101	831
101	171
102	106
102	107
102	131
102	230
103	131
103	107
103	127
103	124
103	128
103	133
103	192
104	119
104	173
104	108
104	176
104	178
104	172
104	169
104	124
104	185
104	189
105	176
105	109
105	175
105	831
106	131
106	617
106	110
106	123
106	613
106	127
106	616
107	127
107	123
107	111
107	119
107	178
107	124
107	120
107	185
108	119
108	112
108	116
108	836
108	176
108	178
108	117
108	179
108	180
108	839
108	177
109	836
109	113
109	613
109	617
109	616
110	617
110	600
110	613
110	114
110	116
110	126
110	122
110	123
110	127
110	130
111	123
111	116
111	118
111	115
111	119
112	116
112	117
112	838
112	839
112	836
113	601
113	603
113	609
113	600
113	613
113	126
113	610
113	597
114	600
114	601
114	122
114	123
115	601
115	609
116	838
116	839
116	120
116	122
116	123
116	600
117	838
117	839
117	178
117	179
117	180
118	180
118	123
118	182
119	178
119	180
119	181
119	182
119	123
119	185
119	124
119	173
120	182
120	185
120	124
121	188
121	125
121	184
121	185
121	182
122	126
122	600
122	602
123	600
123	127
124	185
124	128
124	134
124	188
124	192
124	189
125	188
125	134
125	129
126	130
126	131
126	617
126	600
126	597
126	593
126	596
126	613
127	617
127	131
128	133
128	132
128	134
128	135
128	192
128	195
129	134
129	135
129	593
129	596
129	589
129	592
130	593
130	336
130	614
130	618
130	617
130	596
130	613
130	597
131	617
131	618
131	336
131	230
132	336
133	230
135	331
160	164
161	190
161	194
161	193
162	190
162	187
164	190
164	168
164	169
164	193
164	172
165	190
165	169
165	186
165	171
166	190
166	186
166	170
167	171
168	172
169	173
169	181
169	186
169	189
169	185
169	190
170	186
170	174
170	181
170	178
171	175
172	176
172	189
173	178
173	177
173	181
174	178
174	181
174	179
175	831
175	832
175	830
176	834
177	834
177	835
177	836
177	839
178	839
179	839
179	838
181	185
181	186
182	186
183	187
184	188
185	189
186	190
187	191
188	192
189	193
190	194
191	195
192	196
193	197
193	198
194	198
195	199
196	200
196	201
196	230
196	225
197	201
197	202
198	202
199	203
199	204
199	224
199	228
200	224
200	228
200	204
200	220
200	221
200	225
201	205
201	206
202	206
202	462
203	462
203	207
203	220
203	224
203	227
203	461
203	228
204	224
204	220
204	208
204	216
204	217
204	221
205	216
205	209
206	210
206	442
206	458
206	462
206	461
207	462
207	442
207	211
207	213
207	446
207	220
207	223
207	219
207	445
207	458
207	224
207	438
207	227
207	441
208	220
208	213
208	212
208	215
208	216
208	217
209	213
209	454
209	461
210	454
210	446
210	455
210	458
210	442
211	446
212	454
213	446
213	217
213	220
215	220
216	220
216	221
217	221
218	235
218	222
219	223
219	235
219	236
219	237
220	224
221	225
221	232
222	232
222	226
222	231
222	236
222	235
223	445
223	227
224	228
225	230
225	229
225	231
225	232
226	232
226	230
226	231
226	445
226	441
226	917
226	920
227	438
227	462
227	459
227	463
228	823
229	823
230	823
230	825
231	823
231	824
231	825
231	917
232	824
232	825
232	913
232	827
233	824
233	825
233	827
233	913
233	910
233	826
233	909
233	917
233	821
233	914
233	918
233	921
234	909
234	910
234	913
234	827
234	906
235	913
235	827
236	909
236	913
236	912
237	909
258	483
258	479
258	482
258	286
258	478
258	264
259	482
259	293
260	293
260	264
260	479
260	285
260	286
260	289
260	290
260	475
261	293
261	405
261	402
261	406
261	409
262	293
262	406
262	402
262	289
262	267
262	292
262	428
262	296
262	403
263	267
263	285
263	289
263	402
264	285
264	289
264	268
264	282
264	286
264	483
265	269
266	270
266	432
266	402
266	401
267	432
267	271
267	288
267	285
267	284
267	289
267	292
268	285
268	280
268	272
268	282
268	281
269	273
270	274
270	276
270	432
270	429
271	432
271	276
271	436
271	280
271	275
271	277
271	288
271	284
271	285
271	451
271	456
272	280
272	276
272	277
272	278
272	279
273	931
274	931
274	762
274	763
274	927
275	762
275	440
275	761
275	927
275	931
275	763
275	765
275	764
276	440
276	436
276	443
276	444
276	451
276	761
276	762
276	432
276	433
277	444
277	762
277	440
277	443
277	448
277	449
277	451
278	449
278	762
278	759
278	760
279	449
279	450
279	451
280	284
280	451
280	285
281	450
281	451
281	452
281	285
281	453
282	286
282	483
283	480
283	483
283	287
283	288
283	453
283	456
284	453
284	456
284	288
284	289
284	451
284	452
285	289
286	290
286	476
286	479
286	480
286	483
287	480
287	476
287	479
287	291
287	472
287	453
287	456
287	457
287	477
287	460
287	461
287	473
288	456
288	292
288	435
288	432
288	431
288	436
288	460
289	293
290	476
290	294
290	475
290	472
290	479
291	476
291	472
291	295
291	431
291	435
291	460
291	464
291	456
292	435
292	431
292	296
292	427
292	428
292	432
293	406
293	297
293	409
293	475
294	475
294	298
294	472
294	471
294	464
294	468
294	467
295	468
295	299
295	300
295	330
295	424
295	427
295	431
295	464
295	472
295	333
295	435
296	424
296	300
296	301
296	406
296	403
296	427
296	428
296	402
296	407
297	406
297	410
297	301
298	302
298	303
298	330
298	327
298	468
298	471
299	330
299	323
299	303
299	320
299	324
299	424
299	427
299	334
299	339
300	424
300	315
300	320
300	304
300	407
300	411
300	406
300	410
300	403
300	416
301	410
301	411
301	305
302	306
302	319
302	323
302	330
302	327
303	323
303	319
303	307
303	315
303	320
304	315
304	407
304	411
304	414
304	308
304	312
305	411
305	309
306	310
306	322
306	318
306	319
306	323
307	319
307	312
307	311
307	314
307	315
307	414
308	312
308	411
310	319
310	318
310	322
312	414
312	319
312	316
313	414
313	413
313	415
314	414
314	415
314	319
314	416
314	417
315	414
315	415
315	416
315	417
315	319
315	420
315	407
315	320
315	411
316	417
316	420
316	320
317	420
317	339
317	423
317	321
317	342
317	340
317	341
317	419
317	417
318	341
318	342
318	322
318	545
318	343
318	344
318	345
318	544
318	346
318	542
318	543
319	323
320	324
320	325
320	339
320	423
320	416
320	419
320	420
320	424
321	339
321	325
321	326
321	345
321	342
321	343
321	344
321	337
322	326
322	345
322	342
322	344
322	346
323	327
323	330
324	330
324	331
324	339
324	334
325	331
325	345
325	339
325	330
325	334
325	335
325	337
326	345
327	331
327	468
328	332
328	465
329	465
329	468
329	333
329	467
329	466
330	334
330	468
330	427
331	335
332	465
332	463
333	465
333	463
333	337
333	434
333	468
333	431
333	464
333	427
334	434
334	339
334	427
334	720
334	430
334	431
336	716
336	717
336	718
337	718
337	719
337	720
337	430
337	434
338	718
338	719
338	720
338	423
338	582
338	585
338	717
338	581
339	423
339	720
339	343
339	581
340	423
340	719
340	720
340	581
340	721
340	722
341	581
341	545
341	419
341	546
341	547
342	544
342	545
343	545
343	542
343	544
343	662
344	541
344	542
344	544
344	662
344	592
344	588
345	542
345	662
346	542
346	543
347	542
347	538
347	663
347	664
348	352
348	538
348	664
348	539
348	542
348	535
349	595
349	664
349	599
349	596
351	604
351	666
351	599
351	603
352	599
352	604
352	666
352	535
352	538
352	595
352	664
352	665
352	603
401	405
402	406
403	407
403	421
403	416
403	424
403	428
404	421
404	416
404	408
404	414
404	415
405	409
406	410
406	411
407	411
407	414
407	415
407	416
408	412
408	414
408	413
416	421
416	420
416	424
417	421
418	422
419	423
419	721
420	424
421	425
422	426
422	720
422	721
422	723
422	724
423	721
423	720
423	427
424	428
424	429
425	429
425	430
425	724
426	724
426	430
426	720
426	719
426	721
426	722
426	723
427	720
427	431
427	432
428	432
429	433
429	724
430	724
430	713
430	434
430	720
430	718
431	720
431	463
431	435
431	436
431	464
432	436
432	437
433	437
433	441
433	724
433	713
434	463
434	438
434	439
434	441
434	459
434	720
435	463
435	459
435	439
435	455
435	456
435	460
435	464
436	451
436	456
436	440
437	441
438	442
438	462
438	459
438	463
439	459
439	455
439	451
439	443
439	452
439	456
440	451
440	444
440	448
440	761
440	762
441	445
442	446
442	448
442	455
442	462
442	454
442	458
442	459
443	455
443	448
443	447
443	450
443	451
444	448
444	760
444	761
444	762
445	920
448	455
450	455
451	455
451	456
452	456
453	457
453	480
454	458
455	459
456	460
457	473
457	461
457	477
458	462
459	463
459	464
460	464
460	469
460	468
460	472
460	473
461	473
461	469
464	469
464	468
464	472
465	469
466	470
467	471
467	472
468	472
469	473
470	474
471	475
471	476
472	476
473	477
473	478
474	478
475	479
476	480
477	481
477	482
478	482
478	483
479	483
480	484
481	485
482	486
483	487
531	666
531	535
532	536
532	539
533	537
533	661
534	661
534	666
534	538
534	665
535	666
535	539
536	540
537	541
537	542
537	661
537	657
538	661
538	542
538	662
538	660
538	664
538	665
538	666
539	543
540	544
540	546
541	546
541	662
541	548
541	658
541	661
541	657
542	661
542	662
542	664
544	662
544	548
545	662
545	581
546	662
546	584
547	581
547	584
547	662
547	551
547	658
547	580
547	577
548	580
548	584
548	662
548	658
548	659
548	654
548	655
548	588
549	580
549	584
549	659
549	655
549	554
549	651
549	553
549	650
549	652
549	583
549	587
549	680
550	650
550	655
550	658
550	554
550	555
550	580
550	651
550	652
551	580
551	555
551	576
551	577
552	556
553	647
553	650
553	557
553	651
554	651
554	558
554	576
554	684
554	580
554	584
554	680
554	579
554	583
555	580
555	576
555	559
555	573
556	560
556	647
556	650
557	647
557	561
557	562
557	688
557	651
557	684
557	648
557	681
557	680
558	684
558	688
558	562
558	563
558	571
558	576
558	579
559	571
559	563
559	569
559	570
559	576
560	564
560	647
560	648
561	565
561	684
561	688
561	681
561	685
561	648
561	680
562	688
562	692
562	566
562	569
562	571
562	703
563	567
563	568
565	696
565	569
565	692
565	688
565	684
565	689
565	685
566	692
566	696
567	701
568	701
569	701
569	702
569	703
569	692
569	695
569	696
569	700
570	701
570	702
570	703
571	575
571	702
571	703
571	576
571	579
571	708
571	688
571	692
572	702
572	703
572	576
572	705
572	704
573	577
574	722
574	705
574	578
575	705
575	708
575	579
575	703
575	704
576	580
577	581
577	719
577	722
578	722
578	719
578	582
578	583
578	712
578	705
578	708
578	709
579	708
579	583
579	683
579	684
579	688
579	687
579	691
579	712
580	584
580	585
581	585
581	719
581	722
582	719
582	586
582	683
582	717
582	708
582	712
583	683
583	587
583	659
583	680
583	684
584	659
584	588
584	589
584	662
585	589
585	590
585	717
586	717
586	590
586	618
586	683
586	680
586	620
586	679
586	615
587	591
587	659
587	676
587	680
587	651
587	679
588	659
588	663
588	592
588	662
588	658
589	593
589	618
589	717
590	618
590	614
590	594
590	611
590	615
590	620
590	679
591	606
591	660
591	595
591	663
591	665
591	659
591	656
591	611
591	672
591	676
592	663
592	596
592	662
593	618
593	614
593	597
593	610
594	610
594	598
594	606
594	665
594	611
594	614
594	607
594	672
595	606
595	599
595	603
595	663
595	665
595	604
595	666
595	667
595	664
596	600
597	601
597	603
597	613
597	609
597	610
597	614
597	617
598	610
598	603
598	605
598	602
598	606
599	603
599	604
600	613
601	610
603	607
603	610
603	609
604	665
604	666
604	667
605	667
605	610
605	668
605	669
606	665
606	667
606	668
606	669
606	610
606	672
606	611
606	660
607	669
607	672
607	611
608	675
608	612
608	671
608	669
609	613
610	614
610	615
611	672
611	615
611	675
611	679
611	676
612	675
612	616
612	621
613	617
614	618
614	620
615	620
615	619
615	621
615	622
615	679
615	682
616	621
616	622
616	836
616	834
618	717
620	717
621	682
647	651
648	677
648	681
648	674
648	680
649	677
649	674
650	655
651	655
651	656
651	673
651	677
651	680
651	659
651	676
652	677
652	656
652	657
652	673
652	658
653	677
653	673
653	657
654	658
655	659
656	660
656	668
656	673
656	676
656	672
656	677
657	673
657	661
657	668
657	665
658	662
659	663
659	676
660	665
660	664
660	668
661	665
661	666
661	668
668	672
668	673
669	673
670	674
671	675
671	676
672	676
673	677
674	678
675	679
676	680
677	681
678	682
679	683
680	684
680	685
681	685
682	686
682	689
683	687
683	688
683	715
683	717
683	712
684	688
684	689
685	689
686	690
686	691
686	711
686	715
686	819
687	711
687	715
687	691
687	707
687	708
687	712
687	717
688	692
688	693
689	693
689	949
689	819
690	949
690	694
690	707
690	714
690	711
690	715
690	948
691	711
691	707
691	695
691	703
691	704
691	708
692	703
692	696
692	697
693	697
693	929
693	945
693	949
693	948
694	949
694	929
694	698
694	700
694	933
694	707
694	706
694	710
694	932
694	945
694	711
694	714
694	925
694	928
695	707
695	700
695	699
695	702
695	703
695	704
696	700
696	941
697	941
697	942
697	945
697	929
697	933
698	933
699	941
700	933
700	704
700	707
702	707
703	707
703	708
704	708
704	709
705	722
705	709
706	710
706	711
706	722
706	723
706	724
707	711
708	712
708	719
709	719
709	713
709	717
709	718
709	723
709	724
709	722
710	932
710	714
710	724
711	715
712	717
712	716
712	718
712	719
713	719
713	717
713	718
713	932
714	925
714	928
714	949
714	946
714	950
719	723
745	970
745	966
745	969
745	773
745	965
745	751
746	969
746	780
747	780
747	751
747	966
747	772
747	773
747	776
747	777
747	962
748	780
748	892
748	889
748	893
748	896
749	780
749	893
749	889
749	776
749	754
749	779
749	915
749	783
749	890
750	754
750	772
750	889
751	772
751	776
751	755
751	769
751	773
751	970
752	756
753	757
753	919
753	889
753	888
754	919
754	758
754	775
754	772
754	771
754	776
754	779
755	772
755	767
755	759
755	769
755	768
756	760
757	761
757	763
757	919
757	916
758	919
758	763
758	923
758	762
758	764
758	767
758	775
758	771
758	772
758	938
758	943
759	767
759	764
759	763
759	765
759	766
762	927
762	931
763	927
763	938
763	923
763	930
763	931
763	919
763	920
764	931
764	927
764	930
764	935
764	936
764	937
764	938
765	936
765	937
766	936
766	937
766	938
767	771
767	938
767	772
768	937
768	938
768	939
768	772
768	940
769	773
769	970
770	967
770	970
770	774
770	775
770	940
770	943
771	940
771	943
771	775
771	776
771	938
771	939
772	776
773	777
773	963
773	966
773	967
773	970
774	967
774	963
774	778
774	959
774	966
774	940
774	943
774	964
774	944
774	947
774	960
775	943
775	779
775	922
775	918
775	919
775	923
775	947
776	780
777	963
777	781
777	962
777	959
777	966
778	963
778	959
778	782
778	918
778	922
778	947
778	951
778	943
778	962
779	922
779	918
779	783
779	914
779	915
779	919
780	893
780	784
780	896
781	785
781	959
781	962
781	958
781	951
781	955
781	954
782	786
782	787
782	817
782	911
782	914
782	918
782	951
782	959
782	820
782	922
782	955
783	911
783	787
783	893
783	890
783	914
783	915
783	889
784	893
784	897
784	788
785	789
785	790
785	817
785	814
785	955
786	817
786	810
786	790
786	806
786	807
786	911
786	811
786	821
786	914
787	911
787	802
787	807
787	791
787	894
787	898
787	893
787	897
787	890
787	891
787	903
788	897
788	898
788	792
789	793
789	806
789	810
789	817
789	814
790	810
790	806
790	794
790	802
790	803
790	807
791	802
791	894
791	898
791	901
791	795
791	799
792	898
792	796
793	797
793	806
793	809
793	805
793	810
794	806
794	799
794	798
794	801
794	802
794	901
795	799
795	898
797	806
797	809
799	901
799	806
799	803
800	901
800	900
800	902
801	901
801	902
801	806
801	903
801	904
802	901
802	902
802	903
802	904
802	806
802	907
802	894
802	807
802	898
803	904
803	907
803	807
804	907
804	826
804	910
804	808
804	829
804	827
804	828
804	906
804	904
805	828
805	829
805	809
805	830
805	831
805	832
805	833
806	810
807	811
807	812
807	826
807	910
807	903
807	906
807	907
807	911
808	826
808	812
808	813
808	832
808	829
808	830
808	831
808	824
809	829
809	813
809	832
809	831
809	833
810	814
810	817
811	817
811	818
811	826
811	821
812	818
812	832
812	826
812	817
812	821
812	822
812	824
813	832
814	818
814	955
815	819
815	952
816	952
816	955
816	820
816	954
816	953
817	821
817	914
817	955
818	822
819	952
820	952
820	955
820	950
820	824
820	921
820	951
820	918
820	914
821	921
821	826
821	914
821	917
821	918
824	917
824	921
825	910
826	910
826	830
827	910
828	906
835	839
888	892
889	893
890	894
890	908
890	903
890	911
890	915
891	908
891	903
891	895
891	902
891	901
892	896
893	897
893	898
894	898
894	901
894	902
894	903
895	899
895	901
903	907
903	908
903	911
904	908
905	909
906	910
907	911
908	912
909	913
910	914
911	915
912	916
912	917
913	917
914	918
914	919
915	919
916	920
917	921
918	950
918	922
918	923
918	951
919	923
919	924
920	924
920	928
921	928
921	925
921	946
921	950
922	950
922	946
922	926
922	942
922	943
922	947
922	951
923	938
923	943
923	927
924	928
925	929
925	949
925	946
925	950
925	945
926	946
926	942
926	938
926	930
926	939
926	943
927	938
927	931
928	932
929	933
929	935
929	942
929	949
929	941
929	945
929	946
930	942
930	935
930	934
930	937
930	938
931	935
935	942
937	942
938	942
938	943
939	943
940	944
940	967
941	945
941	946
942	946
943	947
944	960
944	948
944	964
945	949
946	950
946	951
947	951
947	956
947	955
947	959
947	960
948	960
948	956
951	956
951	955
951	959
952	956
953	957
954	958
954	959
955	959
956	960
957	961
958	962
959	963
960	964
960	965
961	965
962	966
963	967
964	968
965	969
965	970
966	970
967	971
968	972
969	973
1018	1153
1018	1022
1019	1023
1019	1026
1020	1024
1020	1148
1021	1148
1021	1153
1021	1025
1021	1152
1022	1153
1022	1809
1022	1026
1022	1027
1022	1813
1023	1027
1024	1028
1024	1029
1024	1148
1024	1144
1025	1148
1025	1029
1025	1149
1025	1147
1025	1151
1025	1152
1025	1808
1025	1809
1025	1153
1025	1813
1026	1809
1026	1030
1027	1031
1027	1033
1027	1149
1028	1033
1028	1149
1028	1035
1028	1805
1028	1145
1028	1148
1028	1144
1029	1148
1029	1149
1029	1805
1029	1779
1029	1804
1029	1807
1029	1806
1029	1151
1029	1808
1029	1809
1030	1779
1030	1807
1031	1149
1031	1779
1031	1803
1031	1804
1031	1805
1031	1035
1032	1804
1032	1068
1032	1149
1032	1802
1032	1779
1032	1803
1033	1149
1033	1802
1033	1071
1034	1068
1034	1802
1034	1071
1034	1145
1034	1067
1034	1064
1034	1149
1035	1067
1035	1071
1035	1149
1035	1145
1035	1146
1035	1141
1035	1142
1035	1075
1036	1071
1036	1146
1036	1067
1036	1142
1036	1145
1036	1041
1036	1138
1036	1040
1036	1137
1036	1070
1036	1074
1036	1167
1037	1142
1037	1145
1037	1041
1037	1067
1037	1138
1037	1137
1037	1139
1038	1067
1038	1042
1038	1063
1038	1064
1039	1043
1040	1134
1040	1044
1040	1137
1040	1138
1041	1138
1041	1045
1041	1046
1041	1171
1041	1063
1041	1067
1041	1071
1041	1167
1041	1066
1041	1070
1042	1067
1042	1063
1042	1046
1042	1060
1043	1047
1043	1134
1044	1134
1044	1048
1044	1175
1044	1138
1044	1171
1044	1135
1044	1168
1044	1167
1045	1171
1045	1175
1045	1049
1045	1058
1045	1063
1045	1066
1046	1058
1046	1050
1046	1056
1046	1057
1046	1063
1047	1051
1047	1134
1047	1135
1047	1168
1048	1052
1048	1175
1048	1168
1048	1172
1048	1171
1048	1176
1048	1167
1049	1175
1049	1179
1049	1053
1049	1056
1049	1058
1049	1190
1050	1054
1050	1055
1050	1056
1051	1172
1052	1179
1052	1183
1052	1056
1052	1176
1052	1175
1052	1171
1052	1172
1053	1179
1053	1183
1053	1182
1053	1187
1053	1188
1055	1188
1056	1188
1056	1189
1056	1190
1056	1179
1056	1182
1056	1187
1057	1188
1057	1189
1057	1190
1058	1062
1058	1190
1058	1063
1058	1066
1058	1175
1058	1195
1058	1179
1059	1189
1059	1190
1059	1063
1059	1192
1059	1191
1059	1193
1060	1064
1061	1209
1061	1065
1061	1192
1062	1192
1062	1195
1062	1066
1062	1190
1062	1191
1063	1067
1064	1068
1064	1206
1064	1209
1065	1209
1065	1206
1065	1069
1065	1070
1065	1199
1065	1192
1065	1195
1065	1196
1066	1195
1066	1070
1066	1170
1066	1171
1066	1175
1066	1190
1066	1174
1066	1178
1066	1199
1067	1071
1067	1072
1068	1072
1068	1073
1068	1799
1068	1206
1068	1209
1068	1801
1068	1802
1068	1800
1069	1206
1069	1799
1069	1073
1069	1170
1069	1204
1069	1195
1069	1199
1070	1170
1070	1074
1070	1167
1070	1171
1071	1146
1071	1075
1071	1076
1071	1149
1072	1076
1072	1077
1072	1204
1072	1799
1073	1204
1073	1077
1073	1105
1073	1170
1073	1167
1073	1107
1073	1166
1073	1102
1074	1078
1074	1146
1074	1167
1074	1138
1074	1163
1074	1166
1075	1146
1075	1150
1075	1079
1075	1149
1075	1805
1075	1145
1076	1080
1076	1081
1076	1105
1076	1204
1077	1105
1077	1101
1077	1081
1077	1098
1077	1102
1077	1107
1077	1166
1078	1093
1078	1147
1078	1082
1078	1150
1078	1152
1078	1146
1078	1143
1078	1098
1078	1159
1078	1163
1079	1150
1079	1083
1079	1149
1079	1805
1080	1105
1080	1591
1080	1084
1080	1097
1080	1587
1080	1101
1080	1590
1081	1101
1081	1097
1081	1085
1081	1093
1081	1152
1081	1098
1081	1094
1081	1159
1082	1093
1082	1086
1082	1087
1082	1090
1082	1810
1082	1150
1082	1152
1082	1091
1082	1153
1082	1154
1082	1813
1082	1151
1083	1810
1083	1087
1083	1587
1083	1591
1083	1590
1084	1591
1084	1574
1084	1587
1084	1088
1084	1090
1084	1100
1084	1096
1084	1097
1084	1101
1084	1104
1085	1097
1085	1090
1085	1092
1085	1089
1085	1093
1086	1090
1086	1091
1086	1812
1086	1813
1086	1810
1087	1575
1087	1577
1087	1583
1087	1574
1087	1587
1087	1100
1087	1584
1087	1571
1088	1574
1088	1575
1088	1096
1088	1097
1089	1575
1089	1583
1090	1812
1090	1813
1090	1094
1090	1096
1090	1097
1090	1574
1091	1812
1091	1813
1091	1152
1091	1153
1091	1154
1092	1154
1092	1097
1092	1156
1093	1152
1093	1154
1093	1155
1093	1156
1093	1097
1093	1159
1093	1098
1093	1147
1094	1156
1094	1159
1094	1098
1095	1162
1095	1099
1095	1158
1095	1159
1095	1156
1096	1100
1096	1574
1096	1576
1097	1574
1097	1101
1098	1159
1098	1102
1098	1108
1098	1162
1098	1166
1098	1163
1099	1162
1099	1108
1099	1103
1100	1104
1100	1105
1100	1591
1100	1574
1100	1571
1100	1567
1100	1570
1100	1587
1101	1591
1101	1105
1102	1107
1102	1106
1102	1108
1102	1109
1102	1166
1102	1169
1103	1108
1103	1109
1103	1567
1103	1570
1103	1563
1103	1566
1104	1567
1104	1310
1104	1588
1104	1592
1104	1591
1104	1570
1104	1587
1104	1571
1105	1591
1105	1592
1105	1310
1105	1204
1106	1310
1107	1204
1109	1305
1134	1138
1135	1164
1135	1168
1135	1167
1136	1164
1136	1161
1138	1164
1138	1142
1138	1143
1138	1167
1138	1146
1139	1164
1139	1143
1139	1160
1139	1145
1140	1164
1140	1160
1140	1144
1141	1145
1142	1146
1143	1147
1143	1155
1143	1160
1143	1163
1143	1159
1143	1164
1144	1160
1144	1148
1144	1155
1144	1152
1145	1149
1146	1150
1146	1163
1147	1152
1147	1151
1147	1155
1148	1152
1148	1155
1148	1153
1149	1805
1149	1806
1149	1804
1150	1808
1151	1808
1151	1809
1151	1810
1151	1813
1152	1813
1153	1813
1153	1812
1155	1159
1155	1160
1156	1160
1157	1161
1158	1162
1159	1163
1160	1164
1161	1165
1162	1166
1163	1167
1164	1168
1165	1169
1166	1170
1167	1171
1167	1172
1168	1172
1169	1173
1170	1174
1170	1175
1170	1204
1170	1199
1171	1175
1171	1176
1172	1176
1173	1177
1173	1178
1173	1198
1173	1202
1174	1198
1174	1202
1174	1178
1174	1194
1174	1195
1174	1199
1175	1179
1175	1180
1176	1180
1176	1436
1177	1436
1177	1181
1177	1194
1177	1198
1177	1201
1177	1435
1177	1202
1178	1198
1178	1194
1178	1182
1178	1190
1178	1191
1178	1195
1179	1190
1179	1183
1180	1184
1180	1416
1180	1432
1180	1436
1180	1435
1181	1436
1181	1416
1181	1185
1181	1187
1181	1420
1181	1194
1181	1197
1181	1193
1181	1419
1181	1432
1181	1198
1181	1412
1181	1201
1181	1415
1182	1194
1182	1187
1182	1186
1182	1189
1182	1190
1182	1191
1183	1187
1183	1428
1183	1435
1184	1428
1184	1420
1184	1429
1184	1432
1184	1416
1185	1420
1186	1428
1187	1420
1187	1191
1187	1194
1189	1194
1190	1194
1190	1195
1191	1195
1192	1209
1192	1196
1193	1197
1193	1209
1193	1210
1193	1211
1194	1198
1195	1199
1195	1206
1196	1206
1196	1200
1196	1205
1196	1210
1196	1209
1197	1419
1197	1201
1198	1202
1199	1204
1199	1203
1199	1205
1199	1206
1200	1206
1200	1204
1200	1205
1200	1419
1200	1415
1200	1891
1200	1894
1201	1412
1201	1436
1201	1433
1201	1437
1202	1797
1203	1797
1204	1797
1204	1799
1205	1797
1205	1798
1205	1799
1205	1891
1206	1798
1206	1799
1206	1887
1206	1801
1207	1798
1207	1799
1207	1801
1207	1887
1207	1884
1207	1800
1207	1883
1207	1891
1207	1795
1207	1888
1207	1892
1207	1895
1208	1883
1208	1884
1208	1887
1208	1801
1208	1880
1209	1887
1209	1801
1210	1883
1210	1887
1210	1886
1211	1883
1232	1457
1232	1453
1232	1456
1232	1260
1232	1452
1232	1238
1233	1456
1233	1267
1234	1267
1234	1238
1234	1453
1234	1259
1234	1260
1234	1263
1234	1264
1234	1449
1235	1267
1235	1379
1235	1376
1235	1380
1235	1383
1236	1267
1236	1380
1236	1376
1236	1263
1236	1241
1236	1266
1236	1402
1236	1270
1236	1377
1237	1241
1237	1259
1237	1263
1237	1376
1238	1259
1238	1263
1238	1242
1238	1256
1238	1260
1238	1457
1239	1243
1240	1244
1240	1406
1240	1376
1240	1375
1241	1406
1241	1245
1241	1262
1241	1259
1241	1258
1241	1263
1241	1266
1242	1259
1242	1254
1242	1246
1242	1256
1242	1255
1243	1247
1244	1248
1244	1250
1244	1406
1244	1403
1245	1406
1245	1250
1245	1410
1245	1254
1245	1249
1245	1251
1245	1262
1245	1258
1245	1259
1245	1425
1245	1430
1246	1254
1246	1250
1246	1251
1246	1252
1246	1253
1247	1905
1248	1905
1248	1736
1248	1737
1248	1901
1249	1736
1249	1414
1249	1735
1249	1901
1249	1905
1249	1737
1249	1739
1249	1738
1250	1414
1250	1410
1250	1417
1250	1418
1250	1425
1250	1735
1250	1736
1250	1406
1250	1407
1251	1418
1251	1736
1251	1414
1251	1417
1251	1422
1251	1423
1251	1425
1252	1423
1252	1736
1252	1733
1252	1734
1253	1423
1253	1424
1253	1425
1254	1258
1254	1425
1254	1259
1255	1424
1255	1425
1255	1426
1255	1259
1255	1427
1256	1260
1256	1457
1257	1454
1257	1457
1257	1261
1257	1262
1257	1427
1257	1430
1258	1427
1258	1430
1258	1262
1258	1263
1258	1425
1258	1426
1259	1263
1260	1264
1260	1450
1260	1453
1260	1454
1260	1457
1261	1454
1261	1450
1261	1453
1261	1265
1261	1446
1261	1427
1261	1430
1261	1431
1261	1451
1261	1434
1261	1435
1261	1447
1262	1430
1262	1266
1262	1409
1262	1406
1262	1405
1262	1410
1262	1434
1263	1267
1264	1450
1264	1268
1264	1449
1264	1446
1264	1453
1265	1450
1265	1446
1265	1269
1265	1405
1265	1409
1265	1434
1265	1438
1265	1430
1266	1409
1266	1405
1266	1270
1266	1401
1266	1402
1266	1406
1267	1380
1267	1271
1267	1383
1267	1449
1268	1449
1268	1272
1268	1446
1268	1445
1268	1438
1268	1442
1268	1441
1269	1442
1269	1273
1269	1274
1269	1304
1269	1398
1269	1401
1269	1405
1269	1438
1269	1446
1269	1307
1269	1409
1270	1398
1270	1274
1270	1275
1270	1380
1270	1377
1270	1401
1270	1402
1270	1376
1270	1381
1271	1380
1271	1384
1271	1275
1272	1276
1272	1277
1272	1304
1272	1301
1272	1442
1272	1445
1273	1304
1273	1297
1273	1277
1273	1294
1273	1298
1273	1398
1273	1401
1273	1308
1273	1313
1274	1398
1274	1289
1274	1294
1274	1278
1274	1381
1274	1385
1274	1380
1274	1384
1274	1377
1274	1390
1275	1384
1275	1385
1275	1279
1276	1280
1276	1293
1276	1297
1276	1304
1276	1301
1277	1297
1277	1293
1277	1281
1277	1289
1277	1294
1278	1289
1278	1381
1278	1385
1278	1388
1278	1282
1278	1286
1279	1385
1279	1283
1280	1284
1280	1296
1280	1292
1280	1293
1280	1297
1281	1293
1281	1286
1281	1285
1281	1288
1281	1289
1281	1388
1282	1286
1282	1385
1284	1293
1284	1292
1284	1296
1286	1388
1286	1293
1286	1290
1287	1388
1287	1387
1287	1389
1288	1388
1288	1389
1288	1293
1288	1390
1288	1391
1289	1388
1289	1389
1289	1390
1289	1391
1289	1293
1289	1394
1289	1381
1289	1294
1289	1385
1290	1391
1290	1394
1290	1294
1291	1394
1291	1313
1291	1397
1291	1295
1291	1316
1291	1314
1291	1315
1291	1393
1291	1391
1292	1315
1292	1316
1292	1296
1292	1519
1292	1317
1292	1318
1292	1319
1292	1518
1292	1320
1292	1516
1292	1517
1293	1297
1294	1298
1294	1299
1294	1313
1294	1397
1294	1390
1294	1393
1294	1394
1294	1398
1295	1313
1295	1299
1295	1300
1295	1319
1295	1316
1295	1317
1295	1318
1295	1311
1296	1300
1296	1319
1296	1316
1296	1318
1296	1320
1297	1301
1297	1304
1298	1304
1298	1305
1298	1313
1298	1308
1299	1305
1299	1319
1299	1313
1299	1304
1299	1308
1299	1309
1299	1311
1300	1319
1301	1305
1301	1442
1302	1306
1302	1439
1303	1439
1303	1442
1303	1307
1303	1441
1303	1440
1304	1308
1304	1442
1304	1401
1305	1309
1306	1439
1306	1437
1307	1439
1307	1437
1307	1311
1307	1408
1307	1442
1307	1405
1307	1438
1307	1401
1308	1408
1308	1313
1308	1401
1308	1694
1308	1404
1308	1405
1310	1690
1310	1691
1310	1692
1311	1692
1311	1693
1311	1694
1311	1404
1311	1408
1312	1692
1312	1693
1312	1694
1312	1397
1312	1556
1312	1559
1312	1691
1312	1555
1313	1397
1313	1694
1313	1317
1313	1555
1314	1397
1314	1693
1314	1694
1314	1555
1314	1695
1314	1696
1315	1555
1315	1519
1315	1393
1315	1520
1315	1521
1316	1518
1316	1519
1317	1519
1317	1516
1317	1518
1317	1636
1318	1515
1318	1516
1318	1518
1318	1636
1318	1566
1318	1562
1319	1516
1319	1636
1320	1516
1320	1517
1321	1516
1321	1512
1321	1637
1321	1638
1322	1326
1322	1512
1322	1638
1322	1513
1322	1516
1322	1509
1323	1569
1323	1638
1323	1573
1323	1570
1325	1578
1325	1640
1325	1573
1325	1577
1326	1573
1326	1578
1326	1640
1326	1509
1326	1512
1326	1569
1326	1638
1326	1639
1326	1577
1375	1379
1376	1380
1377	1381
1377	1395
1377	1390
1377	1398
1377	1402
1378	1395
1378	1390
1378	1382
1378	1388
1378	1389
1379	1383
1380	1384
1380	1385
1381	1385
1381	1388
1381	1389
1381	1390
1382	1386
1382	1388
1382	1387
1390	1395
1390	1394
1390	1398
1391	1395
1392	1396
1393	1397
1393	1695
1394	1398
1395	1399
1396	1400
1396	1694
1396	1695
1396	1697
1396	1698
1397	1695
1397	1694
1397	1401
1398	1402
1398	1403
1399	1403
1399	1404
1399	1698
1400	1698
1400	1404
1400	1694
1400	1693
1400	1695
1400	1696
1400	1697
1401	1694
1401	1405
1401	1406
1402	1406
1403	1407
1403	1698
1404	1698
1404	1687
1404	1408
1404	1694
1404	1692
1405	1694
1405	1437
1405	1409
1405	1410
1405	1438
1406	1410
1406	1411
1407	1411
1407	1415
1407	1698
1407	1687
1408	1437
1408	1412
1408	1413
1408	1415
1408	1433
1408	1694
1409	1437
1409	1433
1409	1413
1409	1429
1409	1430
1409	1434
1409	1438
1410	1425
1410	1430
1410	1414
1411	1415
1412	1416
1412	1436
1412	1433
1412	1437
1413	1433
1413	1429
1413	1425
1413	1417
1413	1426
1413	1430
1414	1425
1414	1418
1414	1422
1414	1735
1414	1736
1415	1419
1416	1420
1416	1422
1416	1429
1416	1436
1416	1428
1416	1432
1416	1433
1417	1429
1417	1422
1417	1421
1417	1424
1417	1425
1418	1422
1418	1734
1418	1735
1418	1736
1419	1894
1422	1429
1424	1429
1425	1429
1425	1430
1426	1430
1427	1431
1427	1454
1428	1432
1429	1433
1430	1434
1431	1447
1431	1435
1431	1451
1432	1436
1433	1437
1433	1438
1434	1438
1434	1443
1434	1442
1434	1446
1434	1447
1435	1447
1435	1443
1438	1443
1438	1442
1438	1446
1439	1443
1440	1444
1441	1445
1441	1446
1442	1446
1443	1447
1444	1448
1445	1449
1445	1450
1446	1450
1447	1451
1447	1452
1448	1452
1449	1453
1450	1454
1451	1455
1451	1456
1452	1456
1452	1457
1453	1457
1454	1458
1455	1459
1456	1460
1457	1461
1505	1640
1505	1509
1506	1510
1506	1513
1507	1511
1507	1635
1508	1635
1508	1640
1508	1512
1508	1639
1509	1640
1509	1513
1510	1514
1511	1515
1511	1516
1511	1635
1511	1631
1512	1635
1512	1516
1512	1636
1512	1634
1512	1638
1512	1639
1512	1640
1513	1517
1514	1518
1514	1520
1515	1520
1515	1636
1515	1522
1515	1632
1515	1635
1515	1631
1516	1635
1516	1636
1516	1638
1518	1636
1518	1522
1519	1555
1519	1636
1520	1636
1520	1558
1521	1555
1521	1558
1521	1525
1521	1632
1521	1554
1521	1636
1521	1551
1522	1554
1522	1558
1522	1636
1522	1632
1522	1633
1522	1628
1522	1629
1522	1562
1523	1554
1523	1558
1523	1633
1523	1629
1523	1528
1523	1625
1523	1527
1523	1624
1523	1626
1523	1557
1523	1561
1523	1654
1524	1624
1524	1629
1524	1632
1524	1528
1524	1529
1524	1554
1524	1625
1524	1626
1525	1554
1525	1529
1525	1550
1525	1551
1526	1530
1527	1621
1527	1624
1527	1531
1527	1625
1528	1625
1528	1532
1528	1550
1528	1658
1528	1554
1528	1558
1528	1654
1528	1553
1528	1557
1529	1554
1529	1550
1529	1533
1529	1547
1530	1534
1530	1621
1530	1624
1531	1621
1531	1535
1531	1536
1531	1662
1531	1625
1531	1658
1531	1622
1531	1655
1531	1654
1532	1658
1532	1662
1532	1536
1532	1537
1532	1545
1532	1550
1532	1553
1533	1545
1533	1537
1533	1543
1533	1544
1533	1550
1534	1538
1534	1621
1534	1622
1535	1539
1535	1658
1535	1662
1535	1655
1535	1659
1535	1622
1535	1654
1536	1662
1536	1666
1536	1540
1536	1543
1536	1545
1536	1677
1537	1541
1537	1542
1539	1670
1539	1543
1539	1666
1539	1662
1539	1658
1539	1663
1539	1659
1540	1666
1540	1670
1541	1675
1542	1675
1543	1675
1543	1676
1543	1677
1543	1666
1543	1669
1543	1670
1543	1674
1544	1675
1544	1676
1544	1677
1545	1549
1545	1676
1545	1677
1545	1550
1545	1553
1545	1682
1545	1662
1545	1666
1546	1676
1546	1677
1546	1550
1546	1679
1546	1678
1547	1551
1548	1696
1548	1679
1548	1552
1549	1679
1549	1682
1549	1553
1549	1677
1549	1678
1550	1554
1551	1555
1551	1693
1551	1696
1552	1696
1552	1693
1552	1556
1552	1557
1552	1686
1552	1679
1552	1682
1552	1683
1553	1682
1553	1557
1553	1657
1553	1658
1553	1662
1553	1661
1553	1665
1553	1686
1554	1558
1554	1559
1555	1559
1555	1693
1555	1696
1556	1693
1556	1560
1556	1657
1556	1691
1556	1682
1556	1686
1557	1657
1557	1561
1557	1633
1557	1654
1557	1658
1558	1633
1558	1562
1558	1563
1558	1636
1559	1563
1559	1564
1559	1691
1560	1691
1560	1564
1560	1592
1560	1657
1560	1654
1560	1594
1560	1653
1560	1589
1561	1565
1561	1633
1561	1650
1561	1654
1561	1625
1561	1653
1562	1633
1562	1637
1562	1566
1562	1636
1562	1632
1563	1567
1563	1592
1563	1691
1564	1592
1564	1588
1564	1568
1564	1585
1564	1589
1564	1594
1564	1653
1565	1580
1565	1634
1565	1569
1565	1637
1565	1639
1565	1633
1565	1630
1565	1585
1565	1646
1565	1650
1566	1637
1566	1570
1566	1636
1567	1592
1567	1588
1567	1571
1567	1584
1568	1584
1568	1572
1568	1580
1568	1639
1568	1585
1568	1588
1568	1581
1568	1646
1569	1580
1569	1573
1569	1577
1569	1637
1569	1639
1569	1578
1569	1640
1569	1641
1569	1638
1570	1574
1571	1575
1571	1577
1571	1587
1571	1583
1571	1584
1571	1588
1571	1591
1572	1584
1572	1577
1572	1579
1572	1576
1572	1580
1573	1577
1573	1578
1574	1587
1575	1584
1577	1581
1577	1584
1577	1583
1578	1639
1578	1640
1578	1641
1579	1641
1579	1584
1579	1642
1579	1643
1580	1639
1580	1641
1580	1642
1580	1643
1580	1584
1580	1646
1580	1585
1580	1634
1581	1643
1581	1646
1581	1585
1582	1649
1582	1586
1582	1645
1582	1643
1583	1587
1584	1588
1584	1589
1585	1646
1585	1589
1585	1649
1585	1653
1585	1650
1586	1649
1586	1590
1586	1595
1587	1591
1588	1592
1588	1594
1589	1594
1589	1593
1589	1595
1589	1596
1589	1653
1589	1656
1590	1595
1590	1596
1590	1810
1590	1808
1592	1691
1594	1691
1595	1656
1621	1625
1622	1651
1622	1655
1622	1648
1622	1654
1623	1651
1623	1648
1624	1629
1625	1629
1625	1630
1625	1647
1625	1651
1625	1654
1625	1633
1625	1650
1626	1651
1626	1630
1626	1631
1626	1647
1626	1632
1627	1651
1627	1647
1627	1631
1628	1632
1629	1633
1630	1634
1630	1642
1630	1647
1630	1650
1630	1646
1630	1651
1631	1647
1631	1635
1631	1642
1631	1639
1632	1636
1633	1637
1633	1650
1634	1639
1634	1638
1634	1642
1635	1639
1635	1640
1635	1642
1642	1646
1642	1647
1643	1647
1644	1648
1645	1649
1645	1650
1646	1650
1647	1651
1648	1652
1649	1653
1650	1654
1651	1655
1652	1656
1653	1657
1654	1658
1654	1659
1655	1659
1656	1660
1656	1663
1657	1661
1657	1662
1657	1689
1657	1691
1657	1686
1658	1662
1658	1663
1659	1663
1660	1664
1660	1665
1660	1685
1660	1689
1660	1793
1661	1685
1661	1689
1661	1665
1661	1681
1661	1682
1661	1686
1661	1691
1662	1666
1662	1667
1663	1667
1663	1923
1663	1793
1664	1923
1664	1668
1664	1681
1664	1688
1664	1685
1664	1689
1664	1922
1665	1685
1665	1681
1665	1669
1665	1677
1665	1678
1665	1682
1666	1677
1666	1670
1666	1671
1667	1671
1667	1903
1667	1919
1667	1923
1667	1922
1668	1923
1668	1903
1668	1672
1668	1674
1668	1907
1668	1681
1668	1680
1668	1684
1668	1906
1668	1919
1668	1685
1668	1688
1668	1899
1668	1902
1669	1681
1669	1674
1669	1673
1669	1676
1669	1677
1669	1678
1670	1674
1670	1915
1671	1915
1671	1916
1671	1919
1671	1903
1671	1907
1672	1907
1673	1915
1674	1907
1674	1678
1674	1681
1676	1681
1677	1681
1677	1682
1678	1682
1678	1683
1679	1696
1679	1683
1680	1684
1680	1685
1680	1696
1680	1697
1680	1698
1681	1685
1682	1686
1682	1693
1683	1693
1683	1687
1683	1691
1683	1692
1683	1697
1683	1698
1683	1696
1684	1906
1684	1688
1684	1698
1685	1689
1686	1691
1686	1690
1686	1692
1686	1693
1687	1693
1687	1691
1687	1692
1687	1906
1688	1899
1688	1902
1688	1923
1688	1920
1688	1924
1693	1697
1719	1944
1719	1940
1719	1943
1719	1747
1719	1939
1719	1725
1720	1943
1720	1754
1721	1754
1721	1725
1721	1940
1721	1746
1721	1747
1721	1750
1721	1751
1721	1936
1722	1754
1722	1866
1722	1863
1722	1867
1722	1870
1723	1754
1723	1867
1723	1863
1723	1750
1723	1728
1723	1753
1723	1889
1723	1757
1723	1864
1724	1728
1724	1746
1724	1863
1725	1746
1725	1750
1725	1729
1725	1743
1725	1747
1725	1944
1726	1730
1727	1731
1727	1893
1727	1863
1727	1862
1728	1893
1728	1732
1728	1749
1728	1746
1728	1745
1728	1750
1728	1753
1729	1746
1729	1741
1729	1733
1729	1743
1729	1742
1730	1734
1731	1735
1731	1737
1731	1893
1731	1890
1732	1893
1732	1737
1732	1897
1732	1736
1732	1738
1732	1741
1732	1749
1732	1745
1732	1746
1732	1912
1732	1917
1733	1741
1733	1738
1733	1737
1733	1739
1733	1740
1736	1901
1736	1905
1737	1901
1737	1912
1737	1897
1737	1904
1737	1905
1737	1893
1737	1894
1738	1905
1738	1901
1738	1904
1738	1909
1738	1910
1738	1911
1738	1912
1739	1910
1739	1911
1740	1910
1740	1911
1740	1912
1741	1745
1741	1912
1741	1746
1742	1911
1742	1912
1742	1913
1742	1746
1742	1914
1743	1747
1743	1944
1744	1941
1744	1944
1744	1748
1744	1749
1744	1914
1744	1917
1745	1914
1745	1917
1745	1749
1745	1750
1745	1912
1745	1913
1746	1750
1747	1751
1747	1937
1747	1940
1747	1941
1747	1944
1748	1941
1748	1937
1748	1752
1748	1933
1748	1940
1748	1914
1748	1917
1748	1938
1748	1918
1748	1921
1748	1934
1749	1917
1749	1753
1749	1896
1749	1892
1749	1893
1749	1897
1749	1921
1750	1754
1751	1937
1751	1755
1751	1936
1751	1933
1751	1940
1752	1937
1752	1933
1752	1756
1752	1892
1752	1896
1752	1921
1752	1925
1752	1917
1752	1936
1753	1896
1753	1892
1753	1757
1753	1888
1753	1889
1753	1893
1754	1867
1754	1758
1754	1870
1755	1759
1755	1933
1755	1936
1755	1932
1755	1925
1755	1929
1755	1928
1756	1760
1756	1761
1756	1791
1756	1885
1756	1888
1756	1892
1756	1925
1756	1933
1756	1794
1756	1896
1756	1929
1757	1885
1757	1761
1757	1867
1757	1864
1757	1888
1757	1889
1757	1863
1758	1867
1758	1871
1758	1762
1759	1763
1759	1764
1759	1791
1759	1788
1759	1929
1760	1791
1760	1784
1760	1764
1760	1780
1760	1781
1760	1885
1760	1785
1760	1795
1760	1888
1761	1885
1761	1776
1761	1781
1761	1765
1761	1868
1761	1872
1761	1867
1761	1871
1761	1864
1761	1865
1761	1877
1762	1871
1762	1872
1762	1766
1763	1767
1763	1780
1763	1784
1763	1791
1763	1788
1764	1784
1764	1780
1764	1768
1764	1776
1764	1777
1764	1781
1765	1776
1765	1868
1765	1872
1765	1875
1765	1769
1765	1773
1766	1872
1766	1770
1767	1771
1767	1780
1767	1783
1767	1779
1767	1784
1768	1780
1768	1773
1768	1772
1768	1775
1768	1776
1768	1875
1769	1773
1769	1872
1771	1780
1771	1783
1773	1875
1773	1780
1773	1777
1774	1875
1774	1874
1774	1876
1775	1875
1775	1876
1775	1780
1775	1877
1775	1878
1776	1875
1776	1876
1776	1877
1776	1878
1776	1780
1776	1881
1776	1868
1776	1781
1776	1872
1777	1878
1777	1881
1777	1781
1778	1881
1778	1800
1778	1884
1778	1782
1778	1803
1778	1801
1778	1802
1778	1880
1778	1878
1779	1802
1779	1803
1779	1783
1779	1804
1779	1805
1779	1806
1779	1807
1780	1784
1781	1785
1781	1786
1781	1800
1781	1884
1781	1877
1781	1880
1781	1881
1781	1885
1782	1800
1782	1786
1782	1787
1782	1806
1782	1803
1782	1804
1782	1805
1782	1798
1783	1803
1783	1787
1783	1806
1783	1805
1783	1807
1784	1788
1784	1791
1785	1791
1785	1792
1785	1800
1785	1795
1786	1792
1786	1806
1786	1800
1786	1791
1786	1795
1786	1796
1786	1798
1787	1806
1788	1792
1788	1929
1789	1793
1789	1926
1790	1926
1790	1929
1790	1794
1790	1928
1790	1927
1791	1795
1791	1888
1791	1929
1792	1796
1793	1926
1794	1926
1794	1929
1794	1924
1794	1798
1794	1895
1794	1925
1794	1892
1794	1888
1795	1895
1795	1800
1795	1888
1795	1891
1795	1892
1798	1891
1798	1895
1799	1884
1800	1884
1800	1804
1801	1884
1802	1880
1809	1813
1862	1866
1863	1867
1864	1868
1864	1882
1864	1877
1864	1885
1864	1889
1865	1882
1865	1877
1865	1869
1865	1876
1865	1875
1866	1870
1867	1871
1867	1872
1868	1872
1868	1875
1868	1876
1868	1877
1869	1873
1869	1875
1877	1881
1877	1882
1877	1885
1878	1882
1879	1883
1880	1884
1881	1885
1882	1886
1883	1887
1884	1888
1885	1889
1886	1890
1886	1891
1887	1891
1888	1892
1888	1893
1889	1893
1890	1894
1891	1895
1892	1924
1892	1896
1892	1897
1892	1925
1893	1897
1893	1898
1894	1898
1894	1902
1895	1902
1895	1899
1895	1920
1895	1924
1896	1924
1896	1920
1896	1900
1896	1916
1896	1917
1896	1921
1896	1925
1897	1912
1897	1917
1897	1901
1898	1902
1899	1903
1899	1923
1899	1920
1899	1924
1899	1919
1900	1920
1900	1916
1900	1912
1900	1904
1900	1913
1900	1917
1901	1912
1901	1905
1902	1906
1903	1907
1903	1909
1903	1916
1903	1923
1903	1915
1903	1919
1903	1920
1904	1916
1904	1909
1904	1908
1904	1911
1904	1912
1905	1909
1909	1916
1911	1916
1912	1916
1912	1917
1913	1917
1914	1918
1914	1941
1915	1919
1915	1920
1916	1920
1917	1921
1918	1934
1918	1922
1918	1938
1919	1923
1920	1924
1920	1925
1921	1925
1921	1930
1921	1929
1921	1933
1921	1934
1922	1934
1922	1930
1925	1930
1925	1929
1925	1933
1926	1930
1927	1931
1928	1932
1928	1933
1929	1933
1930	1934
1931	1935
1932	1936
1933	1937
1934	1938
1934	1939
1935	1939
1936	1940
1937	1941
1938	1942
1939	1943
1939	1944
1940	1944
1941	1945
1942	1946
1943	1947
1992	2127
1992	1996
1993	1997
1993	2000
1994	1998
1994	2122
1995	2122
1995	2127
1995	1999
1995	2126
1996	2127
1996	2783
1996	2000
1996	2001
1996	2787
1997	2001
1998	2002
1998	2003
1998	2122
1998	2118
1999	2122
1999	2003
1999	2123
1999	2121
1999	2125
1999	2126
1999	2782
1999	2783
1999	2127
1999	2787
2000	2783
2000	2004
2001	2005
2001	2007
2001	2123
2002	2007
2002	2123
2002	2009
2002	2779
2002	2119
2002	2122
2002	2118
2003	2122
2003	2123
2003	2779
2003	2753
2003	2778
2003	2781
2003	2780
2003	2125
2003	2782
2003	2783
2004	2753
2004	2781
2005	2123
2005	2753
2005	2777
2005	2778
2005	2779
2005	2009
2006	2778
2006	2042
2006	2123
2006	2776
2006	2753
2006	2777
2007	2123
2007	2776
2007	2045
2008	2042
2008	2776
2008	2045
2008	2119
2008	2041
2008	2038
2008	2123
2009	2041
2009	2045
2009	2123
2009	2119
2009	2120
2009	2115
2009	2116
2009	2049
2010	2045
2010	2120
2010	2041
2010	2116
2010	2119
2010	2015
2010	2112
2010	2014
2010	2111
2010	2044
2010	2048
2010	2141
2011	2116
2011	2119
2011	2015
2011	2041
2011	2112
2011	2111
2011	2113
2012	2041
2012	2016
2012	2037
2012	2038
2013	2017
2014	2108
2014	2018
2014	2111
2014	2112
2015	2112
2015	2019
2015	2020
2015	2145
2015	2037
2015	2041
2015	2045
2015	2141
2015	2040
2015	2044
2016	2041
2016	2037
2016	2020
2016	2034
2017	2021
2017	2108
2018	2108
2018	2022
2018	2149
2018	2112
2018	2145
2018	2109
2018	2142
2018	2141
2019	2145
2019	2149
2019	2023
2019	2032
2019	2037
2019	2040
2020	2032
2020	2024
2020	2037
2020	2030
2020	2031
2021	2025
2021	2108
2021	2109
2021	2142
2022	2026
2022	2149
2022	2142
2022	2146
2022	2145
2022	2150
2022	2141
2023	2149
2023	2153
2023	2027
2023	2030
2023	2032
2023	2164
2024	2028
2024	2029
2024	2030
2025	2146
2026	2153
2026	2157
2026	2030
2026	2150
2026	2149
2026	2145
2026	2146
2027	2153
2027	2157
2027	2156
2027	2161
2027	2162
2029	2162
2030	2162
2030	2163
2030	2164
2030	2153
2030	2156
2030	2161
2031	2162
2031	2163
2031	2164
2032	2036
2032	2164
2032	2037
2032	2040
2032	2149
2032	2169
2032	2153
2033	2163
2033	2164
2033	2037
2033	2166
2033	2165
2033	2167
2034	2038
2035	2183
2035	2039
2035	2166
2036	2166
2036	2169
2036	2040
2036	2164
2036	2165
2037	2041
2038	2042
2038	2180
2038	2183
2039	2183
2039	2180
2039	2043
2039	2044
2039	2173
2039	2166
2039	2169
2039	2170
2040	2169
2040	2044
2040	2144
2040	2145
2040	2149
2040	2164
2040	2148
2040	2152
2040	2173
2041	2045
2041	2046
2042	2046
2042	2047
2042	2773
2042	2180
2042	2183
2042	2775
2042	2776
2042	2774
2043	2180
2043	2773
2043	2047
2043	2144
2043	2178
2043	2169
2043	2173
2044	2144
2044	2048
2044	2141
2044	2145
2045	2120
2045	2049
2045	2050
2045	2123
2046	2050
2046	2051
2046	2178
2046	2773
2047	2178
2047	2051
2047	2079
2047	2144
2047	2141
2047	2081
2047	2140
2047	2076
2048	2052
2048	2120
2048	2141
2048	2112
2048	2137
2048	2140
2049	2120
2049	2124
2049	2053
2049	2123
2049	2779
2049	2119
2050	2054
2050	2055
2050	2079
2050	2178
2051	2079
2051	2075
2051	2055
2051	2072
2051	2076
2051	2081
2051	2140
2052	2067
2052	2121
2052	2056
2052	2124
2052	2126
2052	2120
2052	2117
2052	2072
2052	2133
2052	2137
2053	2124
2053	2057
2053	2123
2053	2779
2054	2079
2054	2565
2054	2058
2054	2071
2054	2561
2054	2075
2054	2564
2055	2075
2055	2071
2055	2059
2055	2067
2055	2126
2055	2072
2055	2068
2055	2133
2056	2067
2056	2060
2056	2064
2056	2784
2056	2124
2056	2126
2056	2065
2056	2127
2056	2128
2056	2787
2056	2125
2057	2784
2057	2061
2057	2561
2057	2565
2057	2564
2058	2565
2058	2561
2058	2062
2058	2064
2058	2074
2058	2548
2058	2070
2058	2071
2058	2075
2058	2078
2059	2071
2059	2064
2059	2066
2059	2063
2059	2067
2060	2064
2060	2065
2060	2786
2060	2787
2060	2784
2061	2549
2061	2551
2061	2557
2061	2548
2061	2561
2061	2074
2061	2558
2061	2545
2062	2548
2062	2549
2062	2070
2062	2071
2063	2549
2063	2557
2064	2786
2064	2787
2064	2068
2064	2070
2064	2071
2064	2548
2065	2786
2065	2787
2065	2126
2065	2127
2065	2128
2066	2128
2066	2071
2066	2130
2067	2126
2067	2128
2067	2129
2067	2130
2067	2071
2067	2133
2067	2072
2067	2121
2068	2130
2068	2133
2068	2072
2069	2136
2069	2073
2069	2132
2069	2133
2069	2130
2070	2074
2070	2548
2070	2550
2071	2548
2071	2075
2072	2133
2072	2076
2072	2082
2072	2136
2072	2140
2072	2137
2073	2136
2073	2082
2073	2077
2074	2078
2074	2079
2074	2565
2074	2548
2074	2545
2074	2541
2074	2544
2074	2561
2075	2565
2075	2079
2076	2081
2076	2080
2076	2082
2076	2083
2076	2140
2076	2143
2077	2082
2077	2083
2077	2541
2077	2544
2077	2537
2077	2540
2078	2541
2078	2284
2078	2562
2078	2566
2078	2565
2078	2544
2078	2561
2078	2545
2079	2565
2079	2566
2079	2284
2079	2178
2080	2284
2081	2178
2083	2279
2108	2112
2109	2138
2109	2142
2109	2141
2110	2138
2110	2135
2112	2138
2112	2116
2112	2117
2112	2141
2112	2120
2113	2138
2113	2117
2113	2134
2113	2119
2114	2138
2114	2134
2114	2118
2115	2119
2116	2120
2117	2121
2117	2129
2117	2134
2117	2137
2117	2133
2117	2138
2118	2134
2118	2122
2118	2129
2118	2126
2119	2123
2120	2124
2120	2137
2121	2126
2121	2125
2121	2129
2122	2126
2122	2129
2122	2127
2123	2779
2123	2780
2123	2778
2124	2782
2125	2782
2125	2783
2125	2784
2125	2787
2126	2787
2127	2787
2127	2786
2129	2133
2129	2134
2130	2134
2131	2135
2132	2136
2133	2137
2134	2138
2135	2139
2136	2140
2137	2141
2138	2142
2139	2143
2140	2144
2141	2145
2141	2146
2142	2146
2143	2147
2143	2150
2144	2148
2144	2149
2144	2178
2144	2173
2145	2149
2145	2150
2146	2150
2147	2151
2147	2152
2147	2172
2147	2176
2148	2172
2148	2176
2148	2152
2148	2168
2148	2169
2148	2173
2149	2153
2149	2154
2150	2154
2150	2410
2151	2410
2151	2155
2151	2168
2151	2172
2151	2175
2151	2409
2151	2176
2152	2172
2152	2168
2152	2156
2152	2164
2152	2165
2152	2169
2153	2164
2153	2157
2154	2158
2154	2390
2154	2406
2154	2410
2154	2409
2155	2410
2155	2390
2155	2159
2155	2161
2155	2394
2155	2168
2155	2171
2155	2167
2155	2393
2155	2406
2155	2172
2155	2386
2155	2175
2155	2389
2156	2168
2156	2161
2156	2160
2156	2163
2156	2164
2156	2165
2157	2161
2157	2402
2157	2409
2158	2402
2158	2394
2158	2403
2158	2406
2158	2390
2159	2394
2160	2402
2161	2394
2161	2165
2161	2168
2163	2168
2164	2168
2164	2169
2165	2169
2166	2183
2166	2170
2167	2171
2167	2183
2167	2184
2167	2185
2168	2172
2169	2173
2169	2180
2170	2180
2170	2174
2170	2179
2170	2184
2170	2183
2171	2393
2171	2175
2172	2176
2173	2178
2173	2177
2173	2179
2173	2180
2174	2180
2174	2178
2174	2179
2174	2393
2174	2389
2174	2865
2174	2868
2175	2386
2175	2410
2175	2407
2175	2411
2176	2771
2177	2771
2178	2771
2178	2773
2179	2771
2179	2772
2179	2773
2179	2865
2180	2772
2180	2773
2180	2861
2180	2775
2181	2772
2181	2773
2181	2775
2181	2861
2181	2858
2181	2774
2181	2857
2181	2865
2181	2769
2181	2862
2181	2866
2181	2869
2182	2857
2182	2858
2182	2861
2182	2775
2182	2854
2183	2861
2183	2775
2184	2857
2184	2861
2184	2860
2185	2857
2206	2431
2206	2427
2206	2430
2206	2234
2206	2426
2206	2212
2207	2430
2207	2241
2208	2241
2208	2212
2208	2427
2208	2233
2208	2234
2208	2237
2208	2238
2208	2423
2209	2241
2209	2353
2209	2350
2209	2354
2209	2357
2210	2241
2210	2354
2210	2350
2210	2237
2210	2215
2210	2240
2210	2376
2210	2244
2210	2351
2211	2215
2211	2233
2211	2237
2211	2350
2212	2233
2212	2237
2212	2216
2212	2230
2212	2234
2212	2431
2213	2217
2214	2218
2214	2380
2214	2350
2214	2349
2215	2380
2215	2219
2215	2236
2215	2233
2215	2237
2215	2232
2215	2240
2216	2233
2216	2228
2216	2220
2216	2230
2216	2229
2217	2221
2218	2222
2218	2224
2218	2380
2218	2377
2219	2380
2219	2224
2219	2384
2219	2228
2219	2223
2219	2225
2219	2236
2219	2232
2219	2233
2219	2399
2219	2404
2220	2228
2220	2224
2220	2225
2220	2226
2220	2227
2221	2879
2222	2879
2222	2710
2222	2711
2222	2875
2223	2710
2223	2388
2223	2709
2223	2875
2223	2879
2223	2711
2223	2713
2223	2712
2224	2388
2224	2384
2224	2391
2224	2392
2224	2399
2224	2709
2224	2710
2224	2380
2224	2381
2225	2392
2225	2710
2225	2388
2225	2391
2225	2396
2225	2397
2225	2399
2226	2397
2226	2710
2226	2707
2226	2708
2227	2397
2227	2398
2227	2399
2228	2232
2228	2399
2228	2233
2229	2398
2229	2399
2229	2400
2229	2233
2229	2401
2230	2234
2230	2431
2231	2428
2231	2431
2231	2235
2231	2236
2231	2401
2231	2404
2232	2401
2232	2404
2232	2236
2232	2237
2232	2399
2232	2400
2233	2237
2234	2238
2234	2424
2234	2427
2234	2428
2234	2431
2235	2428
2235	2424
2235	2427
2235	2239
2235	2420
2235	2401
2235	2404
2235	2405
2235	2425
2235	2408
2235	2409
2235	2421
2236	2404
2236	2240
2236	2383
2236	2380
2236	2379
2236	2384
2236	2408
2237	2241
2238	2424
2238	2242
2238	2423
2238	2420
2238	2427
2239	2424
2239	2420
2239	2243
2239	2379
2239	2383
2239	2408
2239	2412
2239	2404
2240	2383
2240	2379
2240	2244
2240	2375
2240	2376
2240	2380
2241	2354
2241	2245
2241	2357
2241	2423
2242	2423
2242	2246
2242	2420
2242	2419
2242	2412
2242	2416
2242	2415
2243	2416
2243	2247
2243	2248
2243	2278
2243	2372
2243	2375
2243	2379
2243	2412
2243	2420
2243	2281
2243	2383
2244	2372
2244	2248
2244	2249
2244	2354
2244	2351
2244	2375
2244	2376
2244	2350
2244	2355
2245	2354
2245	2358
2245	2249
2246	2250
2246	2251
2246	2278
2246	2275
2246	2416
2246	2419
2247	2278
2247	2271
2247	2251
2247	2268
2247	2272
2247	2372
2247	2375
2247	2282
2247	2287
2248	2372
2248	2263
2248	2268
2248	2252
2248	2355
2248	2359
2248	2354
2248	2358
2248	2351
2248	2364
2249	2358
2249	2359
2249	2253
2250	2254
2250	2267
2250	2271
2250	2278
2250	2275
2251	2271
2251	2267
2251	2255
2251	2263
2251	2268
2252	2263
2252	2355
2252	2359
2252	2362
2252	2256
2252	2260
2253	2359
2253	2257
2254	2258
2254	2270
2254	2266
2254	2267
2254	2271
2255	2267
2255	2260
2255	2259
2255	2262
2255	2263
2255	2362
2256	2260
2256	2359
2258	2267
2258	2266
2258	2270
2260	2362
2260	2267
2260	2264
2261	2362
2261	2361
2261	2363
2262	2362
2262	2363
2262	2267
2262	2364
2262	2365
2263	2362
2263	2363
2263	2364
2263	2365
2263	2267
2263	2368
2263	2355
2263	2268
2263	2359
2264	2365
2264	2368
2264	2268
2265	2368
2265	2287
2265	2371
2265	2269
2265	2290
2265	2288
2265	2289
2265	2367
2265	2365
2266	2289
2266	2290
2266	2270
2266	2493
2266	2291
2266	2292
2266	2293
2266	2492
2266	2294
2266	2490
2266	2491
2267	2271
2268	2272
2268	2273
2268	2287
2268	2371
2268	2364
2268	2367
2268	2368
2268	2372
2269	2287
2269	2273
2269	2274
2269	2293
2269	2290
2269	2291
2269	2292
2269	2285
2270	2274
2270	2293
2270	2290
2270	2292
2270	2294
2271	2275
2271	2278
2272	2278
2272	2279
2272	2287
2272	2282
2273	2279
2273	2293
2273	2287
2273	2278
2273	2282
2273	2283
2273	2285
2274	2293
2275	2279
2275	2416
2276	2280
2276	2413
2277	2413
2277	2416
2277	2281
2277	2415
2277	2414
2278	2282
2278	2416
2278	2375
2279	2283
2280	2413
2280	2411
2281	2413
2281	2411
2281	2285
2281	2382
2281	2416
2281	2379
2281	2412
2281	2375
2282	2382
2282	2287
2282	2375
2282	2668
2282	2378
2282	2379
2284	2664
2284	2665
2284	2666
2285	2666
2285	2667
2285	2668
2285	2378
2285	2382
2286	2666
2286	2667
2286	2668
2286	2371
2286	2530
2286	2533
2286	2665
2286	2529
2287	2371
2287	2668
2287	2291
2287	2529
2288	2371
2288	2667
2288	2668
2288	2529
2288	2669
2288	2670
2289	2529
2289	2493
2289	2367
2289	2494
2289	2495
2290	2492
2290	2493
2291	2493
2291	2490
2291	2492
2291	2610
2292	2489
2292	2490
2292	2492
2292	2610
2292	2540
2292	2536
2293	2490
2293	2610
2294	2490
2294	2491
2295	2490
2295	2486
2295	2611
2295	2612
2296	2300
2296	2486
2296	2612
2296	2487
2296	2490
2296	2483
2297	2543
2297	2612
2297	2547
2297	2544
2299	2552
2299	2614
2299	2547
2299	2551
2300	2547
2300	2552
2300	2614
2300	2483
2300	2486
2300	2543
2300	2612
2300	2613
2300	2551
2349	2353
2350	2354
2351	2355
2351	2369
2351	2364
2351	2372
2351	2376
2352	2369
2352	2364
2352	2356
2352	2362
2352	2363
2353	2357
2354	2358
2354	2359
2355	2359
2355	2362
2355	2363
2355	2364
2356	2360
2356	2362
2356	2361
2364	2369
2364	2368
2364	2372
2365	2369
2366	2370
2367	2371
2367	2669
2368	2372
2369	2373
2370	2374
2370	2668
2370	2669
2370	2671
2370	2672
2371	2669
2371	2668
2371	2375
2372	2376
2372	2377
2373	2377
2373	2378
2373	2672
2374	2672
2374	2378
2374	2668
2374	2667
2374	2669
2374	2670
2374	2671
2375	2668
2375	2379
2375	2380
2376	2380
2377	2381
2377	2672
2378	2672
2378	2661
2378	2382
2378	2668
2378	2666
2379	2668
2379	2411
2379	2383
2379	2384
2379	2412
2380	2384
2380	2385
2381	2385
2381	2389
2381	2672
2381	2661
2382	2411
2382	2386
2382	2387
2382	2389
2382	2407
2382	2668
2383	2411
2383	2407
2383	2387
2383	2403
2383	2404
2383	2408
2383	2412
2384	2399
2384	2404
2384	2388
2385	2389
2385	2390
2386	2390
2386	2410
2386	2407
2386	2411
2387	2407
2387	2403
2387	2399
2387	2391
2387	2400
2387	2404
2388	2399
2388	2392
2388	2396
2388	2709
2388	2710
2389	2393
2390	2394
2390	2396
2390	2403
2390	2410
2390	2402
2390	2406
2390	2407
2391	2403
2391	2396
2391	2395
2391	2398
2391	2399
2392	2396
2392	2708
2392	2709
2392	2710
2393	2868
2396	2403
2398	2403
2399	2403
2399	2404
2400	2404
2401	2405
2401	2428
2402	2406
2403	2407
2404	2408
2405	2421
2405	2409
2405	2425
2406	2410
2407	2411
2407	2412
2408	2412
2408	2417
2408	2416
2408	2420
2408	2421
2409	2421
2409	2417
2412	2417
2412	2416
2412	2420
2413	2417
2414	2418
2415	2419
2415	2420
2416	2420
2417	2421
2418	2422
2419	2423
2419	2424
2420	2424
2421	2425
2421	2426
2422	2426
2423	2427
2424	2428
2425	2429
2425	2430
2426	2430
2426	2431
2427	2431
2428	2432
2429	2433
2430	2434
2431	2435
2479	2614
2479	2483
2480	2484
2480	2487
2481	2485
2481	2609
2482	2609
2482	2614
2482	2486
2482	2613
2483	2614
2483	2487
2484	2488
2485	2489
2485	2490
2485	2609
2485	2605
2486	2609
2486	2490
2486	2610
2486	2608
2486	2612
2486	2613
2486	2614
2487	2491
2488	2492
2488	2494
2489	2494
2489	2610
2489	2496
2489	2606
2489	2609
2489	2605
2490	2609
2490	2610
2490	2612
2492	2610
2492	2496
2493	2610
2493	2529
2494	2610
2494	2532
2495	2529
2495	2532
2495	2499
2495	2606
2495	2528
2495	2610
2495	2525
2496	2528
2496	2532
2496	2610
2496	2606
2496	2607
2496	2602
2496	2603
2496	2536
2497	2528
2497	2532
2497	2607
2497	2603
2497	2502
2497	2599
2497	2501
2497	2598
2497	2600
2497	2531
2497	2535
2497	2628
2498	2598
2498	2603
2498	2606
2498	2502
2498	2503
2498	2528
2498	2599
2498	2600
2499	2528
2499	2503
2499	2524
2499	2525
2500	2504
2501	2595
2501	2598
2501	2505
2501	2599
2502	2599
2502	2506
2502	2507
2502	2524
2502	2632
2502	2528
2502	2532
2502	2628
2502	2527
2502	2531
2503	2528
2503	2524
2503	2507
2503	2521
2504	2508
2504	2595
2504	2598
2505	2595
2505	2509
2505	2510
2505	2636
2505	2599
2505	2632
2505	2596
2505	2629
2505	2628
2506	2632
2506	2636
2506	2510
2506	2511
2506	2519
2506	2524
2506	2527
2507	2519
2507	2511
2507	2517
2507	2518
2507	2524
2508	2512
2508	2595
2508	2596
2509	2513
2509	2632
2509	2636
2509	2629
2509	2633
2509	2596
2509	2628
2510	2636
2510	2640
2510	2514
2510	2517
2510	2519
2510	2651
2511	2515
2511	2516
2513	2644
2513	2517
2513	2640
2513	2636
2513	2632
2513	2637
2513	2633
2514	2640
2514	2644
2515	2649
2516	2649
2517	2649
2517	2650
2517	2651
2517	2640
2517	2643
2517	2644
2517	2648
2518	2649
2518	2650
2518	2651
2519	2523
2519	2650
2519	2651
2519	2524
2519	2527
2519	2656
2519	2636
2519	2640
2520	2650
2520	2651
2520	2524
2520	2653
2520	2652
2521	2525
2522	2670
2522	2653
2522	2526
2523	2653
2523	2656
2523	2527
2523	2651
2523	2652
2524	2528
2525	2529
2525	2667
2525	2670
2526	2670
2526	2667
2526	2530
2526	2531
2526	2660
2526	2653
2526	2656
2526	2657
2527	2656
2527	2531
2527	2631
2527	2632
2527	2636
2527	2635
2527	2639
2527	2660
2528	2532
2528	2533
2529	2533
2529	2667
2529	2670
2530	2667
2530	2534
2530	2631
2530	2665
2530	2656
2530	2660
2531	2631
2531	2535
2531	2607
2531	2628
2531	2632
2532	2607
2532	2536
2532	2537
2532	2610
2533	2537
2533	2538
2533	2665
2534	2665
2534	2538
2534	2566
2534	2631
2534	2628
2534	2568
2534	2627
2534	2563
2535	2539
2535	2607
2535	2624
2535	2628
2535	2599
2535	2627
2536	2607
2536	2611
2536	2540
2536	2610
2536	2606
2537	2541
2537	2566
2537	2665
2538	2566
2538	2562
2538	2542
2538	2559
2538	2563
2538	2568
2538	2627
2539	2554
2539	2608
2539	2543
2539	2611
2539	2613
2539	2607
2539	2604
2539	2559
2539	2620
2539	2624
2540	2611
2540	2544
2540	2610
2541	2566
2541	2562
2541	2545
2541	2558
2542	2558
2542	2546
2542	2554
2542	2613
2542	2559
2542	2562
2542	2555
2542	2620
2543	2554
2543	2547
2543	2548
2543	2551
2543	2611
2543	2613
2543	2552
2543	2614
2543	2615
2543	2612
2544	2548
2545	2549
2545	2551
2545	2561
2545	2557
2545	2558
2545	2562
2545	2565
2546	2558
2546	2551
2546	2553
2546	2550
2546	2554
2547	2551
2547	2552
2548	2561
2549	2558
2551	2555
2551	2558
2551	2557
2552	2613
2552	2614
2552	2615
2553	2615
2553	2558
2553	2616
2553	2617
2554	2613
2554	2615
2554	2616
2554	2617
2554	2558
2554	2620
2554	2559
2554	2608
2555	2617
2555	2620
2555	2559
2556	2623
2556	2560
2556	2619
2556	2617
2557	2561
2558	2562
2558	2563
2559	2620
2559	2563
2559	2623
2559	2627
2559	2624
2560	2623
2560	2564
2560	2569
2561	2565
2562	2566
2562	2568
2563	2568
2563	2567
2563	2569
2563	2570
2563	2627
2563	2630
2564	2569
2564	2570
2564	2784
2564	2782
2566	2665
2568	2665
2569	2630
2595	2599
2596	2625
2596	2629
2596	2622
2596	2628
2597	2625
2597	2622
2598	2603
2599	2603
2599	2604
2599	2621
2599	2625
2599	2628
2599	2607
2599	2624
2600	2625
2600	2604
2600	2605
2600	2621
2600	2606
2601	2625
2601	2621
2601	2605
2602	2606
2603	2607
2604	2608
2604	2616
2604	2621
2604	2624
2604	2620
2604	2625
2605	2621
2605	2609
2605	2616
2605	2613
2606	2610
2607	2611
2607	2624
2608	2613
2608	2612
2608	2616
2609	2613
2609	2614
2609	2616
2616	2620
2616	2621
2617	2621
2618	2622
2619	2623
2619	2624
2620	2624
2621	2625
2622	2626
2623	2627
2624	2628
2625	2629
2626	2630
2627	2631
2628	2632
2628	2633
2629	2633
2630	2634
2630	2637
2631	2635
2631	2636
2631	2663
2631	2665
2631	2660
2632	2636
2632	2637
2633	2637
2634	2638
2634	2639
2634	2659
2634	2663
2634	2767
2635	2663
2635	2659
2635	2639
2635	2655
2635	2656
2635	2660
2635	2665
2636	2640
2636	2641
2637	2641
2637	2897
2637	2767
2638	2897
2638	2642
2638	2655
2638	2662
2638	2659
2638	2663
2638	2896
2639	2659
2639	2655
2639	2643
2639	2651
2639	2652
2639	2656
2640	2651
2640	2644
2640	2645
2641	2645
2641	2877
2641	2893
2641	2897
2641	2896
2642	2897
2642	2877
2642	2646
2642	2648
2642	2881
2642	2655
2642	2654
2642	2658
2642	2880
2642	2893
2642	2659
2642	2662
2642	2873
2642	2876
2643	2655
2643	2648
2643	2647
2643	2650
2643	2651
2643	2652
2644	2648
2644	2889
2645	2889
2645	2890
2645	2893
2645	2877
2645	2881
2646	2881
2647	2889
2648	2881
2648	2652
2648	2655
2650	2655
2651	2655
2651	2656
2652	2656
2652	2657
2653	2670
2653	2657
2654	2658
2654	2659
2654	2670
2654	2671
2654	2672
2655	2659
2656	2660
2656	2667
2657	2667
2657	2661
2657	2665
2657	2666
2657	2671
2657	2672
2657	2670
2658	2880
2658	2662
2658	2672
2659	2663
2660	2665
2660	2664
2660	2666
2660	2667
2661	2667
2661	2665
2661	2666
2661	2880
2662	2873
2662	2876
2662	2897
2662	2894
2662	2898
2667	2671
2693	2918
2693	2914
2693	2917
2693	2721
2693	2913
2693	2699
2694	2917
2694	2728
2695	2728
2695	2699
2695	2914
2695	2720
2695	2721
2695	2724
2695	2725
2695	2910
2696	2728
2696	2840
2696	2837
2696	2841
2696	2844
2697	2728
2697	2841
2697	2837
2697	2724
2697	2702
2697	2727
2697	2863
2697	2731
2697	2838
2698	2702
2698	2720
2698	2837
2699	2720
2699	2724
2699	2703
2699	2717
2699	2721
2699	2918
2700	2704
2701	2705
2701	2867
2701	2837
2701	2836
2702	2867
2702	2706
2702	2723
2702	2720
2702	2719
2702	2724
2702	2727
2703	2720
2703	2715
2703	2707
2703	2717
2703	2716
2704	2708
2705	2709
2705	2711
2705	2867
2705	2864
2706	2867
2706	2711
2706	2871
2706	2710
2706	2712
2706	2715
2706	2723
2706	2719
2706	2720
2706	2886
2706	2891
2707	2715
2707	2712
2707	2711
2707	2713
2707	2714
2710	2875
2710	2879
2711	2875
2711	2886
2711	2871
2711	2878
2711	2879
2711	2867
2711	2868
2712	2879
2712	2875
2712	2878
2712	2883
2712	2884
2712	2885
2712	2886
2713	2884
2713	2885
2714	2884
2714	2885
2714	2886
2715	2719
2715	2886
2715	2720
2716	2885
2716	2886
2716	2887
2716	2720
2716	2888
2717	2721
2717	2918
2718	2915
2718	2918
2718	2722
2718	2723
2718	2888
2718	2891
2719	2888
2719	2891
2719	2723
2719	2724
2719	2886
2719	2887
2720	2724
2721	2725
2721	2911
2721	2914
2721	2915
2721	2918
2722	2915
2722	2911
2722	2726
2722	2907
2722	2914
2722	2888
2722	2891
2722	2912
2722	2892
2722	2895
2722	2908
2723	2891
2723	2727
2723	2870
2723	2866
2723	2867
2723	2871
2723	2895
2724	2728
2725	2911
2725	2729
2725	2910
2725	2907
2725	2914
2726	2911
2726	2907
2726	2730
2726	2866
2726	2870
2726	2895
2726	2899
2726	2891
2726	2910
2727	2870
2727	2866
2727	2731
2727	2862
2727	2863
2727	2867
2728	2841
2728	2732
2728	2844
2729	2733
2729	2907
2729	2910
2729	2906
2729	2899
2729	2903
2729	2902
2730	2734
2730	2735
2730	2765
2730	2859
2730	2862
2730	2866
2730	2899
2730	2907
2730	2768
2730	2870
2730	2903
2731	2859
2731	2735
2731	2841
2731	2838
2731	2862
2731	2863
2731	2837
2732	2841
2732	2845
2732	2736
2733	2737
2733	2738
2733	2765
2733	2762
2733	2903
2734	2765
2734	2758
2734	2738
2734	2754
2734	2755
2734	2859
2734	2759
2734	2769
2734	2862
2735	2859
2735	2750
2735	2755
2735	2739
2735	2842
2735	2846
2735	2841
2735	2845
2735	2838
2735	2839
2735	2851
2736	2845
2736	2846
2736	2740
2737	2741
2737	2754
2737	2758
2737	2765
2737	2762
2738	2758
2738	2754
2738	2742
2738	2750
2738	2751
2738	2755
2739	2750
2739	2842
2739	2846
2739	2849
2739	2743
2739	2747
2740	2846
2740	2744
2741	2745
2741	2754
2741	2757
2741	2753
2741	2758
2742	2754
2742	2747
2742	2746
2742	2749
2742	2750
2742	2849
2743	2747
2743	2846
2745	2754
2745	2757
2747	2849
2747	2754
2747	2751
2748	2849
2748	2848
2748	2850
2749	2849
2749	2850
2749	2754
2749	2851
2749	2852
2750	2849
2750	2850
2750	2851
2750	2852
2750	2754
2750	2855
2750	2842
2750	2755
2750	2846
2751	2852
2751	2855
2751	2755
2752	2855
2752	2774
2752	2858
2752	2756
2752	2777
2752	2775
2752	2776
2752	2854
2752	2852
2753	2776
2753	2777
2753	2757
2753	2778
2753	2779
2753	2780
2753	2781
2754	2758
2755	2759
2755	2760
2755	2774
2755	2858
2755	2851
2755	2854
2755	2855
2755	2859
2756	2774
2756	2760
2756	2761
2756	2780
2756	2777
2756	2778
2756	2779
2756	2772
2757	2777
2757	2761
2757	2780
2757	2779
2757	2781
2758	2762
2758	2765
2759	2765
2759	2766
2759	2774
2759	2769
2760	2766
2760	2780
2760	2774
2760	2765
2760	2769
2760	2770
2760	2772
2761	2780
2762	2766
2762	2903
2763	2767
2763	2900
2764	2900
2764	2903
2764	2768
2764	2902
2764	2901
2765	2769
2765	2862
2765	2903
2766	2770
2767	2900
2768	2900
2768	2903
2768	2898
2768	2772
2768	2869
2768	2899
2768	2866
2768	2862
2769	2869
2769	2774
2769	2862
2769	2865
2769	2866
2772	2865
2772	2869
2773	2858
2774	2858
2774	2778
2775	2858
2776	2854
2783	2787
2836	2840
2837	2841
2838	2842
2838	2856
2838	2851
2838	2859
2838	2863
2839	2856
2839	2851
2839	2843
2839	2850
2839	2849
2840	2844
2841	2845
2841	2846
2842	2846
2842	2849
2842	2850
2842	2851
2843	2847
2843	2849
2851	2855
2851	2856
2851	2859
2852	2856
2853	2857
2854	2858
2855	2859
2856	2860
2857	2861
2858	2862
2859	2863
2860	2864
2860	2865
2861	2865
2862	2866
2862	2867
2863	2867
2864	2868
2865	2869
2866	2898
2866	2870
2866	2871
2866	2899
2867	2871
2867	2872
2868	2872
2868	2876
2869	2876
2869	2873
2869	2874
2869	2894
2869	2898
2870	2898
2870	2894
2870	2874
2870	2890
2870	2891
2870	2895
2870	2899
2871	2886
2871	2891
2871	2875
2872	2876
2873	2877
2873	2897
2873	2894
2873	2898
2873	2893
2874	2894
2874	2890
2874	2886
2874	2878
2874	2887
2874	2891
2875	2886
2875	2879
2876	2880
2877	2881
2877	2883
2877	2890
2877	2897
2877	2889
2877	2893
2877	2894
2878	2890
2878	2883
2878	2882
2878	2885
2878	2886
2879	2883
2883	2890
2885	2890
2886	2890
2886	2891
2887	2891
2888	2892
2888	2915
2889	2893
2889	2894
2890	2894
2891	2895
2892	2908
2892	2896
2892	2912
2893	2897
2894	2898
2894	2899
2895	2899
2895	2904
2895	2903
2895	2907
2895	2908
2896	2908
2896	2904
2899	2904
2899	2903
2899	2907
2900	2904
2901	2905
2902	2906
2902	2907
2903	2907
2904	2908
2905	2909
2906	2910
2907	2911
2908	2912
2908	2913
2909	2913
2910	2914
2911	2915
2912	2916
2913	2917
2913	2918
2914	2918
2915	2919
2916	2920
2917	2921
2966	3101
2966	2970
2967	2971
2967	2974
2968	2972
2968	3096
2969	3096
2969	3101
2969	2973
2969	3100
2970	3101
2970	3757
2970	2974
2970	2975
2970	3761
2971	2975
2972	2976
2972	2977
2972	3096
2972	3092
2973	3096
2973	2977
2973	3097
2973	3095
2973	3099
2973	3100
2973	3756
2973	3757
2973	3101
2973	3761
2974	3757
2974	2978
2975	2979
2975	2981
2975	3097
2976	2981
2976	3097
2976	2983
2976	3753
2976	3093
2976	3096
2976	3092
2977	3096
2977	3097
2977	3753
2977	3727
2977	3752
2977	3755
2977	3754
2977	3099
2977	3756
2977	3757
2978	3727
2978	3755
2979	3097
2979	3727
2979	3751
2979	3752
2979	3753
2979	2983
2980	3752
2980	3016
2980	3097
2980	3750
2980	3727
2980	3751
2981	3097
2981	3750
2981	3019
2982	3016
2982	3750
2982	3019
2982	3093
2982	3015
2982	3012
2982	3097
2983	3015
2983	3019
2983	3097
2983	3093
2983	3094
2983	3089
2983	3090
2983	3023
2984	3019
2984	3094
2984	3015
2984	3090
2984	3093
2984	2989
2984	3086
2984	2988
2984	3085
2984	3018
2984	3022
2984	3115
2985	3090
2985	3093
2985	2989
2985	3015
2985	3086
2985	3085
2985	3087
2986	3015
2986	2990
2986	3011
2986	3012
2987	2991
2988	3082
2988	2992
2988	3085
2988	3086
2989	3086
2989	2993
2989	2994
2989	3119
2989	3011
2989	3015
2989	3019
2989	3115
2989	3014
2989	3018
2990	3015
2990	3011
2990	2994
2990	2995
2990	3008
2991	2995
2991	3082
2992	3082
2992	2996
2992	3123
2992	3086
2992	3119
2992	3083
2992	3116
2992	3115
2993	3119
2993	3123
2993	2997
2993	3006
2993	3011
2993	3014
2994	3006
2994	2998
2994	3004
2994	3005
2994	3011
2995	2999
2995	3082
2995	3083
2995	3116
2996	3000
2996	3123
2996	3116
2996	3120
2996	3119
2996	3124
2996	3115
2997	3123
2997	3127
2997	3001
2997	3004
2997	3006
2997	3138
2998	3002
2998	3003
2998	3004
2999	3120
3000	3127
3000	3131
3000	3004
3000	3124
3000	3123
3000	3119
3000	3120
3001	3127
3001	3131
3001	3130
3001	3135
3001	3136
3003	3136
3004	3136
3004	3137
3004	3138
3004	3127
3004	3130
3004	3135
3005	3136
3005	3137
3005	3138
3006	3010
3006	3138
3006	3011
3006	3014
3006	3123
3006	3143
3006	3127
3007	3137
3007	3138
3007	3011
3007	3140
3007	3139
3007	3141
3008	3012
3009	3157
3009	3013
3009	3140
3010	3140
3010	3143
3010	3014
3010	3138
3010	3139
3011	3015
3012	3016
3012	3154
3012	3157
3013	3157
3013	3154
3013	3017
3013	3018
3013	3147
3013	3140
3013	3143
3013	3144
3014	3143
3014	3018
3014	3118
3014	3119
3014	3123
3014	3138
3014	3122
3014	3126
3014	3147
3015	3019
3015	3020
3016	3020
3016	3021
3016	3747
3016	3154
3016	3157
3016	3749
3016	3750
3016	3748
3017	3154
3017	3747
3017	3021
3017	3118
3017	3152
3017	3143
3017	3147
3018	3118
3018	3022
3018	3115
3018	3119
3019	3094
3019	3023
3019	3024
3019	3097
3020	3024
3020	3025
3020	3152
3020	3747
3021	3152
3021	3025
3021	3053
3021	3118
3021	3115
3021	3055
3021	3114
3021	3050
3022	3026
3022	3094
3022	3115
3022	3086
3022	3111
3022	3114
3023	3094
3023	3098
3023	3027
3023	3097
3023	3753
3023	3093
3024	3028
3024	3029
3024	3053
3024	3152
3025	3049
3025	3053
3025	3029
3025	3046
3025	3050
3025	3055
3025	3114
3026	3041
3026	3095
3026	3030
3026	3098
3026	3100
3026	3094
3026	3091
3026	3046
3026	3107
3026	3111
3027	3098
3027	3031
3027	3097
3027	3753
3028	3053
3028	3539
3028	3032
3028	3045
3028	3535
3028	3049
3028	3538
3029	3049
3029	3045
3029	3033
3029	3041
3029	3100
3029	3046
3029	3042
3029	3107
3030	3041
3030	3034
3030	3035
3030	3038
3030	3758
3030	3098
3030	3100
3030	3039
3030	3101
3030	3102
3030	3761
3030	3099
3031	3758
3031	3035
3031	3535
3031	3539
3031	3538
3032	3539
3032	3522
3032	3535
3032	3036
3032	3038
3032	3048
3032	3044
3032	3045
3032	3049
3032	3052
3033	3045
3033	3038
3033	3040
3033	3037
3033	3041
3034	3038
3034	3039
3034	3760
3034	3761
3034	3758
3035	3523
3035	3525
3035	3531
3035	3522
3035	3535
3035	3048
3035	3532
3035	3519
3036	3522
3036	3523
3036	3044
3036	3045
3037	3523
3037	3531
3038	3760
3038	3761
3038	3042
3038	3044
3038	3045
3038	3522
3039	3760
3039	3761
3039	3100
3039	3101
3039	3102
3040	3102
3040	3045
3040	3104
3041	3100
3041	3102
3041	3103
3041	3104
3041	3045
3041	3107
3041	3046
3041	3095
3042	3104
3042	3107
3042	3046
3043	3110
3043	3047
3043	3106
3043	3107
3043	3104
3044	3048
3044	3522
3044	3524
3045	3522
3045	3049
3046	3107
3046	3050
3046	3056
3046	3110
3046	3114
3046	3111
3047	3110
3047	3056
3047	3051
3048	3052
3048	3053
3048	3539
3048	3522
3048	3519
3048	3515
3048	3518
3048	3535
3049	3539
3049	3053
3050	3055
3050	3054
3050	3056
3050	3057
3050	3114
3050	3117
3051	3056
3051	3057
3051	3515
3051	3518
3051	3511
3051	3514
3052	3515
3052	3258
3052	3536
3052	3540
3052	3539
3052	3518
3052	3535
3052	3519
3053	3539
3053	3540
3053	3258
3053	3152
3054	3258
3055	3152
3057	3253
3082	3086
3083	3112
3083	3116
3083	3115
3084	3112
3084	3109
3086	3112
3086	3090
3086	3091
3086	3115
3086	3094
3087	3112
3087	3091
3087	3108
3087	3093
3088	3112
3088	3108
3088	3092
3089	3093
3090	3094
3091	3095
3091	3103
3091	3108
3091	3111
3091	3107
3091	3112
3092	3108
3092	3096
3092	3103
3092	3100
3093	3097
3094	3098
3094	3111
3095	3100
3095	3099
3095	3103
3096	3100
3096	3103
3096	3101
3097	3753
3097	3754
3097	3752
3098	3756
3099	3756
3099	3757
3099	3758
3099	3761
3100	3761
3101	3761
3101	3760
3103	3107
3103	3108
3104	3108
3105	3109
3106	3110
3107	3111
3108	3112
3109	3113
3110	3114
3111	3115
3112	3116
3113	3117
3114	3118
3115	3119
3115	3120
3116	3120
3117	3121
3118	3122
3118	3123
3118	3152
3118	3147
3119	3123
3119	3124
3120	3124
3121	3125
3121	3126
3121	3146
3121	3150
3122	3146
3122	3150
3122	3126
3122	3142
3122	3143
3122	3147
3123	3127
3123	3128
3124	3128
3124	3384
3125	3384
3125	3129
3125	3142
3125	3146
3125	3149
3125	3383
3125	3150
3126	3146
3126	3142
3126	3130
3126	3138
3126	3139
3126	3143
3127	3138
3127	3131
3128	3132
3128	3364
3128	3380
3128	3384
3128	3383
3129	3384
3129	3364
3129	3133
3129	3135
3129	3368
3129	3142
3129	3145
3129	3141
3129	3367
3129	3380
3129	3146
3129	3360
3129	3149
3129	3363
3130	3142
3130	3135
3130	3134
3130	3137
3130	3138
3130	3139
3131	3135
3131	3376
3131	3383
3132	3376
3132	3368
3132	3377
3132	3380
3132	3364
3133	3368
3134	3376
3135	3368
3135	3139
3135	3142
3137	3142
3138	3142
3138	3143
3139	3143
3140	3157
3140	3144
3141	3145
3141	3157
3141	3158
3141	3159
3142	3146
3143	3147
3143	3154
3144	3154
3144	3148
3144	3153
3144	3158
3144	3157
3145	3367
3145	3149
3146	3150
3147	3152
3147	3151
3147	3153
3147	3154
3148	3154
3148	3152
3148	3153
3148	3367
3148	3363
3148	3839
3148	3842
3149	3360
3149	3384
3149	3381
3149	3385
3150	3745
3151	3745
3152	3745
3152	3747
3153	3745
3153	3746
3153	3747
3153	3839
3154	3746
3154	3747
3154	3835
3154	3749
3155	3746
3155	3747
3155	3749
3155	3835
3155	3832
3155	3748
3155	3831
3155	3839
3155	3743
3155	3836
3155	3840
3155	3843
3156	3831
3156	3832
3156	3835
3156	3749
3156	3828
3157	3835
3157	3749
3158	3831
3158	3835
3158	3834
3159	3831
3180	3405
3180	3401
3180	3404
3180	3208
3180	3400
3180	3186
3181	3404
3181	3215
3182	3215
3182	3186
3182	3401
3182	3207
3182	3208
3182	3211
3182	3212
3182	3397
3183	3215
3183	3327
3183	3324
3183	3328
3183	3331
3184	3215
3184	3328
3184	3324
3184	3211
3184	3189
3184	3214
3184	3350
3184	3218
3184	3325
3185	3189
3185	3207
3185	3211
3185	3324
3186	3207
3186	3211
3186	3190
3186	3204
3186	3208
3186	3405
3187	3191
3188	3192
3188	3354
3188	3324
3188	3323
3189	3354
3189	3193
3189	3210
3189	3207
3189	3206
3189	3211
3189	3214
3190	3207
3190	3202
3190	3194
3190	3204
3190	3203
3191	3195
3192	3196
3192	3198
3192	3354
3192	3351
3193	3354
3193	3198
3193	3358
3193	3202
3193	3197
3193	3199
3193	3210
3193	3206
3193	3207
3193	3373
3193	3378
3194	3202
3194	3198
3194	3199
3194	3200
3194	3201
3195	3853
3196	3853
3196	3684
3196	3685
3196	3849
3197	3684
3197	3362
3197	3683
3197	3849
3197	3853
3197	3685
3197	3687
3197	3686
3198	3362
3198	3358
3198	3365
3198	3366
3198	3373
3198	3683
3198	3684
3198	3354
3198	3355
3199	3366
3199	3684
3199	3362
3199	3365
3199	3370
3199	3371
3199	3373
3200	3371
3200	3684
3200	3681
3200	3682
3201	3371
3201	3372
3201	3373
3202	3206
3202	3373
3202	3207
3203	3372
3203	3373
3203	3374
3203	3207
3203	3375
3204	3208
3204	3405
3205	3402
3205	3405
3205	3209
3205	3210
3205	3375
3205	3378
3206	3375
3206	3378
3206	3210
3206	3211
3206	3373
3206	3374
3207	3211
3208	3212
3208	3398
3208	3401
3208	3402
3208	3405
3209	3402
3209	3398
3209	3401
3209	3213
3209	3394
3209	3375
3209	3378
3209	3379
3209	3399
3209	3382
3209	3383
3209	3395
3210	3378
3210	3214
3210	3357
3210	3354
3210	3353
3210	3358
3210	3382
3211	3215
3212	3398
3212	3216
3212	3397
3212	3394
3212	3401
3213	3398
3213	3394
3213	3217
3213	3353
3213	3357
3213	3382
3213	3386
3213	3378
3214	3357
3214	3353
3214	3218
3214	3349
3214	3350
3214	3354
3215	3328
3215	3219
3215	3331
3215	3397
3216	3397
3216	3220
3216	3394
3216	3393
3216	3386
3216	3390
3216	3389
3217	3390
3217	3221
3217	3222
3217	3252
3217	3346
3217	3349
3217	3353
3217	3386
3217	3394
3217	3255
3217	3357
3218	3346
3218	3222
3218	3223
3218	3328
3218	3325
3218	3349
3218	3350
3218	3324
3218	3329
3219	3328
3219	3332
3219	3223
3220	3224
3220	3225
3220	3252
3220	3249
3220	3390
3220	3393
3221	3252
3221	3245
3221	3225
3221	3242
3221	3246
3221	3346
3221	3349
3221	3256
3221	3261
3222	3346
3222	3237
3222	3242
3222	3226
3222	3329
3222	3333
3222	3328
3222	3332
3222	3325
3222	3338
3223	3332
3223	3333
3223	3227
3224	3228
3224	3241
3224	3245
3224	3252
3224	3249
3225	3245
3225	3241
3225	3229
3225	3237
3225	3242
3226	3237
3226	3329
3226	3333
3226	3336
3226	3230
3226	3234
3227	3333
3227	3231
3228	3232
3228	3244
3228	3240
3228	3241
3228	3245
3229	3241
3229	3234
3229	3233
3229	3236
3229	3237
3229	3336
3230	3234
3230	3333
3232	3241
3232	3240
3232	3244
3234	3336
3234	3241
3234	3238
3235	3336
3235	3335
3235	3337
3236	3336
3236	3337
3236	3241
3236	3338
3236	3339
3237	3336
3237	3337
3237	3338
3237	3339
3237	3241
3237	3342
3237	3329
3237	3242
3237	3333
3238	3339
3238	3342
3238	3242
3239	3342
3239	3261
3239	3345
3239	3243
3239	3264
3239	3262
3239	3263
3239	3341
3239	3339
3240	3263
3240	3264
3240	3244
3240	3467
3240	3265
3240	3266
3240	3267
3240	3466
3240	3268
3240	3464
3240	3465
3241	3245
3242	3246
3242	3247
3242	3261
3242	3345
3242	3338
3242	3341
3242	3342
3242	3346
3243	3261
3243	3247
3243	3248
3243	3267
3243	3264
3243	3265
3243	3266
3243	3259
3244	3248
3244	3267
3244	3264
3244	3266
3244	3268
3245	3249
3245	3252
3246	3252
3246	3253
3246	3261
3246	3256
3247	3253
3247	3267
3247	3261
3247	3252
3247	3256
3247	3257
3247	3259
3248	3267
3249	3253
3249	3390
3250	3254
3250	3387
3251	3387
3251	3390
3251	3255
3251	3389
3251	3388
3252	3256
3252	3390
3252	3349
3253	3257
3254	3387
3254	3385
3255	3387
3255	3385
3255	3259
3255	3356
3255	3390
3255	3353
3255	3386
3255	3349
3256	3356
3256	3261
3256	3349
3256	3642
3256	3352
3256	3353
3258	3638
3258	3639
3258	3640
3259	3640
3259	3641
3259	3642
3259	3352
3259	3356
3260	3640
3260	3641
3260	3642
3260	3345
3260	3504
3260	3507
3260	3639
3260	3503
3261	3345
3261	3642
3261	3265
3261	3503
3262	3345
3262	3641
3262	3642
3262	3503
3262	3643
3262	3644
3263	3503
3263	3467
3263	3341
3263	3468
3263	3469
3264	3466
3264	3467
3265	3467
3265	3464
3265	3466
3265	3584
3266	3463
3266	3464
3266	3466
3266	3584
3266	3514
3266	3510
3267	3464
3267	3584
3268	3464
3268	3465
3269	3464
3269	3460
3269	3585
3269	3586
3270	3274
3270	3460
3270	3586
3270	3461
3270	3464
3270	3457
3271	3517
3271	3586
3271	3521
3271	3518
3273	3526
3273	3588
3273	3521
3273	3525
3274	3521
3274	3526
3274	3588
3274	3457
3274	3460
3274	3517
3274	3586
3274	3587
3274	3525
3323	3327
3324	3328
3325	3329
3325	3343
3325	3338
3325	3346
3325	3350
3326	3343
3326	3338
3326	3330
3326	3336
3326	3337
3327	3331
3328	3332
3328	3333
3329	3333
3329	3336
3329	3337
3329	3338
3330	3334
3330	3336
3330	3335
3338	3343
3338	3342
3338	3346
3339	3343
3340	3344
3341	3345
3341	3643
3342	3346
3343	3347
3344	3348
3344	3642
3344	3643
3344	3645
3344	3646
3345	3643
3345	3642
3345	3349
3346	3350
3346	3351
3347	3351
3347	3352
3347	3646
3348	3646
3348	3352
3348	3642
3348	3641
3348	3643
3348	3644
3348	3645
3349	3642
3349	3353
3349	3354
3350	3354
3351	3355
3351	3646
3352	3646
3352	3635
3352	3356
3352	3642
3352	3640
3353	3642
3353	3385
3353	3357
3353	3358
3353	3386
3354	3358
3354	3359
3355	3359
3355	3363
3355	3646
3355	3635
3356	3385
3356	3360
3356	3361
3356	3363
3356	3381
3356	3642
3357	3385
3357	3381
3357	3361
3357	3377
3357	3378
3357	3382
3357	3386
3358	3373
3358	3378
3358	3362
3359	3363
3359	3364
3360	3364
3360	3384
3360	3381
3360	3385
3361	3381
3361	3377
3361	3373
3361	3365
3361	3374
3361	3378
3362	3373
3362	3366
3362	3370
3362	3683
3362	3684
3363	3367
3364	3368
3364	3370
3364	3377
3364	3384
3364	3376
3364	3380
3364	3381
3365	3377
3365	3370
3365	3369
3365	3372
3365	3373
3366	3370
3366	3682
3366	3683
3366	3684
3367	3842
3370	3377
3372	3377
3373	3377
3373	3378
3374	3378
3375	3379
3375	3402
3376	3380
3377	3381
3378	3382
3379	3395
3379	3383
3379	3399
3380	3384
3381	3385
3381	3386
3382	3386
3382	3391
3382	3390
3382	3394
3382	3395
3383	3395
3383	3391
3386	3391
3386	3390
3386	3394
3387	3391
3388	3392
3389	3393
3389	3394
3390	3394
3391	3395
3392	3396
3393	3397
3393	3398
3394	3398
3395	3399
3395	3400
3396	3400
3397	3401
3398	3402
3399	3403
3399	3404
3400	3404
3400	3405
3401	3405
3402	3406
3403	3407
3404	3408
3405	3409
3453	3588
3453	3457
3454	3458
3454	3461
3455	3459
3455	3583
3456	3583
3456	3588
3456	3460
3456	3587
3457	3588
3457	3461
3458	3462
3459	3463
3459	3464
3459	3583
3459	3579
3460	3583
3460	3464
3460	3584
3460	3582
3460	3586
3460	3587
3460	3588
3461	3465
3462	3466
3462	3468
3463	3468
3463	3584
3463	3470
3463	3580
3463	3583
3463	3579
3464	3583
3464	3584
3464	3586
3466	3584
3466	3470
3467	3584
3467	3503
3468	3584
3468	3506
3469	3503
3469	3506
3469	3473
3469	3580
3469	3502
3469	3584
3469	3499
3470	3502
3470	3506
3470	3584
3470	3580
3470	3581
3470	3576
3470	3577
3470	3510
3471	3502
3471	3506
3471	3581
3471	3577
3471	3476
3471	3573
3471	3475
3471	3572
3471	3574
3471	3505
3471	3509
3471	3602
3472	3572
3472	3577
3472	3580
3472	3476
3472	3477
3472	3502
3472	3573
3472	3574
3473	3502
3473	3477
3473	3498
3473	3499
3474	3478
3475	3569
3475	3572
3475	3479
3475	3573
3476	3573
3476	3480
3476	3498
3476	3606
3476	3502
3476	3506
3476	3602
3476	3501
3476	3505
3477	3502
3477	3498
3477	3481
3477	3495
3478	3482
3478	3569
3478	3572
3479	3569
3479	3483
3479	3484
3479	3610
3479	3573
3479	3606
3479	3570
3479	3603
3479	3602
3480	3606
3480	3610
3480	3484
3480	3485
3480	3493
3480	3498
3480	3501
3481	3493
3481	3485
3481	3491
3481	3492
3481	3498
3482	3486
3482	3569
3482	3570
3483	3487
3483	3606
3483	3610
3483	3603
3483	3607
3483	3570
3483	3602
3484	3610
3484	3614
3484	3488
3484	3491
3484	3493
3484	3625
3485	3489
3485	3490
3487	3618
3487	3491
3487	3614
3487	3610
3487	3606
3487	3611
3487	3607
3488	3614
3488	3618
3489	3623
3490	3623
3491	3623
3491	3624
3491	3625
3491	3614
3491	3617
3491	3618
3491	3622
3492	3623
3492	3624
3492	3625
3493	3497
3493	3624
3493	3625
3493	3498
3493	3501
3493	3630
3493	3610
3493	3614
3494	3624
3494	3625
3494	3498
3494	3627
3494	3626
3495	3499
3496	3644
3496	3627
3496	3500
3497	3627
3497	3630
3497	3501
3497	3625
3497	3626
3498	3502
3499	3503
3499	3641
3499	3644
3500	3644
3500	3641
3500	3504
3500	3505
3500	3634
3500	3627
3500	3630
3500	3631
3501	3630
3501	3505
3501	3605
3501	3606
3501	3610
3501	3609
3501	3613
3501	3634
3502	3506
3502	3507
3503	3507
3503	3641
3503	3644
3504	3641
3504	3508
3504	3605
3504	3639
3504	3630
3504	3634
3505	3605
3505	3509
3505	3581
3505	3602
3505	3606
3506	3581
3506	3510
3506	3511
3506	3584
3507	3511
3507	3512
3507	3639
3508	3639
3508	3512
3508	3540
3508	3605
3508	3602
3508	3542
3508	3601
3508	3537
3509	3513
3509	3581
3509	3598
3509	3602
3509	3573
3509	3601
3510	3581
3510	3585
3510	3514
3510	3584
3510	3580
3511	3515
3511	3540
3511	3639
3512	3540
3512	3536
3512	3516
3512	3533
3512	3537
3512	3542
3512	3601
3513	3528
3513	3582
3513	3517
3513	3585
3513	3587
3513	3581
3513	3578
3513	3533
3513	3594
3513	3598
3514	3585
3514	3518
3514	3584
3515	3540
3515	3536
3515	3519
3515	3532
3516	3532
3516	3520
3516	3528
3516	3587
3516	3533
3516	3536
3516	3529
3516	3594
3517	3528
3517	3521
3517	3522
3517	3525
3517	3585
3517	3587
3517	3526
3517	3588
3517	3589
3517	3586
3518	3522
3519	3523
3519	3525
3519	3535
3519	3531
3519	3532
3519	3536
3519	3539
3520	3532
3520	3525
3520	3527
3520	3524
3520	3528
3521	3525
3521	3526
3522	3535
3523	3532
3525	3529
3525	3532
3525	3531
3526	3587
3526	3588
3526	3589
3527	3589
3527	3532
3527	3590
3527	3591
3528	3587
3528	3589
3528	3590
3528	3591
3528	3532
3528	3594
3528	3533
3528	3582
3529	3591
3529	3594
3529	3533
3530	3597
3530	3534
3530	3593
3530	3591
3531	3535
3532	3536
3532	3537
3533	3594
3533	3537
3533	3597
3533	3601
3533	3598
3534	3597
3534	3538
3534	3543
3535	3539
3536	3540
3536	3542
3537	3542
3537	3541
3537	3543
3537	3544
3537	3601
3537	3604
3538	3543
3538	3544
3538	3758
3538	3756
3540	3639
3542	3639
3543	3604
3569	3573
3570	3599
3570	3603
3570	3596
3570	3602
3571	3599
3571	3596
3572	3577
3573	3577
3573	3578
3573	3595
3573	3599
3573	3602
3573	3581
3573	3598
3574	3599
3574	3578
3574	3579
3574	3595
3574	3580
3575	3599
3575	3595
3575	3579
3576	3580
3577	3581
3578	3582
3578	3590
3578	3595
3578	3598
3578	3594
3578	3599
3579	3595
3579	3583
3579	3590
3579	3587
3580	3584
3581	3585
3581	3598
3582	3587
3582	3586
3582	3590
3583	3587
3583	3588
3583	3590
3590	3594
3590	3595
3591	3595
3592	3596
3593	3597
3593	3598
3594	3598
3595	3599
3596	3600
3597	3601
3598	3602
3599	3603
3600	3604
3601	3605
3602	3606
3602	3607
3603	3607
3604	3608
3604	3611
3605	3609
3605	3610
3605	3637
3605	3639
3605	3634
3606	3610
3606	3611
3607	3611
3608	3612
3608	3613
3608	3633
3608	3637
3608	3741
3609	3633
3609	3637
3609	3613
3609	3629
3609	3630
3609	3634
3609	3639
3610	3614
3610	3615
3611	3615
3611	3871
3611	3741
3612	3871
3612	3616
3612	3629
3612	3636
3612	3633
3612	3637
3612	3870
3613	3633
3613	3629
3613	3617
3613	3625
3613	3626
3613	3630
3614	3625
3614	3618
3614	3619
3615	3619
3615	3851
3615	3867
3615	3871
3615	3870
3616	3871
3616	3851
3616	3620
3616	3622
3616	3855
3616	3629
3616	3628
3616	3632
3616	3854
3616	3867
3616	3633
3616	3636
3616	3847
3616	3850
3617	3629
3617	3622
3617	3621
3617	3624
3617	3625
3617	3626
3618	3622
3618	3863
3619	3863
3619	3864
3619	3867
3619	3851
3619	3855
3620	3855
3621	3863
3622	3855
3622	3626
3622	3629
3624	3629
3625	3629
3625	3630
3626	3630
3626	3631
3627	3644
3627	3631
3628	3632
3628	3633
3628	3644
3628	3645
3628	3646
3629	3633
3630	3634
3630	3641
3631	3641
3631	3635
3631	3639
3631	3640
3631	3645
3631	3646
3631	3644
3632	3854
3632	3636
3632	3646
3633	3637
3634	3639
3634	3638
3634	3640
3634	3641
3635	3641
3635	3639
3635	3640
3635	3854
3636	3847
3636	3850
3636	3871
3636	3868
3636	3872
3641	3645
3667	3892
3667	3888
3667	3891
3667	3695
3667	3887
3667	3673
3668	3891
3668	3702
3669	3702
3669	3673
3669	3888
3669	3694
3669	3695
3669	3698
3669	3699
3669	3884
3670	3702
3670	3814
3670	3811
3670	3815
3670	3818
3671	3702
3671	3815
3671	3811
3671	3698
3671	3676
3671	3701
3671	3837
3671	3705
3671	3812
3672	3676
3672	3694
3672	3811
3673	3694
3673	3698
3673	3677
3673	3691
3673	3695
3673	3892
3674	3678
3675	3679
3675	3841
3675	3811
3675	3810
3676	3841
3676	3694
3676	3680
3676	3697
3676	3698
3676	3693
3676	3701
3677	3694
3677	3689
3677	3681
3677	3691
3677	3690
3678	3682
3679	3683
3679	3685
3679	3841
3679	3838
3680	3841
3680	3685
3680	3845
3680	3684
3680	3686
3680	3689
3680	3697
3680	3693
3680	3694
3680	3860
3680	3865
3681	3689
3681	3686
3681	3685
3681	3687
3681	3688
3684	3849
3684	3853
3685	3849
3685	3860
3685	3845
3685	3852
3685	3853
3685	3841
3685	3842
3686	3853
3686	3849
3686	3852
3686	3857
3686	3858
3686	3859
3686	3860
3687	3858
3687	3859
3688	3858
3688	3859
3688	3860
3689	3693
3689	3860
3689	3694
3690	3859
3690	3860
3690	3861
3690	3694
3690	3862
3691	3695
3691	3892
3692	3889
3692	3892
3692	3696
3692	3697
3692	3862
3692	3865
3693	3862
3693	3865
3693	3697
3693	3698
3693	3860
3693	3861
3694	3698
3695	3699
3695	3885
3695	3888
3695	3889
3695	3892
3696	3889
3696	3885
3696	3700
3696	3881
3696	3888
3696	3862
3696	3865
3696	3886
3696	3866
3696	3869
3696	3882
3697	3865
3697	3701
3697	3844
3697	3840
3697	3841
3697	3845
3697	3869
3698	3702
3699	3885
3699	3703
3699	3884
3699	3881
3699	3888
3700	3885
3700	3881
3700	3704
3700	3840
3700	3844
3700	3869
3700	3873
3700	3865
3700	3884
3701	3844
3701	3840
3701	3705
3701	3836
3701	3837
3701	3841
3702	3815
3702	3706
3702	3818
3703	3707
3703	3881
3703	3884
3703	3880
3703	3873
3703	3877
3703	3876
3704	3708
3704	3709
3704	3739
3704	3833
3704	3836
3704	3840
3704	3873
3704	3881
3704	3742
3704	3844
3704	3877
3705	3833
3705	3709
3705	3815
3705	3812
3705	3836
3705	3837
3705	3811
3706	3815
3706	3819
3706	3710
3707	3711
3707	3712
3707	3739
3707	3736
3707	3877
3708	3739
3708	3732
3708	3712
3708	3728
3708	3729
3708	3833
3708	3733
3708	3743
3708	3836
3709	3833
3709	3724
3709	3729
3709	3713
3709	3816
3709	3820
3709	3815
3709	3819
3709	3812
3709	3813
3709	3825
3710	3819
3710	3820
3710	3714
3711	3715
3711	3728
3711	3732
3711	3739
3711	3736
3712	3732
3712	3728
3712	3716
3712	3724
3712	3725
3712	3729
3713	3724
3713	3816
3713	3820
3713	3823
3713	3717
3713	3721
3714	3820
3714	3718
3715	3719
3715	3728
3715	3731
3715	3727
3715	3732
3716	3728
3716	3721
3716	3720
3716	3723
3716	3724
3716	3823
3717	3721
3717	3820
3719	3728
3719	3731
3721	3823
3721	3728
3721	3725
3722	3823
3722	3822
3722	3824
3723	3823
3723	3824
3723	3728
3723	3825
3723	3826
3724	3823
3724	3824
3724	3825
3724	3826
3724	3728
3724	3829
3724	3816
3724	3729
3724	3820
3725	3826
3725	3829
3725	3729
3726	3829
3726	3748
3726	3832
3726	3730
3726	3751
3726	3749
3726	3750
3726	3828
3726	3826
3727	3750
3727	3751
3727	3731
3727	3752
3727	3753
3727	3754
3727	3755
3728	3732
3729	3733
3729	3734
3729	3748
3729	3832
3729	3825
3729	3828
3729	3829
3729	3833
3730	3748
3730	3734
3730	3735
3730	3754
3730	3751
3730	3752
3730	3753
3730	3746
3731	3751
3731	3735
3731	3754
3731	3753
3731	3755
3732	3736
3732	3739
3733	3739
3733	3740
3733	3748
3733	3743
3734	3740
3734	3754
3734	3748
3734	3739
3734	3743
3734	3744
3734	3746
3735	3754
3736	3740
3736	3877
3737	3741
3737	3874
3738	3874
3738	3877
3738	3742
3738	3876
3738	3875
3739	3743
3739	3836
3739	3877
3740	3744
3741	3874
3742	3874
3742	3877
3742	3872
3742	3746
3742	3843
3742	3873
3742	3840
3742	3836
3743	3843
3743	3748
3743	3836
3743	3839
3743	3840
3746	3839
3746	3843
3747	3832
3748	3832
3748	3752
3749	3832
3750	3828
3757	3761
3810	3814
3811	3815
3812	3816
3812	3830
3812	3825
3812	3833
3812	3837
3813	3830
3813	3825
3813	3817
3813	3824
3813	3823
3814	3818
3815	3819
3815	3820
3816	3820
3816	3823
3816	3824
3816	3825
3817	3821
3817	3823
3825	3829
3825	3830
3825	3833
3826	3830
3827	3831
3828	3832
3829	3833
3830	3834
3831	3835
3832	3836
3833	3837
3834	3838
3834	3839
3835	3839
3836	3840
3836	3841
3837	3841
3838	3842
3839	3843
3840	3872
3840	3844
3840	3845
3840	3873
3841	3845
3841	3846
3842	3846
3842	3850
3843	3850
3843	3847
3843	3868
3843	3872
3844	3872
3844	3868
3844	3848
3844	3864
3844	3865
3844	3869
3844	3873
3845	3860
3845	3865
3845	3849
3846	3850
3847	3851
3847	3871
3847	3868
3847	3872
3847	3867
3848	3868
3848	3864
3848	3860
3848	3852
3848	3861
3848	3865
3849	3860
3849	3853
3850	3854
3851	3855
3851	3857
3851	3864
3851	3871
3851	3863
3851	3867
3851	3868
3852	3864
3852	3857
3852	3856
3852	3859
3852	3860
3853	3857
3857	3864
3859	3864
3860	3864
3860	3865
3861	3865
3862	3866
3862	3889
3863	3867
3863	3868
3864	3868
3865	3869
3866	3882
3866	3870
3866	3886
3867	3871
3868	3872
3868	3873
3869	3873
3869	3878
3869	3877
3869	3881
3869	3882
3870	3882
3870	3878
3873	3878
3873	3877
3873	3881
3874	3878
3875	3879
3876	3880
3876	3881
3877	3881
3878	3882
3879	3883
3880	3884
3881	3885
3882	3886
3882	3887
3883	3887
3884	3888
3885	3889
3886	3890
3887	3891
3887	3892
3888	3892
3889	3893
3890	3894
3891	3895
