  678 base-pairs
...     1 A-T ...
    0.0000    0.0000    0.0000
    1.0000    0.0000    0.0000
    0.0000    1.0000    0.0000
    0.0000    0.0000    1.0000
...     2 C-G ...
    0.3695   -0.4371    3.3912
    0.8523    0.5227   -0.0183
   -0.5228    0.8524   -0.0064
    0.0123    0.0151    0.9998
...     3 A-T ...
    0.2842   -0.2554    6.7738
    0.3934    0.9118   -0.1177
   -0.9159    0.3998    0.0356
    0.0795    0.0938    0.9924
...     4 G-C ...
    0.8017    0.2438   10.0896
   -0.1739    0.9749   -0.1387
   -0.9829   -0.1633    0.0850
    0.0602    0.1511    0.9867
...     5 G-C ...
    1.3678    1.0192   13.2611
   -0.6862    0.7148   -0.1350
   -0.7271   -0.6678    0.1593
    0.0237    0.2075    0.9779
...     6 A-T ...
    1.5771    1.6279   16.5598
   -0.9775    0.1905   -0.0907
   -0.2054   -0.9574    0.2029
   -0.0482    0.2169    0.9750
...     7 T-A ...
    1.4183    2.9115   19.7431
   -0.9433   -0.3281    0.0504
    0.3311   -0.9190    0.2141
   -0.0240    0.2187    0.9755
...     8 G-C ...
    1.1765    3.3114   23.0993
   -0.5760   -0.8147    0.0674
    0.8104   -0.5583    0.1779
   -0.1073    0.1571    0.9817
...     9 T-A ...
    0.3509    4.1916   26.3197
   -0.0660   -0.9882    0.1384
    0.9902   -0.0477    0.1312
   -0.1230    0.1457    0.9816
...    10 A-T ...
    0.0067    4.5397   29.6238
    0.5413   -0.8345    0.1031
    0.8348    0.5480    0.0522
   -0.1001    0.0578    0.9933
...    11 A-T ...
   -0.4421    4.6246   32.8689
    0.9262   -0.3657    0.0921
    0.3706    0.9278   -0.0434
   -0.0696    0.0743    0.9948
...    12 C-G ...
   -0.4978    4.3360   36.2955
    0.9844    0.1719    0.0376
   -0.1679    0.9816   -0.0915
   -0.0526    0.0838    0.9951
...    13 C-G ...
   -0.3406    4.2392   39.6039
    0.7335    0.6749   -0.0809
   -0.6796    0.7301   -0.0714
    0.0109    0.1073    0.9942
...    14 T-A ...
   -0.0480    4.4194   42.9794
    0.2425    0.9582   -0.1517
   -0.9682    0.2489    0.0243
    0.0611    0.1410    0.9881
...    15 G-C ...
   -0.0404    5.2164   46.2728
   -0.3628    0.9086   -0.2070
   -0.9302   -0.3399    0.1384
    0.0554    0.2428    0.9685
...    16 C-G ...
    0.1892    6.0937   49.5297
   -0.8253    0.5552   -0.1035
   -0.5627   -0.7927    0.2344
    0.0481    0.2517    0.9666
...    17 A-T ...
    0.2847    6.7825   52.8461
   -0.9986   -0.0267   -0.0459
    0.0127   -0.9597    0.2807
   -0.0515    0.2797    0.9587
...    18 G-C ...
   -0.1595    7.8705   56.0290
   -0.8256   -0.5613    0.0568
    0.5560   -0.7922    0.2515
   -0.0962    0.2392    0.9662
...    19 A-T ...
   -0.3738    8.7863   59.2557
   -0.3529   -0.9279    0.1198
    0.9283   -0.3312    0.1692
   -0.1173    0.1709    0.9783
...    20 T-A ...
   -1.3215    9.4448   62.4920
    0.1764   -0.9610    0.2129
    0.9776    0.1964    0.0762
   -0.1151    0.1947    0.9741
...    21 A-T ...
   -1.6071    9.9785   65.7769
    0.7279   -0.6731    0.1312
    0.6820    0.7305   -0.0362
   -0.0714    0.1159    0.9907
...    22 C-G ...
   -1.8785    9.8034   69.2008
    0.9781   -0.1940    0.0747
    0.2013    0.9738   -0.1059
   -0.0522    0.1186    0.9916
...    23 T-A ...
   -2.0553    9.8915   72.5880
    0.9307    0.3635   -0.0402
   -0.3657    0.9264   -0.0894
    0.0047    0.0979    0.9952
...    24 A-T ...
   -1.9407   10.3379   75.8962
    0.5316    0.8295   -0.1715
   -0.8437    0.5365   -0.0202
    0.0753    0.1554    0.9850
...    25 C-G ...
   -1.1203   10.9369   79.1819
    0.0108    0.9846   -0.1747
   -0.9976    0.0226    0.0661
    0.0690    0.1736    0.9824
...    26 C-G ...
   -0.4681   11.7544   82.3261
   -0.5407    0.8236   -0.1712
   -0.8393   -0.5144    0.1762
    0.0571    0.2390    0.9693
...    27 A-T ...
   -0.4026   12.4389   85.6442
   -0.9261    0.3524   -0.1346
   -0.3765   -0.8856    0.2718
   -0.0234    0.3024    0.9529
...    28 A-T ...
   -0.4387   13.5766   88.7172
   -0.9727   -0.2308    0.0259
    0.2289   -0.9340    0.2742
   -0.0391    0.2726    0.9613
...    29 A-T ...
   -0.6233   14.6122   91.8209
   -0.6606   -0.7339    0.1580
    0.7500   -0.6356    0.1831
   -0.0340    0.2394    0.9703
...    30 A-T ...
   -0.8672   15.4815   94.9712
   -0.1051   -0.9714    0.2130
    0.9944   -0.1005    0.0322
   -0.0099    0.2152    0.9765
...    31 G-C ...
   -1.0844   15.9634   98.3227
    0.4538   -0.8805    0.1371
    0.8908    0.4438   -0.0981
    0.0255    0.1667    0.9857
...    32 T-A ...
   -1.5325   16.2888  101.7170
    0.8522   -0.5205    0.0535
    0.5225    0.8410   -0.1404
    0.0281    0.1476    0.9886
...    33 G-C ...
   -1.0697   16.8755  105.0221
    0.9900    0.0431   -0.1343
   -0.0586    0.9917   -0.1141
    0.1283    0.1208    0.9844
...    34 T-A ...
   -0.6248   16.7010  108.4279
    0.8116    0.5537   -0.1861
   -0.5655    0.8247   -0.0122
    0.1467    0.1152    0.9824
...    35 A-T ...
   -0.0678   17.2233  111.6796
    0.3058    0.9208   -0.2422
   -0.9307    0.3427    0.1278
    0.2006    0.1863    0.9618
...    36 T-A ...
    1.1586   17.7684  114.8426
   -0.2160    0.9692   -0.1184
   -0.9558   -0.1851    0.2285
    0.1995    0.1625    0.9663
...    37 T-A ...
    1.9965   18.4847  117.9287
   -0.7293    0.6834    0.0327
   -0.6478   -0.7052    0.2882
    0.2200    0.1890    0.9570
...    38 T-A ...
    2.7549   19.3640  120.9932
   -0.9703    0.1495    0.1904
   -0.0995   -0.9633    0.2493
    0.2207    0.2229    0.9495
...    39 G-C ...
    3.2131   19.8932  124.3087
   -0.8685   -0.4517    0.2041
    0.4808   -0.8678    0.1257
    0.1203    0.2073    0.9709
...    40 G-C ...
    3.2199   20.8338  127.4859
   -0.4706   -0.8649    0.1745
    0.8789   -0.4770    0.0058
    0.0782    0.1561    0.9846
...    41 A-T ...
    3.5259   21.5068  130.7646
    0.1090   -0.9912    0.0750
    0.9898    0.1013   -0.0999
    0.0914    0.0851    0.9922
...    42 A-T ...
    3.6703   21.7488  134.0296
    0.6587   -0.7522   -0.0187
    0.7418    0.6533   -0.1512
    0.1259    0.0857    0.9883
...    43 A-T ...
    3.9785   21.9101  137.2882
    0.9631   -0.2383   -0.1247
    0.2209    0.9654   -0.1388
    0.1534    0.1061    0.9824
...    44 C-G ...
    4.7582   21.7599  140.6345
    0.9336    0.2995   -0.1968
   -0.3162    0.9468   -0.0594
    0.1685    0.1177    0.9786
...    45 T-A ...
    5.4841   21.8845  143.9464
    0.6011    0.7618   -0.2415
   -0.7662    0.6352    0.0968
    0.2271    0.1268    0.9656
...    46 G-C ...
    6.2010   22.6864  147.1597
    0.0284    0.9712   -0.2364
   -0.9646    0.0886    0.2484
    0.2622    0.2209    0.9394
...    47 C-G ...
    7.1473   23.4663  150.3102
   -0.5242    0.8491   -0.0653
   -0.8112   -0.4745    0.3417
    0.2592    0.2321    0.9375
...    48 T-A ...
    8.2400   24.4503  153.3679
   -0.8930    0.4411    0.0893
   -0.3841   -0.8503    0.3598
    0.2347    0.2870    0.9288
...    49 C-G ...
    8.6605   25.5423  156.5187
   -0.9640   -0.1403    0.2261
    0.2035   -0.9361    0.2868
    0.1714    0.3224    0.9309
...    50 C-G ...
    8.8827   26.9588  159.5059
   -0.7043   -0.6491    0.2874
    0.7014   -0.6988    0.1407
    0.1095    0.3006    0.9474
...    51 A-T ...
    9.4058   27.8777  162.7253
   -0.1828   -0.9581    0.2205
    0.9812   -0.1920   -0.0204
    0.0619    0.2127    0.9752
...    52 T-A ...
    9.0552   28.5978  166.0666
    0.3535   -0.9136    0.2008
    0.9335    0.3308   -0.1381
    0.0597    0.2362    0.9699
...    53 C-G ...
    9.4323   29.0466  169.3761
    0.8191   -0.5729    0.0309
    0.5680    0.8023   -0.1835
    0.0804    0.1678    0.9825
...    54 A-T ...
    9.7728   29.7799  172.6668
    0.9839   -0.0238   -0.1773
   -0.0009    0.9904   -0.1382
    0.1789    0.1361    0.9744
...    55 A-T ...
   10.3789   30.0679  175.8745
    0.7983    0.5496   -0.2463
   -0.5742    0.8179   -0.0361
    0.1816    0.1703    0.9685
...    56 A-T ...
   11.0810   30.5069  179.0452
    0.3157    0.9171   -0.2435
   -0.9346    0.3449    0.0872
    0.1639    0.2001    0.9660
...    57 A-T ...
   11.7724   31.1262  182.1882
   -0.2859    0.9431   -0.1700
   -0.9491   -0.2541    0.1862
    0.1324    0.2146    0.9677
...    58 G-C ...
   12.2914   32.1441  185.3829
   -0.7636    0.6380   -0.0990
   -0.6406   -0.7294    0.2399
    0.0809    0.2467    0.9657
...    59 G-C ...
   12.6555   33.3938  188.4301
   -0.9929    0.1179   -0.0158
   -0.1178   -0.9564    0.2671
    0.0163    0.2671    0.9635
...    60 C-G ...
   12.6786   34.3596  191.6698
   -0.8861   -0.4458    0.1270
    0.4635   -0.8550    0.2327
    0.0048    0.2651    0.9642
...    61 A-T ...
   12.8126   35.1222  194.9688
   -0.4565   -0.8785    0.1410
    0.8871   -0.4374    0.1473
   -0.0677    0.1923    0.9790
...    62 T-A ...
   12.0441   35.9174  198.2219
    0.0677   -0.9732    0.2197
    0.9957    0.0798    0.0465
   -0.0628    0.2156    0.9744
...    63 G-C ...
   12.1206   36.4063  201.5741
    0.6312   -0.7679    0.1094
    0.7752    0.6292   -0.0564
   -0.0255    0.1204    0.9924
...    64 T-A ...
   11.5631   36.4634  204.9673
    0.9436   -0.3270    0.0516
    0.3305    0.9395   -0.0903
   -0.0190    0.1023    0.9946
...    65 T-A ...
   11.5653   36.5346  208.2437
    0.9611    0.2759   -0.0130
   -0.2762    0.9586   -0.0691
   -0.0066    0.0700    0.9975
...    66 C-G ...
   11.9038   36.9169  211.5657
    0.6300    0.7693   -0.1064
   -0.7740    0.6332   -0.0040
    0.0643    0.0848    0.9943
...    67 A-T ...
   11.9589   37.2859  214.9336
    0.0635    0.9802   -0.1874
   -0.9928    0.0811    0.0878
    0.1013    0.1805    0.9783
...    68 G-C ...
   12.4735   38.1463  218.1750
   -0.4932    0.8536   -0.1678
   -0.8676   -0.4684    0.1669
    0.0639    0.2279    0.9716
...    69 C-G ...
   12.7230   38.9788  221.4421
   -0.8976    0.4374   -0.0550
   -0.4373   -0.8678    0.2359
    0.0554    0.2358    0.9702
...    70 T-A ...
   12.9883   40.0707  224.6435
   -0.9922   -0.1181    0.0386
    0.1242   -0.9557    0.2668
    0.0054    0.2695    0.9630
...    71 G-C ...
   12.7763   40.6876  227.9687
   -0.7372   -0.6698    0.0892
    0.6698   -0.7069    0.2273
   -0.0892    0.2273    0.9697
...    72 G-C ...
   12.0463   41.5801  231.0752
   -0.2437   -0.9605    0.1342
    0.9627   -0.2228    0.1537
   -0.1177    0.1666    0.9790
...    73 A-T ...
   11.6567   42.2946  234.3362
    0.3567   -0.9256    0.1266
    0.9301    0.3645    0.0446
   -0.0874    0.1018    0.9910
...    74 T-A ...
   10.8880   42.3363  237.6848
    0.7848   -0.6002    0.1545
    0.6113    0.7907   -0.0339
   -0.1018    0.1210    0.9874
...    75 T-A ...
   10.5321   42.4623  240.9401
    0.9941   -0.0330    0.1036
    0.0417    0.9957   -0.0827
   -0.1004    0.0865    0.9912
...    76 C-G ...
   10.5841   42.7817  244.2855
    0.8437    0.5365   -0.0183
   -0.5360    0.8402   -0.0818
   -0.0285    0.0788    0.9965
...    77 C-G ...
   10.9396   42.8242  247.5796
    0.4132    0.9024   -0.1223
   -0.9104    0.4125   -0.0326
    0.0210    0.1248    0.9920
...    78 A-T ...
   10.8324   43.2841  250.9351
   -0.1867    0.9582   -0.2166
   -0.9819   -0.1747    0.0734
    0.0325    0.2263    0.9735
...    79 G-C ...
   11.0456   44.3335  254.1546
   -0.6925    0.6932   -0.1997
   -0.7213   -0.6713    0.1708
   -0.0157    0.2623    0.9649
...    80 C-G ...
   11.0092   45.2885  257.3974
   -0.9786    0.1901   -0.0792
   -0.2043   -0.9446    0.2571
   -0.0259    0.2677    0.9631
...    81 T-A ...
   10.9228   46.4962  260.5669
   -0.9292   -0.3684    0.0303
    0.3602   -0.8842    0.2974
   -0.0827    0.2872    0.9543
...    82 G-C ...
   10.4948   47.1257  263.8689
   -0.5421   -0.8343    0.1008
    0.8243   -0.5045    0.2569
   -0.1635    0.2223    0.9612
...    83 A-T ...
   10.0022   48.0173  267.0718
    0.0369   -0.9865    0.1592
    0.9870    0.0609    0.1485
   -0.1562    0.1517    0.9760
...    84 A-T ...
    9.3352   48.4837  270.2463
    0.6037   -0.7733    0.1939
    0.7878    0.6159    0.0031
   -0.1218    0.1509    0.9810
...    85 C-G ...
    8.8010   48.4403  273.6434
    0.9286   -0.3400    0.1489
    0.3567    0.9283   -0.1050
   -0.1025    0.1506    0.9833
...    86 A-T ...
    8.4807   49.1285  276.9458
    0.9702    0.2396   -0.0364
   -0.2423    0.9598   -0.1414
    0.0010    0.1460    0.9893
...    87 T-A ...
    8.7253   49.1218  280.3731
    0.7040    0.7055   -0.0813
   -0.7099    0.6959   -0.1086
   -0.0201    0.1341    0.9908
...    88 G-C ...
    8.6525   49.9498  283.6581
    0.1687    0.9594   -0.2260
   -0.9853    0.1708   -0.0107
    0.0283    0.2245    0.9741
...    89 C-G ...
    8.8149   50.7360  286.9421
   -0.4174    0.8857   -0.2034
   -0.9083   -0.4000    0.1221
    0.0268    0.2358    0.9714
...    90 C-G ...
    9.1784   51.9104  290.0192
   -0.8468    0.5061   -0.1638
   -0.5318   -0.8126    0.2385
   -0.0124    0.2891    0.9572
...    91 T-A ...
    9.2468   53.1696  293.1690
   -0.9982   -0.0330   -0.0504
    0.0147   -0.9447    0.3277
   -0.0584    0.3264    0.9434
...    92 T-A ...
    8.9051   54.4463  296.1678
   -0.8059   -0.5739    0.1456
    0.5865   -0.7401    0.3290
   -0.0811    0.3505    0.9330
...    93 T-A ...
    8.3872   55.6752  299.1613
   -0.3184   -0.8971    0.3063
    0.9410   -0.2600    0.2166
   -0.1146    0.3571    0.9270
...    94 T-A ...
    7.7508   56.7682  302.1845
    0.2845   -0.8834    0.3724
    0.9474    0.3185    0.0318
   -0.1467    0.3438    0.9275
...    95 G-C ...
    7.5893   57.7772  305.4154
    0.7883   -0.5707    0.2299
    0.6088    0.7775   -0.1574
   -0.0890    0.2640    0.9604
...    96 A-T ...
    7.1492   58.7257  308.6096
    0.9986   -0.0441    0.0293
    0.0503    0.9628   -0.2653
   -0.0165    0.2665    0.9637
...    97 T-A ...
    7.1764   59.0940  312.0256
    0.8795    0.4674   -0.0899
   -0.4742    0.8446   -0.2484
   -0.0402    0.2611    0.9645
...    98 G-C ...
    7.1464   60.3265  315.1820
    0.4485    0.8381   -0.3105
   -0.8932    0.4330   -0.1212
    0.0328    0.3317    0.9428
...    99 G-C ...
    7.7211   61.4179  318.2574
   -0.1157    0.9143   -0.3882
   -0.9926   -0.0916    0.0801
    0.0376    0.3945    0.9181
...   100 A-T ...
    7.8981   62.6048  321.3969
   -0.6623    0.6683   -0.3388
   -0.7491   -0.5991    0.2826
   -0.0141    0.4410    0.8974
...   101 G-C ...
    7.7898   64.3678  324.2937
   -0.9610    0.2067   -0.1836
   -0.2663   -0.8707    0.4135
   -0.0744    0.4463    0.8918
...   102 C-G ...
    7.5167   65.9375  327.2755
   -0.9426   -0.3260    0.0720
    0.3226   -0.8338    0.4480
   -0.0860    0.4455    0.8911
...   103 A-T ...
    7.3204   67.3097  330.3675
   -0.5742   -0.7867    0.2267
    0.8013   -0.4831    0.3529
   -0.1682    0.3843    0.9078
...   104 G-C ...
    6.4727   68.4724  333.4402
   -0.0344   -0.9443    0.3273
    0.9863    0.0209    0.1638
   -0.1615    0.3284    0.9306
...   105 T-A ...
    5.3467   69.5960  336.4894
    0.4883   -0.7980    0.3532
    0.8562    0.5163   -0.0174
   -0.1685    0.3109    0.9354
...   106 T-A ...
    4.6731   70.3755  339.6004
    0.8939   -0.3536    0.2754
    0.4104    0.8928   -0.1858
   -0.1802    0.2792    0.9432
...   107 T-A ...
    4.1231   71.0309  342.7638
    0.9672    0.2267    0.1146
   -0.1878    0.9420   -0.2780
   -0.1710    0.2473    0.9537
...   108 C-G ...
    3.9191   71.9856  345.9799
    0.6947    0.7095   -0.1187
   -0.7124    0.6557   -0.2501
   -0.0996    0.2583    0.9609
...   109 C-G ...
    4.0772   72.7396  349.2026
    0.1968    0.9347   -0.2959
   -0.9785    0.1681   -0.1197
   -0.0621    0.3131    0.9477
...   110 A-T ...
    3.6852   73.7918  352.3998
   -0.3936    0.8261   -0.4033
   -0.9163   -0.3877    0.1001
   -0.0737    0.4089    0.9096
...   111 A-T ...
    3.5811   75.2090  355.3528
   -0.8488    0.4410   -0.2917
   -0.5178   -0.8046    0.2906
   -0.1065    0.3977    0.9113
...   112 A-T ...
    3.2969   76.6475  358.2836
   -0.9894   -0.1138   -0.0905
    0.0711   -0.9217    0.3813
   -0.1269    0.3708    0.9200
...   113 T-A ...
    2.7178   78.3992  361.1821
   -0.8120   -0.5662    0.1416
    0.5743   -0.7318    0.3671
   -0.1042    0.3794    0.9193
...   114 A-T ...
    2.3034   79.5324  364.2967
   -0.3047   -0.9190    0.2501
    0.9393   -0.2463    0.2390
   -0.1580    0.3078    0.9382
...   115 C-G ...
    1.2443   80.3442  367.4664
    0.2341   -0.9177    0.3209
    0.9609    0.2685    0.0669
   -0.1476    0.2927    0.9447
...   116 A-T ...
    0.9064   81.4190  370.6623
    0.7551   -0.6224    0.2059
    0.6490    0.7542   -0.1002
   -0.0929    0.2093    0.9734
...   117 C-G ...
    0.5866   81.5690  374.0832
    0.9845   -0.1401    0.1053
    0.1590    0.9670   -0.1993
   -0.0739    0.2130    0.9743
...   118 T-A ...
    0.3502   81.9815  377.4426
    0.9140    0.4006   -0.0648
   -0.4055    0.8952   -0.1850
   -0.0161    0.1954    0.9806
...   119 T-A ...
    0.5253   82.4743  380.6777
    0.5114    0.8438   -0.1626
   -0.8592    0.5055   -0.0795
    0.0151    0.1804    0.9835
...   120 T-A ...
    0.8465   83.0729  383.8837
   -0.0793    0.9802   -0.1815
   -0.9956   -0.0689    0.0631
    0.0494    0.1858    0.9814
...   121 T-A ...
    1.2234   83.8402  387.0473
   -0.6404    0.7595   -0.1145
   -0.7645   -0.6159    0.1903
    0.0740    0.2094    0.9750
...   122 G-C ...
    1.0950   84.5804  390.3516
   -0.9662    0.2451   -0.0804
   -0.2576   -0.9326    0.2527
   -0.0131    0.2649    0.9642
...   123 G-C ...
    0.9485   85.8883  393.3926
   -0.9466   -0.3225    0.0068
    0.3124   -0.9115    0.2676
   -0.0801    0.2554    0.9635
...   124 T-A ...
    0.5165   87.2973  396.5000
   -0.6425   -0.7545    0.1339
    0.7598   -0.6046    0.2391
   -0.0994    0.2553    0.9617
...   125 A-T ...
    0.1551   88.0006  399.7452
   -0.0595   -0.9845    0.1648
    0.9893   -0.0362    0.1415
   -0.1333    0.1715    0.9761
...   126 G-C ...
   -0.4661   88.3212  403.0653
    0.4965   -0.8539    0.1563
    0.8627    0.5053    0.0197
   -0.0958    0.1250    0.9875
...   127 T-A ...
   -1.3098   88.4688  406.3960
    0.8754   -0.4651    0.1314
    0.4745    0.8789   -0.0500
   -0.0923    0.1061    0.9901
...   128 A-T ...
   -1.4624   88.8264  409.7135
    0.9908    0.1352   -0.0100
   -0.1355    0.9867   -0.0897
   -0.0022    0.0902    0.9959
...   129 T-A ...
   -1.2854   88.6041  413.1376
    0.7769    0.6289   -0.0318
   -0.6292    0.7733   -0.0780
   -0.0245    0.0806    0.9964
...   130 C-G ...
   -1.0935   89.1506  416.4483
    0.2785    0.9520   -0.1268
   -0.9598    0.2807   -0.0007
    0.0350    0.1219    0.9919
...   131 T-A ...
   -0.6618   89.5360  419.7915
   -0.2922    0.9443   -0.1515
   -0.9545   -0.2779    0.1085
    0.0604    0.1763    0.9825
...   132 G-C ...
   -0.7950   90.3053  423.0889
   -0.7901    0.5923   -0.1581
   -0.6130   -0.7625    0.2070
    0.0021    0.2605    0.9655
...   133 C-G ...
   -0.7817   91.2557  426.3333
   -0.9982    0.0553   -0.0243
   -0.0598   -0.9628    0.2635
   -0.0088    0.2644    0.9644
...   134 A-T ...
   -0.7826   91.9771  429.6442
   -0.8459   -0.5322    0.0354
    0.5221   -0.8126    0.2591
   -0.1091    0.2376    0.9652
...   135 G-C ...
   -1.4601   92.7642  432.8742
   -0.4173   -0.9018    0.1127
    0.9000   -0.3928    0.1890
   -0.1262    0.1803    0.9755
...   136 G-C ...
   -2.3371   93.3218  436.0206
    0.1516   -0.9795    0.1324
    0.9800    0.1664    0.1089
   -0.1287    0.1133    0.9852
...   137 T-A ...
   -3.3527   93.6318  439.2917
    0.6432   -0.7493    0.1577
    0.7542    0.6555    0.0384
   -0.1322    0.0943    0.9867
...   138 G-C ...
   -3.4222   93.9276  442.6666
    0.9683   -0.2440    0.0531
    0.2457    0.9690   -0.0272
   -0.0448    0.0394    0.9982
...   139 A-T ...
   -3.7298   94.0654  446.0107
    0.9362    0.3487   -0.0442
   -0.3508    0.9347   -0.0577
    0.0212    0.0696    0.9974
...   140 T-A ...
   -3.3611   93.8254  449.4183
    0.6192    0.7840   -0.0444
   -0.7852    0.6183   -0.0330
    0.0016    0.0553    0.9985
...   141 T-A ...
   -3.0851   93.9807  452.6801
    0.0514    0.9970   -0.0582
   -0.9980    0.0534    0.0333
    0.0363    0.0564    0.9978
...   142 C-G ...
   -2.9875   94.5577  455.9898
   -0.5297    0.8439   -0.0850
   -0.8470   -0.5210    0.1058
    0.0450    0.1281    0.9907
...   143 T-A ...
   -2.6078   95.2044  459.2987
   -0.9074    0.4162   -0.0583
   -0.4197   -0.8906    0.1749
    0.0209    0.1832    0.9829
...   144 C-G ...
   -2.9082   95.9385  462.5648
   -0.9840   -0.1779   -0.0034
    0.1727   -0.9597    0.2215
   -0.0427    0.2174    0.9752
...   145 C-G ...
   -3.3795   97.0111  465.6643
   -0.7245   -0.6868    0.0573
    0.6810   -0.7007    0.2126
   -0.1059    0.1930    0.9755
...   146 A-T ...
   -3.5879   97.5669  469.0005
   -0.1896   -0.9793    0.0716
    0.9696   -0.1752    0.1710
   -0.1549    0.1018    0.9827
...   147 G-C ...
   -4.3139   97.6755  472.3130
    0.3782   -0.9209    0.0940
    0.9174    0.3865    0.0953
   -0.1241    0.0502    0.9910
...   148 G-C ...
   -5.0181   97.4799  475.5450
    0.8252   -0.5611    0.0646
    0.5597    0.8277    0.0408
   -0.0764    0.0025    0.9971
...   149 G-C ...
   -5.3206   97.0236  478.8130
    0.9998   -0.0166    0.0099
    0.0164    0.9998    0.0113
   -0.0101   -0.0112    0.9999
...   150 C-G ...
   -5.3163   96.9242  482.1923
    0.8345    0.5510    0.0034
   -0.5510    0.8345    0.0072
    0.0011   -0.0079    1.0000
...   151 G-C ...
   -5.6739   97.3564  485.6837
    0.3609    0.9304   -0.0643
   -0.9314    0.3631    0.0266
    0.0481    0.0503    0.9976
...   152 G-C ...
   -5.0524   97.5738  488.9312
   -0.2106    0.9718   -0.1056
   -0.9765   -0.2040    0.0699
    0.0464    0.1178    0.9920
...   153 C-G ...
   -4.8442   98.0229  492.2755
   -0.7257    0.6855   -0.0587
   -0.6868   -0.7168    0.1207
    0.0407    0.1280    0.9909
...   154 C-G ...
   -4.6101   98.9260  495.4550
   -0.9840    0.1725   -0.0450
   -0.1775   -0.9712    0.1588
   -0.0163    0.1643    0.9863
...   155 A-T ...
   -4.6576   99.3023  498.8223
   -0.9010   -0.4317   -0.0435
    0.4172   -0.8896    0.1858
   -0.1189    0.1493    0.9816
...   156 G-C ...
   -5.3665   99.8300  502.0981
   -0.5198   -0.8543    0.0058
    0.8423   -0.5113    0.1705
   -0.1427    0.0935    0.9853
...   157 T-A ...
   -6.3322  100.4682  505.3366
   -0.0009   -0.9966    0.0820
    0.9875    0.0120    0.1571
   -0.1576    0.0812    0.9842
...   158 A-T ...
   -6.7830  100.6043  508.6433
    0.5950   -0.8004    0.0729
    0.7933    0.5994    0.1065
   -0.1289   -0.0055    0.9916
...   159 C-G ...
   -7.3472  100.0277  511.9866
    0.9241   -0.3689    0.0996
    0.3660    0.9295    0.0463
   -0.1097   -0.0063    0.9939
...   160 T-A ...
   -7.7721   99.6965  515.3364
    0.9780    0.1987    0.0636
   -0.2006    0.9794    0.0247
   -0.0573   -0.0369    0.9977
...   161 T-A ...
   -7.7689   99.3817  518.5984
    0.6823    0.7284    0.0632
   -0.7305    0.6827    0.0180
   -0.0301   -0.0585    0.9978
...   162 A-T ...
   -7.8320   99.3376  521.9376
    0.1201    0.9924   -0.0254
   -0.9927    0.1203    0.0056
    0.0086    0.0245    0.9997
...   163 C-G ...
   -7.3245   99.7350  525.3158
   -0.4167    0.9083   -0.0370
   -0.9090   -0.4165    0.0116
   -0.0049    0.0385    0.9992
...   164 A-T ...
   -7.4860   99.7552  528.7005
   -0.8589    0.4972   -0.1225
   -0.5066   -0.8600    0.0610
   -0.0750    0.1145    0.9906
...   165 T-A ...
   -7.5569  100.6720  532.0111
   -0.9986   -0.0178   -0.0500
    0.0122   -0.9939    0.1092
   -0.0516    0.1085    0.9928
...   166 G-C ...
   -7.9931  100.7630  535.3702
   -0.8008   -0.5941   -0.0761
    0.5798   -0.8008    0.1499
   -0.1500    0.0760    0.9858
...   167 C-G ...
   -8.5671  101.0451  538.6899
   -0.3318   -0.9433    0.0109
    0.9302   -0.3252    0.1701
   -0.1569    0.0665    0.9854
...   168 G-C ...
   -8.5561  101.1333  542.2251
    0.2780   -0.9599    0.0368
    0.9473    0.2803    0.1549
   -0.1590   -0.0083    0.9872
...   169 G-C ...
   -9.4091  100.7814  545.4075
    0.7602   -0.6478    0.0497
    0.6391    0.7594    0.1220
   -0.1167   -0.0610    0.9913
...   170 C-G ...
   -9.8126  100.5032  548.7526
    0.9895   -0.1051    0.0988
    0.0978    0.9923    0.0761
   -0.1060   -0.0656    0.9922
...   171 G-C ...
  -10.1732  100.8578  552.2525
    0.8691    0.4918    0.0535
   -0.4936    0.8693    0.0276
   -0.0330   -0.0504    0.9982
...   172 G-C ...
   -9.8881  100.4399  555.5272
    0.4582    0.8888   -0.0066
   -0.8888    0.4583    0.0063
    0.0087    0.0030    1.0000
...   173 C-G ...
   -9.7864  100.4571  558.9063
   -0.1238    0.9922   -0.0130
   -0.9922   -0.1236    0.0124
    0.0107    0.0145    0.9998
...   174 C-G ...
   -9.3629  100.8174  562.1729
   -0.6465    0.7600   -0.0666
   -0.7628   -0.6452    0.0434
   -0.0100    0.0789    0.9968
...   175 A-T ...
   -9.5066  100.9395  565.5562
   -0.9619    0.2416   -0.1282
   -0.2553   -0.9612    0.1040
   -0.0981    0.1327    0.9863
...   176 G-C ...
  -10.0564  101.6032  568.8378
   -0.9380   -0.3288   -0.1099
    0.3117   -0.9386    0.1481
   -0.1518    0.1046    0.9829
...   177 T-A ...
  -10.7311  102.5173  572.0839
   -0.6346   -0.7723   -0.0283
    0.7536   -0.6266    0.1985
   -0.1710    0.1046    0.9797
...   178 A-T ...
  -11.3307  102.7137  575.3639
   -0.0507   -0.9987    0.0090
    0.9776   -0.0478    0.2047
   -0.2040    0.0192    0.9788
...   179 C-G ...
  -12.4687  102.4307  578.5969
    0.4715   -0.8765    0.0968
    0.8612    0.4813    0.1635
   -0.1899    0.0063    0.9818
...   180 A-T ...
  -12.9769  102.5722  581.9442
    0.8955   -0.4387    0.0750
    0.4300    0.8963    0.1084
   -0.1148   -0.0648    0.9913
...   181 G-C ...
  -13.1917  102.0953  585.2965
    0.9903    0.1245    0.0623
   -0.1271    0.9910    0.0408
   -0.0566   -0.0484    0.9972
...   182 G-C ...
  -13.1094  101.5538  588.5645
    0.7612    0.6485    0.0080
   -0.6486    0.7611    0.0126
    0.0021   -0.0148    0.9999
...   183 A-T ...
  -13.1980  101.3791  591.9198
    0.2542    0.9654   -0.0586
   -0.9670    0.2547    0.0007
    0.0156    0.0565    0.9983
...   184 T-A ...
  -12.5847  101.5375  595.2968
   -0.2833    0.9587   -0.0264
   -0.9589   -0.2827    0.0244
    0.0160    0.0322    0.9994
...   185 G-C ...
  -12.8662  101.8244  598.6615
   -0.7810    0.6155   -0.1060
   -0.6232   -0.7792    0.0671
   -0.0413    0.1185    0.9921
...   186 T-A ...
  -12.6210  102.6688  601.9863
   -0.9910    0.1157   -0.0674
   -0.1236   -0.9841    0.1276
   -0.0516    0.1348    0.9895
...   187 A-T ...
  -12.9374  103.0594  605.2884
   -0.8643   -0.4988   -0.0650
    0.4828   -0.8589    0.1709
   -0.1411    0.1163    0.9831
...   188 A-T ...
  -13.4938  103.5659  608.4780
   -0.4232   -0.9057    0.0236
    0.8971   -0.4153    0.1508
   -0.1268    0.0850    0.9883
...   189 C-G ...
  -14.4723  103.7011  611.7722
    0.1105   -0.9906    0.0809
    0.9868    0.1190    0.1099
   -0.1184    0.0677    0.9907
...   190 C-G ...
  -15.2499  103.6123  614.9920
    0.6391   -0.7663    0.0656
    0.7628    0.6425    0.0735
   -0.0985    0.0031    0.9951
...   191 T-A ...
  -15.7774  103.3763  618.3353
    0.9555   -0.2909    0.0499
    0.2874    0.9555    0.0660
   -0.0669   -0.0487    0.9966
...   192 G-C ...
  -15.6705  103.3939  621.7222
    0.9489    0.3149   -0.0199
   -0.3134    0.9479    0.0574
    0.0369   -0.0483    0.9982
...   193 C-G ...
  -15.4891  103.1853  625.0916
    0.6057    0.7957    0.0049
   -0.7943    0.6043    0.0621
    0.0464   -0.0415    0.9981
...   194 A-T ...
  -15.4973  103.1208  628.4795
    0.0339    0.9977   -0.0594
   -0.9962    0.0385    0.0784
    0.0805    0.0565    0.9952
...   195 G-C ...
  -15.0605  103.5736  631.8136
   -0.5185    0.8524   -0.0668
   -0.8540   -0.5125    0.0890
    0.0416    0.1032    0.9938
...   196 A-T ...
  -14.8127  103.8059  635.1574
   -0.9138    0.3991   -0.0759
   -0.4054   -0.9080    0.1061
   -0.0266    0.1278    0.9914
...   197 T-A ...
  -14.7812  104.7830  638.4513
   -0.9919   -0.1262    0.0132
    0.1269   -0.9842    0.1237
   -0.0026    0.1243    0.9922
...   198 A-T ...
  -14.9152  105.1058  641.7731
   -0.7217   -0.6922   -0.0028
    0.6870   -0.7167    0.1203
   -0.0853    0.0849    0.9927
...   199 C-G ...
  -15.7713  105.4511  645.0860
   -0.2545   -0.9661    0.0423
    0.9634   -0.2495    0.0976
   -0.0837    0.0656    0.9943
...   200 T-A ...
  -16.3673  105.6884  648.4177
    0.3164   -0.9476    0.0435
    0.9425    0.3193    0.0989
   -0.1076    0.0097    0.9941
...   201 A-T ...
  -16.6117  105.6162  651.7481
    0.8190   -0.5738    0.0068
    0.5714    0.8165    0.0825
   -0.0529   -0.0636    0.9966
...   202 C-G ...
  -16.7382  104.8314  655.0941
    0.9977   -0.0611    0.0306
    0.0592    0.9964    0.0603
   -0.0342   -0.0584    0.9977
...   203 C-G ...
  -16.6136  104.2015  658.3449
    0.8675    0.4974   -0.0038
   -0.4963    0.8661    0.0596
    0.0330   -0.0498    0.9982
...   204 A-T ...
  -16.6247  104.1672  661.7333
    0.4189    0.9055   -0.0679
   -0.9022    0.4235    0.0813
    0.1024    0.0272    0.9944
...   205 A-T ...
  -16.1377  104.2079  664.9737
   -0.1816    0.9829   -0.0307
   -0.9807   -0.1787    0.0792
    0.0723    0.0445    0.9964
...   206 A-T ...
  -15.7491  104.4024  668.2219
   -0.7163    0.6978   -0.0016
   -0.6968   -0.7151    0.0558
    0.0378    0.0411    0.9984
...   207 A-T ...
  -15.5297  104.6649  671.4811
   -0.9878    0.1555    0.0086
   -0.1553   -0.9877    0.0200
    0.0116    0.0184    0.9998
...   208 G-C ...
  -15.7314  104.9233  674.8581
   -0.9118   -0.4085   -0.0419
    0.4087   -0.9127    0.0029
   -0.0395   -0.0145    0.9991
...   209 T-A ...
  -16.0831  105.4205  678.2430
   -0.5630   -0.8251   -0.0465
    0.8244   -0.5647    0.0395
   -0.0588   -0.0161    0.9981
...   210 G-C ...
  -16.2074  104.9937  681.6022
    0.0193   -0.9933   -0.1137
    0.9958    0.0090    0.0909
   -0.0893   -0.1149    0.9894
...   211 T-A ...
  -17.0955  104.6232  684.9040
    0.5382   -0.8406   -0.0615
    0.8374    0.5251    0.1518
   -0.0953   -0.1332    0.9865
...   212 A-T ...
  -17.2766  104.1044  688.1987
    0.9341   -0.3541   -0.0457
    0.3562    0.9155    0.1868
   -0.0243   -0.1908    0.9813
...   213 T-A ...
  -17.4512  102.9144  691.4172
    0.9826    0.1672    0.0806
   -0.1792    0.9678    0.1771
   -0.0484   -0.1884    0.9809
...   214 T-A ...
  -17.4231  102.1028  694.5921
    0.6984    0.6963    0.1653
   -0.7154    0.6862    0.1318
   -0.0217   -0.2103    0.9774
...   215 T-A ...
  -17.2272  101.3622  697.7784
    0.1565    0.9655    0.2082
   -0.9876    0.1502    0.0458
    0.0130   -0.2128    0.9770
...   216 G-C ...
  -17.4096  100.9431  701.1360
   -0.4392    0.8929    0.0994
   -0.8984   -0.4363   -0.0503
   -0.0015   -0.1114    0.9938
...   217 G-C ...
  -17.1386  100.9523  704.4385
   -0.8574    0.5146   -0.0106
   -0.5121   -0.8548   -0.0840
   -0.0523   -0.0666    0.9964
...   218 A-T ...
  -17.1652  100.6776  707.7881
   -0.9899   -0.0601   -0.1285
    0.0693   -0.9953   -0.0681
   -0.1238   -0.0763    0.9894
...   219 A-T ...
  -17.6021  100.5846  711.0346
   -0.7650   -0.6222   -0.1663
    0.6320   -0.7749   -0.0075
   -0.1242   -0.1109    0.9860
...   220 A-T ...
  -18.1249  100.3317  714.2599
   -0.2564   -0.9529   -0.1621
    0.9609   -0.2694    0.0638
   -0.1045   -0.1394    0.9847
...   221 C-G ...
  -18.9941   99.6245  717.5114
    0.2856   -0.9504   -0.1229
    0.9538    0.2695    0.1328
   -0.0931   -0.1551    0.9835
...   222 T-A ...
  -19.5849   98.9573  720.7852
    0.7636   -0.6413   -0.0749
    0.6401    0.7367    0.2179
   -0.0845   -0.2143    0.9731
...   223 G-C ...
  -19.4929   98.2647  724.1009
    0.9963   -0.0793   -0.0322
    0.0848    0.9638    0.2526
    0.0110   -0.2544    0.9670
...   224 C-G ...
  -19.4213   97.3429  727.3528
    0.8700    0.4817    0.1052
   -0.4925    0.8394    0.2300
    0.0225   -0.2519    0.9675
...   225 T-A ...
  -19.1385   96.2634  730.5569
    0.4583    0.8724    0.1697
   -0.8853    0.4311    0.1746
    0.0791   -0.2302    0.9699
...   226 C-G ...
  -18.7352   95.8519  733.8681
   -0.1344    0.9737    0.1839
   -0.9840   -0.1530    0.0909
    0.1166   -0.1687    0.9787
...   227 C-G ...
  -17.9711   95.6197  737.0840
   -0.6575    0.7399    0.1420
   -0.7474   -0.6644    0.0010
    0.0951   -0.1055    0.9899
...   228 A-T ...
  -17.7562   95.1153  740.4279
   -0.9724    0.2326    0.0180
   -0.2332   -0.9711   -0.0504
    0.0058   -0.0532    0.9986
...   229 T-A ...
  -17.7162   95.4952  743.8426
   -0.9521   -0.3055    0.0126
    0.3043   -0.9508   -0.0590
    0.0300   -0.0523    0.9982
...   230 C-G ...
  -17.9718   95.1608  747.1771
   -0.6079   -0.7900   -0.0797
    0.7930   -0.6091   -0.0102
   -0.0405   -0.0694    0.9968
...   231 A-T ...
  -17.9436   94.8490  750.5512
   -0.0370   -0.9848   -0.1695
    0.9965   -0.0491    0.0675
   -0.0748   -0.1664    0.9832
...   232 A-T ...
  -18.3472   94.2915  753.7552
    0.5471   -0.8282   -0.1213
    0.8361    0.5337    0.1269
   -0.0404   -0.1709    0.9845
...   233 A-T ...
  -18.6006   93.6303  756.9549
    0.9303   -0.3638   -0.0477
    0.3668    0.9186    0.1475
   -0.0098   -0.1547    0.9879
...   234 A-T ...
  -18.6715   92.9706  760.1642
    0.9712    0.2372    0.0241
   -0.2384    0.9635    0.1216
    0.0056   -0.1239    0.9923
...   235 G-C ...
  -18.3545   92.4650  763.5042
    0.6827    0.7302    0.0268
   -0.7296    0.6792    0.0797
    0.0400   -0.0740    0.9965
...   236 G-C ...
  -17.7730   92.1003  766.7459
    0.1688    0.9857   -0.0003
   -0.9836    0.1684    0.0646
    0.0637   -0.0106    0.9979
...   237 C-G ...
  -17.4910   92.0933  770.1148
   -0.4168    0.9086    0.0250
   -0.9069   -0.4176    0.0569
    0.0622    0.0010    0.9981
...   238 A-T ...
  -17.4253   91.9865  773.5010
   -0.8645    0.5006   -0.0460
   -0.5026   -0.8622    0.0626
   -0.0083    0.0772    0.9970
...   239 T-A ...
  -17.2728   92.7785  776.8410
   -0.9997   -0.0169    0.0164
    0.0180   -0.9973    0.0709
    0.0152    0.0711    0.9974
...   240 G-C ...
  -17.4827   92.7432  780.2229
   -0.8050   -0.5916   -0.0444
    0.5874   -0.8053    0.0806
   -0.0834    0.0388    0.9958
...   241 T-A ...
  -18.0910   93.3623  783.5507
   -0.3780   -0.9258   -0.0079
    0.9202   -0.3767    0.1069
   -0.1020    0.0331    0.9942
...   242 T-A ...
  -18.6900   93.4197  786.7721
    0.2237   -0.9732    0.0525
    0.9653    0.2287    0.1262
   -0.1348    0.0224    0.9906
...   243 C-G ...
  -19.0113   93.1272  790.1049
    0.7419   -0.6679    0.0591
    0.6591    0.7426    0.1188
   -0.1232   -0.0492    0.9912
...   244 A-T ...
  -19.3405   93.1193  793.4774
    0.9933   -0.1139    0.0178
    0.1117    0.9893    0.0936
   -0.0283   -0.0910    0.9954
...   245 G-C ...
  -19.1868   92.6265  796.8308
    0.8937    0.4485    0.0061
   -0.4481    0.8920    0.0596
    0.0213   -0.0560    0.9982
...   246 C-G ...
  -19.0521   92.4004  800.2013
    0.4843    0.8745    0.0276
   -0.8744    0.4827    0.0492
    0.0297   -0.0480    0.9984
...   247 T-A ...
  -18.6514   92.1448  803.5607
   -0.0731    0.9973    0.0047
   -0.9951   -0.0732    0.0666
    0.0667    0.0002    0.9978
...   248 G-C ...
  -18.7160   92.3909  806.9397
   -0.6356    0.7699   -0.0565
   -0.7715   -0.6307    0.0838
    0.0289    0.0968    0.9949
...   249 G-C ...
  -18.4404   93.1371  810.1564
   -0.9541    0.2919   -0.0675
   -0.2980   -0.9478    0.1135
   -0.0309    0.1284    0.9912
...   250 A-T ...
  -18.3874   93.5546  813.4909
   -0.9488   -0.3096   -0.0624
    0.3001   -0.9454    0.1267
   -0.0982    0.1015    0.9900
...   251 T-A ...
  -18.9909   94.3846  816.7700
   -0.6580   -0.7522    0.0354
    0.7489   -0.6489    0.1342
   -0.0780    0.1148    0.9903
...   252 T-A ...
  -19.5140   94.7966  819.9788
   -0.1038   -0.9892    0.1036
    0.9882   -0.0908    0.1233
   -0.1126    0.1152    0.9869
...   253 C-G ...
  -19.8870   94.7937  823.3190
    0.4854   -0.8686    0.0995
    0.8653    0.4936    0.0872
   -0.1248    0.0438    0.9912
...   254 C-G ...
  -20.5356   94.4999  826.5552
    0.8862   -0.4581    0.0688
    0.4560    0.8889    0.0443
   -0.0814   -0.0079    0.9966
...   255 A-T ...
  -20.7652   94.6494  829.9326
    0.9905    0.1365   -0.0175
   -0.1360    0.9903    0.0272
    0.0210   -0.0245    0.9995
...   256 G-C ...
  -20.4070   94.4483  833.3006
    0.7536    0.6546   -0.0598
   -0.6546    0.7557    0.0232
    0.0604    0.0217    0.9979
...   257 C-G ...
  -20.1332   94.5013  836.6698
    0.2516    0.9667   -0.0474
   -0.9655    0.2541    0.0564
    0.0665    0.0316    0.9973
...   258 T-A ...
  -19.5948   94.5908  840.0185
   -0.3192    0.9461   -0.0541
   -0.9434   -0.3118    0.1133
    0.0903    0.0872    0.9921
...   259 G-C ...
  -19.6314   95.0517  843.3754
   -0.8087    0.5831   -0.0770
   -0.5875   -0.7942    0.1556
    0.0295    0.1711    0.9848
...   260 A-T ...
  -19.3883   95.5626  846.6884
   -0.9989    0.0133   -0.0458
   -0.0208   -0.9858    0.1667
   -0.0429    0.1675    0.9849
...   261 A-T ...
  -19.5463   96.2673  849.8849
   -0.8261   -0.5623    0.0369
    0.5615   -0.8161    0.1362
   -0.0465    0.1333    0.9900
...   262 C-G ...
  -20.2548   96.8682  853.1962
   -0.4098   -0.9083    0.0845
    0.9109   -0.4026    0.0905
   -0.0482    0.1141    0.9923
...   263 A-T ...
  -20.2396   97.2187  856.5666
    0.1925   -0.9811    0.0222
    0.9795    0.1934    0.0559
   -0.0591    0.0110    0.9982
...   264 T-A ...
  -20.9578   97.0406  859.9219
    0.6707   -0.7383    0.0713
    0.7385    0.6736    0.0298
   -0.0700    0.0327    0.9970
...   265 G-C ...
  -20.8150   97.1368  863.3061
    0.9755   -0.2187   -0.0232
    0.2191    0.9756    0.0155
    0.0193   -0.0202    0.9996
...   266 C-G ...
  -20.7247   97.0002  866.6829
    0.9285    0.3706   -0.0216
   -0.3700    0.9286    0.0294
    0.0309   -0.0193    0.9993
...   267 C-G ...
  -20.2228   96.6402  869.9384
    0.5711    0.8184   -0.0644
   -0.8162    0.5745    0.0623
    0.0880    0.0170    0.9960
...   268 T-A ...
  -19.6379   96.5723  873.2798
    0.0286    0.9975   -0.0651
   -0.9912    0.0368    0.1274
    0.1295    0.0609    0.9897
...   269 T-A ...
  -18.9843   96.9101  876.4732
   -0.5499    0.8350    0.0177
   -0.8204   -0.5440    0.1758
    0.1564    0.0822    0.9843
...   270 T-A ...
  -18.3674   97.4262  879.6501
   -0.9234    0.3667    0.1132
   -0.3461   -0.9232    0.1672
    0.1658    0.1152    0.9794
...   271 T-A ...
  -17.8835   98.0676  882.8272
   -0.9541   -0.2348    0.1862
    0.2569   -0.9607    0.1049
    0.1543    0.1479    0.9769
...   272 G-C ...
  -17.5481   98.2428  886.1946
   -0.6448   -0.7556    0.1153
    0.7614   -0.6482    0.0107
    0.0667    0.0947    0.9933
...   273 A-T ...
  -17.2503   98.6984  889.5112
   -0.0997   -0.9946    0.0287
    0.9929   -0.1013   -0.0621
    0.0647    0.0223    0.9977
...   274 T-A ...
  -17.5886   98.7192  892.9304
    0.4307   -0.9024    0.0157
    0.9005    0.4285   -0.0745
    0.0605    0.0462    0.9971
...   275 G-C ...
  -17.0261   98.7509  896.2718
    0.8600   -0.4939   -0.1282
    0.4933    0.8690   -0.0381
    0.1302   -0.0305    0.9910
...   276 G-C ...
  -16.6158   98.1839  899.5106
    0.9789    0.0644   -0.1938
   -0.0555    0.9972    0.0506
    0.1965   -0.0388    0.9797
...   277 A-T ...
  -16.1050   98.0108  902.8281
    0.7560    0.6230   -0.2008
   -0.6054    0.7822    0.1472
    0.2487    0.0103    0.9685
...   278 G-C ...
  -14.9670   98.0905  906.0234
    0.2883    0.9463   -0.1460
   -0.9221    0.3155    0.2240
    0.2581    0.0701    0.9636
...   279 C-G ...
  -14.0270   98.3455  909.2608
   -0.2857    0.9583   -0.0048
   -0.9229   -0.2738    0.2707
    0.2581    0.0817    0.9627
...   280 A-T ...
  -13.3064   98.5354  912.5664
   -0.7863    0.6154    0.0556
   -0.5849   -0.7703    0.2538
    0.1990    0.1670    0.9657
...   281 G-C ...
  -12.7537   99.3854  915.8042
   -0.9882    0.0857    0.1267
   -0.0630   -0.9828    0.1735
    0.1394    0.1635    0.9766
...   282 T-A ...
  -12.2203  100.5149  919.0085
   -0.8770   -0.4428    0.1867
    0.4649   -0.8801    0.0964
    0.1216    0.1714    0.9777
...   283 T-A ...
  -12.0589  101.2101  922.2070
   -0.4473   -0.8705    0.2053
    0.8899   -0.4561    0.0046
    0.0896    0.1847    0.9787
...   284 T-A ...
  -12.0357  101.7888  925.4325
    0.1492   -0.9745    0.1673
    0.9872    0.1372   -0.0809
    0.0559    0.1773    0.9826
...   285 C-G ...
  -11.7483  102.0088  928.7740
    0.6826   -0.7299    0.0354
    0.7282    0.6753   -0.1170
    0.0615    0.1056    0.9925
...   286 C-G ...
  -11.6767  101.8768  932.0842
    0.9642   -0.2469   -0.0965
    0.2384    0.9669   -0.0916
    0.1159    0.0653    0.9911
...   287 A-T ...
  -11.2805  102.2795  935.4253
    0.9099    0.3459   -0.2292
   -0.3531    0.9355    0.0103
    0.2179    0.0716    0.9733
...   288 A-T ...
  -10.4922  102.3725  938.6048
    0.5336    0.8210   -0.2028
   -0.8197    0.5612    0.1150
    0.2082    0.1049    0.9724
...   289 A-T ...
   -9.6695  102.6439  941.7654
   -0.0427    0.9918   -0.1209
   -0.9825   -0.0197    0.1852
    0.1813    0.1267    0.9752
...   290 T-A ...
   -8.5190  103.1942  944.9559
   -0.5413    0.8407    0.0154
   -0.8194   -0.5315    0.2146
    0.1886    0.1036    0.9766
...   291 A-T ...
   -8.0256  103.6138  948.2326
   -0.9341    0.3530    0.0539
   -0.3372   -0.9216    0.1920
    0.1175    0.1612    0.9799
...   292 C-G ...
   -7.8251  104.6936  951.4917
   -0.9745   -0.1838    0.1284
    0.2002   -0.9712    0.1292
    0.1009    0.1516    0.9833
...   293 A-T ...
   -7.4094  105.0411  954.8367
   -0.6888   -0.7204    0.0809
    0.7249   -0.6860    0.0622
    0.0107    0.1015    0.9948
...   294 C-G ...
   -7.9445  105.4191  958.2128
   -0.2084   -0.9745    0.0833
    0.9780   -0.2088    0.0043
    0.0132    0.0823    0.9965
...   295 T-A ...
   -8.2147  105.7000  961.5833
    0.3586   -0.9331    0.0269
    0.9335    0.3586   -0.0015
   -0.0083    0.0256    0.9996
...   296 T-A ...
   -8.4019  105.5638  964.8522
    0.8322   -0.5542    0.0182
    0.5539    0.8324    0.0179
   -0.0251   -0.0048    0.9997
...   297 T-A ...
   -8.4871  105.2760  968.1155
    0.9993    0.0289    0.0223
   -0.0298    0.9988    0.0387
   -0.0211   -0.0393    0.9990
...   298 T-A ...
   -8.4016  104.9238  971.3725
    0.7983    0.6011    0.0376
   -0.6022    0.7965    0.0533
    0.0020   -0.0652    0.9979
...   299 G-C ...
   -8.3457  105.0801  974.7570
    0.3050    0.9516   -0.0373
   -0.9503    0.3066    0.0541
    0.0629    0.0189    0.9978
...   300 G-C ...
   -7.6800  105.2224  977.9999
   -0.2687    0.9608   -0.0679
   -0.9615   -0.2633    0.0781
    0.0572    0.0863    0.9946
...   301 T-A ...
   -6.9147  105.6462  981.3260
   -0.7324    0.6802   -0.0292
   -0.6783   -0.7254    0.1171
    0.0584    0.1056    0.9927
...   302 A-T ...
   -6.8710  106.0359  984.6430
   -0.9931    0.1097   -0.0408
   -0.1144   -0.9835    0.1400
   -0.0248    0.1437    0.9893
...   303 G-C ...
   -7.2035  106.7047  987.9527
   -0.8918   -0.4521   -0.0174
    0.4462   -0.8853    0.1306
   -0.0744    0.1087    0.9913
...   304 T-A ...
   -7.6961  107.6043  991.2353
   -0.5259   -0.8495    0.0413
    0.8454   -0.5168    0.1353
   -0.0936    0.1061    0.9899
...   305 A-T ...
   -8.0156  107.8033  994.5542
    0.0840   -0.9961    0.0268
    0.9898    0.0865    0.1130
   -0.1149    0.0171    0.9932
...   306 T-A ...
   -8.9406  107.7030  997.8617
    0.5819   -0.8065    0.1047
    0.8038    0.5899    0.0763
   -0.1233    0.0398    0.9916
...   307 C-G ...
   -9.0916  107.5488 1001.2158
    0.9425   -0.3261    0.0733
    0.3232    0.9451    0.0481
   -0.0850   -0.0217    0.9961
...   308 T-A ...
   -9.4188  107.1635 1004.5708
    0.9689    0.2437    0.0425
   -0.2454    0.9686    0.0407
   -0.0312   -0.0498    0.9983
...   309 G-C ...
   -9.3328  107.3231 1007.9545
    0.6513    0.7577   -0.0406
   -0.7566    0.6526    0.0410
    0.0575    0.0040    0.9983
...   310 C-G ...
   -9.0663  107.3268 1011.3247
    0.1096    0.9937   -0.0215
   -0.9920    0.1108    0.0602
    0.0622    0.0147    0.9980
...   311 A-T ...
   -9.0366  107.3568 1014.7131
   -0.4846    0.8709   -0.0820
   -0.8738   -0.4776    0.0919
    0.0409    0.1162    0.9924
...   312 G-C ...
   -8.8918  108.0579 1018.0296
   -0.8835    0.4619   -0.0781
   -0.4682   -0.8764    0.1127
   -0.0164    0.1361    0.9906
...   313 G-C ...
   -8.9442  108.9675 1021.2154
   -0.9923   -0.1021   -0.0696
    0.0908   -0.9846    0.1495
   -0.0837    0.1420    0.9863
...   314 T-A ...
   -9.2571  110.0299 1024.4714
   -0.7973   -0.6035    0.0068
    0.5948   -0.7838    0.1786
   -0.1025    0.1465    0.9839
...   315 G-C ...
   -9.6530  110.1500 1027.8346
   -0.2985   -0.9543    0.0108
    0.9404   -0.2922    0.1740
   -0.1629    0.0621    0.9847
...   316 A-T ...
  -10.1851  110.5149 1031.1331
    0.3024   -0.9525    0.0366
    0.9433    0.3046    0.1317
   -0.1366   -0.0053    0.9906
...   317 T-A ...
  -11.1337  110.2235 1034.4226
    0.7441   -0.6567    0.1227
    0.6510    0.7540    0.0872
   -0.1498    0.0150    0.9886
...   318 T-A ...
  -11.6614  110.0031 1037.6494
    0.9840   -0.1000    0.1476
    0.0960    0.9948    0.0345
   -0.1503   -0.0198    0.9884
...   319 C-G ...
  -11.7776  109.9417 1041.0079
    0.8692    0.4871    0.0848
   -0.4880    0.8728   -0.0108
   -0.0792   -0.0320    0.9963
...   320 T-A ...
  -11.8398  109.5952 1044.3824
    0.4648    0.8852    0.0199
   -0.8851    0.4651   -0.0149
   -0.0225   -0.0107    0.9997
...   321 C-G ...
  -11.7732  109.9229 1047.7268
   -0.1233    0.9912   -0.0487
   -0.9922   -0.1224    0.0219
    0.0157    0.0510    0.9986
...   322 C-G ...
  -11.3332  110.4019 1050.9759
   -0.6465    0.7575   -0.0911
   -0.7629   -0.6426    0.0708
   -0.0050    0.1152    0.9933
...   323 A-T ...
  -11.4599  110.6476 1054.3531
   -0.9624    0.2375   -0.1321
   -0.2553   -0.9566    0.1403
   -0.0931    0.1687    0.9813
...   324 G-C ...
  -11.9929  111.4311 1057.6110
   -0.9387   -0.3319   -0.0931
    0.3119   -0.9328    0.1807
   -0.1469    0.1406    0.9791
...   325 G-C ...
  -12.8080  112.2058 1060.7279
   -0.6036   -0.7961   -0.0442
    0.7725   -0.5977    0.2145
   -0.1971    0.0953    0.9757
...   326 G-C ...
  -13.9056  112.5925 1063.8304
   -0.0689   -0.9975    0.0154
    0.9743   -0.0640    0.2159
   -0.2144    0.0299    0.9763
...   327 C-G ...
  -14.6924  112.6578 1067.1176
    0.4957   -0.8596    0.1237
    0.8423    0.5106    0.1729
   -0.2118    0.0185    0.9771
...   328 G-C ...
  -14.9642  113.0614 1070.6202
    0.9044   -0.4061    0.1308
    0.3968    0.9133    0.0919
   -0.1568   -0.0313    0.9871
...   329 G-C ...
  -15.4458  112.4927 1073.8489
    0.9823    0.1619    0.0938
   -0.1643    0.9863    0.0178
   -0.0896   -0.0329    0.9954
...   330 C-G ...
  -15.6997  112.3277 1077.2161
    0.7189    0.6909    0.0763
   -0.6906    0.7224   -0.0348
   -0.0792   -0.0277    0.9965
...   331 C-G ...
  -15.4774  112.1117 1080.5151
    0.2277    0.9736   -0.0176
   -0.9729    0.2267   -0.0450
   -0.0398    0.0274    0.9988
...   332 A-T ...
  -15.7942  112.2060 1083.8875
   -0.3675    0.9196   -0.1391
   -0.9288   -0.3706    0.0035
   -0.0483    0.1305    0.9903
...   333 G-C ...
  -15.9108  112.9516 1087.1954
   -0.8100    0.5600   -0.1739
   -0.5774   -0.8135    0.0698
   -0.1024    0.1569    0.9823
...   334 T-A ...
  -15.8986  113.9478 1090.4871
   -0.9910    0.0501   -0.1238
   -0.0704   -0.9838    0.1652
   -0.1135    0.1724    0.9785
...   335 A-T ...
  -16.4175  114.4551 1093.7475
   -0.8276   -0.5546   -0.0872
    0.5241   -0.8189    0.2341
   -0.2012    0.1481    0.9683
...   336 C-G ...
  -17.6347  115.1102 1096.8966
   -0.4278   -0.9034    0.0303
    0.8807   -0.4090    0.2389
   -0.2034    0.1289    0.9706
...   337 T-A ...
  -18.6206  115.6148 1100.1037
    0.1317   -0.9850    0.1117
    0.9626    0.1540    0.2229
   -0.2367    0.0782    0.9684
...   338 T-A ...
  -19.5941  115.6893 1103.2319
    0.6646   -0.7149    0.2172
    0.7008    0.6972    0.1508
   -0.2592    0.0520    0.9644
...   339 A-T ...
  -20.3153  115.8186 1106.4907
    0.9694   -0.1678    0.1794
    0.1667    0.9858    0.0211
   -0.1804    0.0094    0.9835
...   340 C-G ...
  -20.6418  115.3576 1109.8832
    0.9167    0.3720    0.1460
   -0.3635    0.9280   -0.0821
   -0.1660    0.0222    0.9859
...   341 A-T ...
  -21.3045  115.5830 1113.1987
    0.5546    0.8317   -0.0259
   -0.8276    0.5481   -0.1209
   -0.0864    0.0885    0.9923
...   342 T-A ...
  -21.0801  115.6737 1116.6261
    0.0434    0.9972   -0.0616
   -0.9946    0.0374   -0.0965
   -0.0939    0.0655    0.9934
...   343 G-C ...
  -21.6544  116.1694 1119.9286
   -0.5247    0.8267   -0.2033
   -0.8429   -0.5379   -0.0120
   -0.1193    0.1651    0.9790
...   344 C-G ...
  -22.0269  116.7930 1123.2304
   -0.9076    0.3766   -0.1855
   -0.3998   -0.9102    0.1083
   -0.1281    0.1724    0.9767
...   345 G-C ...
  -22.6626  116.8458 1126.7086
   -0.9600   -0.2311   -0.1580
    0.1944   -0.9565    0.2176
   -0.2015    0.1782    0.9632
...   346 G-C ...
  -23.6128  117.7756 1129.7438
   -0.6820   -0.7273   -0.0772
    0.6851   -0.6722    0.2807
   -0.2560    0.1385    0.9567
...   347 C-G ...
  -24.5468  118.2561 1132.9572
   -0.1731   -0.9813    0.0841
    0.9496   -0.1436    0.2785
   -0.2612    0.1281    0.9567
...   348 G-C ...
  -24.8961  118.6665 1136.4522
    0.4258   -0.8904    0.1609
    0.8692    0.4519    0.2005
   -0.2513    0.0545    0.9664
...   349 G-C ...
  -25.9873  118.4646 1139.5744
    0.8471   -0.5002    0.1797
    0.4918    0.8658    0.0920
   -0.2016    0.0104    0.9794
...   350 C-G ...
  -26.6651  118.4272 1142.8862
    0.9790    0.0760    0.1893
   -0.0731    0.9971   -0.0221
   -0.1904    0.0078    0.9817
...   351 C-G ...
  -27.0008  118.0498 1146.1611
    0.7893    0.6081    0.0846
   -0.6009    0.7935   -0.0965
   -0.1258    0.0254    0.9917
...   352 A-T ...
  -27.5645  118.2525 1149.4963
    0.3111    0.9466   -0.0847
   -0.9480    0.3029   -0.0974
   -0.0665    0.1106    0.9916
...   353 G-C ...
  -27.5574  118.8329 1152.8392
   -0.2515    0.9503   -0.1834
   -0.9636   -0.2636   -0.0444
   -0.0906    0.1655    0.9820
...   354 T-A ...
  -27.2918  119.5254 1156.1974
   -0.7171    0.6702   -0.1915
   -0.6913   -0.7189    0.0728
   -0.0889    0.1846    0.9788
...   355 A-T ...
  -27.7387  120.1778 1159.4425
   -0.9756    0.0985   -0.1961
   -0.1380   -0.9701    0.1995
   -0.1706    0.2217    0.9601
...   356 C-G ...
  -28.6174  121.3900 1162.5387
   -0.9006   -0.4272   -0.0805
    0.3935   -0.8799    0.2664
   -0.1846    0.2082    0.9605
...   357 A-T ...
  -29.1363  121.9551 1165.8393
   -0.4896   -0.8719   -0.0083
    0.8323   -0.4702    0.2935
   -0.2598    0.1368    0.9559
...   358 G-C ...
  -30.2757  122.2567 1169.0209
    0.0588   -0.9937    0.0954
    0.9670    0.0804    0.2417
   -0.2479    0.0780    0.9656
...   359 G-C ...
  -31.4761  122.2632 1172.1094
    0.5938   -0.7910    0.1475
    0.7743    0.6116    0.1623
   -0.2186    0.0178    0.9757
...   360 A-T ...
  -32.3270  122.4245 1175.3569
    0.9429   -0.3011    0.1426
    0.2979    0.9536    0.0441
   -0.1493    0.0009    0.9888
...   361 T-A ...
  -32.8923  121.8693 1178.7002
    0.9570    0.2366    0.1679
   -0.2327    0.9716   -0.0426
   -0.1732    0.0017    0.9849
...   362 G-C ...
  -33.2841  122.2015 1182.0496
    0.6629    0.7485    0.0152
   -0.7439    0.6608   -0.0995
   -0.0845    0.0547    0.9949
...   363 T-A ...
  -33.1494  121.9801 1185.4790
    0.1771    0.9829   -0.0513
   -0.9819    0.1729   -0.0777
   -0.0675    0.0641    0.9957
...   364 A-T ...
  -33.4253  122.3409 1188.7881
   -0.4305    0.8857   -0.1736
   -0.8990   -0.4378   -0.0042
   -0.0798    0.1542    0.9848
...   365 A-T ...
  -33.5527  122.9336 1192.0087
   -0.8688    0.4664   -0.1661
   -0.4822   -0.8732    0.0707
   -0.1121    0.1416    0.9836
...   366 C-G ...
  -34.0431  123.9677 1195.2518
   -0.9905   -0.0614   -0.1227
    0.0439   -0.9891    0.1408
   -0.1300    0.1341    0.9824
...   367 C-G ...
  -34.7475  124.8103 1198.3781
   -0.7949   -0.6004   -0.0869
    0.5745   -0.7910    0.2103
   -0.1950    0.1173    0.9738
...   368 T-A ...
  -35.6337  125.4126 1201.5973
   -0.3430   -0.9393   -0.0021
    0.9061   -0.3314    0.2629
   -0.2476    0.0883    0.9648
...   369 G-C ...
  -36.3129  125.3701 1204.9168
    0.2639   -0.9631    0.0536
    0.9309    0.2688    0.2475
   -0.2527   -0.0154    0.9674
...   370 C-G ...
  -37.2136  125.2636 1208.1736
    0.7462   -0.6428    0.1732
    0.6184    0.7656    0.1773
   -0.2466   -0.0252    0.9688
...   371 A-T ...
  -37.9676  125.3400 1211.4764
    0.9858   -0.0826    0.1464
    0.0722    0.9945    0.0756
   -0.1519   -0.0639    0.9863
...   372 G-C ...
  -38.2273  124.9462 1214.8363
    0.8733    0.4759    0.1045
   -0.4760    0.8791   -0.0255
   -0.1040   -0.0274    0.9942
...   373 A-T ...
  -38.6951  124.7519 1218.1589
    0.4520    0.8920   -0.0009
   -0.8888    0.4503   -0.0857
   -0.0760    0.0395    0.9963
...   374 T-A ...
  -38.4134  124.7370 1221.5833
   -0.0758    0.9969   -0.0219
   -0.9938   -0.0773   -0.0793
   -0.0808    0.0157    0.9966
...   375 A-T ...
  -38.7689  124.9192 1224.8995
   -0.6396    0.7537   -0.1510
   -0.7600   -0.6495   -0.0228
   -0.1153    0.1002    0.9883
...   376 C-G ...
  -39.0639  125.8214 1228.2050
   -0.9403    0.3011   -0.1587
   -0.3127   -0.9484    0.0531
   -0.1345    0.0996    0.9859
...   377 T-A ...
  -39.4815  126.4693 1231.5092
   -0.9514   -0.2699   -0.1485
    0.2442   -0.9546    0.1707
   -0.1879    0.1261    0.9741
...   378 A-T ...
  -40.2192  126.7808 1234.7519
   -0.6039   -0.7904   -0.1034
    0.7525   -0.6080    0.2531
   -0.2629    0.0750    0.9619
...   379 C-G ...
  -41.6628  127.0089 1237.8651
   -0.1166   -0.9928    0.0265
    0.9588   -0.1056    0.2636
   -0.2589    0.0561    0.9643
...   380 C-G ...
  -42.9483  126.9770 1240.9190
    0.4431   -0.8902    0.1059
    0.8597    0.4554    0.2312
   -0.2541   -0.0113    0.9671
...   381 A-T ...
  -43.6727  127.0549 1244.2283
    0.8779   -0.4629    0.1227
    0.4432    0.8824    0.1582
   -0.1815   -0.0845    0.9798
...   382 A-T ...
  -44.3187  126.6288 1247.4127
    0.9764    0.1338    0.1695
   -0.1412    0.9895    0.0320
   -0.1635   -0.0552    0.9850
...   383 A-T ...
  -44.8111  126.2938 1250.6353
    0.7189    0.6820    0.1348
   -0.6752    0.7311   -0.0980
   -0.1654   -0.0205    0.9860
...   384 A-T ...
  -45.2305  126.1248 1253.8811
    0.2003    0.9792    0.0313
   -0.9618    0.2026   -0.1841
   -0.1866    0.0068    0.9824
...   385 G-C ...
  -45.6568  126.3788 1257.2375
   -0.3446    0.9293   -0.1329
   -0.9136   -0.3645   -0.1803
   -0.2160    0.0593    0.9746
...   386 T-A ...
  -45.8436  126.7713 1260.6490
   -0.7687    0.6008   -0.2195
   -0.6019   -0.7955   -0.0696
   -0.2164    0.0787    0.9731
...   387 G-C ...
  -46.9399  126.9803 1263.8485
   -0.9489    0.0260   -0.3145
   -0.0603   -0.9932    0.0998
   -0.3097    0.1136    0.9440
...   388 T-A ...
  -47.9308  127.9484 1266.9963
   -0.8365   -0.4985   -0.2274
    0.4399   -0.8585    0.2636
   -0.3267    0.1205    0.9374
...   389 A-T ...
  -49.1011  128.2173 1270.1132
   -0.3842   -0.9168   -0.1088
    0.8389   -0.3959    0.3735
   -0.3855    0.0522    0.9212
...   390 T-A ...
  -50.9124  128.5104 1273.0182
    0.0972   -0.9878    0.1220
    0.9191    0.1361    0.3698
   -0.3819    0.0762    0.9210
...   391 T-A ...
  -52.3552  128.5821 1275.9597
    0.6117   -0.7276    0.3107
    0.6802    0.6842    0.2630
   -0.4039    0.0504    0.9134
...   392 T-A ...
  -53.7392  128.4830 1278.9286
    0.8935   -0.1984    0.4029
    0.1875    0.9800    0.0667
   -0.4081    0.0160    0.9128
...   393 G-C ...
  -54.8249  128.7497 1282.1274
    0.8749    0.3979    0.2762
   -0.3707    0.9171   -0.1467
   -0.3116    0.0260    0.9498
...   394 G-C ...
  -55.5034  128.5421 1285.3641
    0.5487    0.8314    0.0873
   -0.7926    0.5506   -0.2619
   -0.2658    0.0745    0.9611
...   395 A-T ...
  -56.4541  128.6462 1288.5862
    0.0176    0.9890   -0.1471
   -0.9627   -0.0230   -0.2698
   -0.2702    0.1463    0.9516
...   396 A-T ...
  -57.1853  129.1493 1291.7408
   -0.5356    0.7905   -0.2971
   -0.7881   -0.5943   -0.1603
   -0.3033    0.1483    0.9413
...   397 A-T ...
  -58.0642  129.7455 1294.8411
   -0.8855    0.2984   -0.3561
   -0.3251   -0.9455    0.0160
   -0.3319    0.1299    0.9343
...   398 C-G ...
  -59.3749  130.7097 1297.8709
   -0.9186   -0.2422   -0.3123
    0.1880   -0.9629    0.1938
   -0.3476    0.1193    0.9300
...   399 T-A ...
  -60.6653  131.3945 1300.9332
   -0.6504   -0.7334   -0.1977
    0.6434   -0.6703    0.3699
   -0.4038    0.1134    0.9078
...   400 G-C ...
  -62.0237  131.3994 1304.0376
   -0.1214   -0.9918   -0.0388
    0.8865   -0.1259    0.4453
   -0.4466    0.0197    0.8945
...   401 C-G ...
  -63.5920  131.4344 1307.0324
    0.4053   -0.8898    0.2095
    0.7986    0.4562    0.3925
   -0.4448    0.0082    0.8956
...   402 T-A ...
  -65.3155  131.2651 1309.9500
    0.7951   -0.4961    0.3488
    0.4307    0.8668    0.2511
   -0.4270   -0.0494    0.9029
...   403 C-G ...
  -66.4139  130.9456 1313.1103
    0.9213    0.0913    0.3781
   -0.1182    0.9918    0.0487
   -0.3706   -0.0896    0.9245
...   404 C-G ...
  -67.3358  130.2554 1316.2173
    0.7277    0.6240    0.2845
   -0.6118    0.7782   -0.1418
   -0.3099   -0.0709    0.9481
...   405 A-T ...
  -68.5221  130.1292 1319.3889
    0.2730    0.9604    0.0565
   -0.9273    0.2783   -0.2503
   -0.2561    0.0159    0.9665
...   406 T-A ...
  -68.8495  130.1366 1322.8092
   -0.2530    0.9657   -0.0588
   -0.9329   -0.2596   -0.2496
   -0.2563   -0.0083    0.9666
...   407 C-G ...
  -69.8439  130.4719 1326.0022
   -0.7253    0.6433   -0.2452
   -0.6336   -0.7631   -0.1276
   -0.2692    0.0629    0.9610
...   408 A-T ...
  -70.8386  130.5235 1329.2411
   -0.9264    0.0807   -0.3679
   -0.1122   -0.9916    0.0650
   -0.3595    0.1015    0.9276
...   409 A-T ...
  -72.0169  131.0148 1332.2593
   -0.8127   -0.5091   -0.2834
    0.4535   -0.8581    0.2410
   -0.3659    0.0674    0.9282
...   410 A-T ...
  -73.3034  131.3609 1335.2534
   -0.3930   -0.9126   -0.1128
    0.8493   -0.4073    0.3357
   -0.3523    0.0362    0.9352
...   411 A-T ...
  -74.5996  131.5249 1338.2588
    0.1777   -0.9807    0.0810
    0.9293    0.1943    0.3142
   -0.3239    0.0194    0.9459
...   412 G-C ...
  -75.7914  131.2967 1341.4273
    0.6738   -0.7161    0.1819
    0.6847    0.6978    0.2105
   -0.2777   -0.0173    0.9605
...   413 G-C ...
  -76.8389  130.7956 1344.5307
    0.9551   -0.2156    0.2030
    0.2014    0.9755    0.0888
   -0.2172   -0.0439    0.9751
...   414 C-G ...
  -77.5475  130.5791 1347.8293
    0.9044    0.3734    0.2068
   -0.3739    0.9267   -0.0380
   -0.2058   -0.0430    0.9777
...   415 A-T ...
  -78.3462  130.5836 1351.1224
    0.5426    0.8385    0.0497
   -0.8302    0.5444   -0.1198
   -0.1275    0.0238    0.9916
...   416 T-A ...
  -78.2611  130.4576 1354.5549
    0.0308    0.9995    0.0036
   -0.9904    0.0310   -0.1347
   -0.1347    0.0006    0.9909
...   417 G-C ...
  -78.9751  130.7339 1357.8559
   -0.5285    0.8313   -0.1719
   -0.8335   -0.5466   -0.0807
   -0.1610    0.1006    0.9818
...   418 T-A ...
  -79.0179  131.3758 1361.2344
   -0.8843    0.4216   -0.2007
   -0.4367   -0.8989    0.0358
   -0.1653    0.1193    0.9790
...   419 T-A ...
  -79.5888  132.0331 1364.3937
   -0.9735   -0.1759   -0.1459
    0.1489   -0.9725    0.1791
   -0.1734    0.1526    0.9730
...   420 C-G ...
  -80.5385  132.4320 1367.5930
   -0.7026   -0.7079   -0.0722
    0.6684   -0.6914    0.2743
   -0.2441    0.1444    0.9589
...   421 A-T ...
  -81.2177  132.8259 1370.8893
   -0.1653   -0.9862    0.0031
    0.9424   -0.1570    0.2952
   -0.2906    0.0517    0.9554
...   422 G-C ...
  -82.3915  132.7605 1374.0720
    0.3920   -0.9139    0.1059
    0.8826    0.4060    0.2370
   -0.2596    0.0006    0.9657
...   423 C-G ...
  -83.3072  132.7015 1377.3259
    0.8247   -0.5249    0.2104
    0.5062    0.8511    0.1391
   -0.2521   -0.0082    0.9677
...   424 T-A ...
  -84.2628  132.3780 1380.5653
    0.9778    0.0254    0.2081
   -0.0347    0.9985    0.0412
   -0.2068   -0.0475    0.9772
...   425 G-C ...
  -84.7084  132.4957 1383.9224
    0.7965    0.5969    0.0966
   -0.5946    0.8022   -0.0541
   -0.1098   -0.0144    0.9939
...   426 G-C ...
  -84.6492  132.2466 1387.2260
    0.3475    0.9376   -0.0150
   -0.9347    0.3450   -0.0856
   -0.0751    0.0438    0.9962
...   427 A-T ...
  -84.9241  132.2378 1390.5757
   -0.2418    0.9612   -0.1331
   -0.9654   -0.2521   -0.0669
   -0.0978    0.1123    0.9889
...   428 T-A ...
  -84.7512  132.8639 1393.9497
   -0.7092    0.6938   -0.1253
   -0.6997   -0.7144    0.0053
   -0.0858    0.0914    0.9921
...   429 T-A ...
  -84.9766  133.4283 1397.1700
   -0.9830    0.1529   -0.1021
   -0.1640   -0.9802    0.1110
   -0.0831    0.1259    0.9886
...   430 C-G ...
  -85.6421  133.8651 1400.4354
   -0.8941   -0.4414   -0.0760
    0.4209   -0.8861    0.1942
   -0.1531    0.1416    0.9780
...   431 C-G ...
  -86.5568  134.5890 1403.5368
   -0.5068   -0.8618   -0.0185
    0.8368   -0.4970    0.2295
   -0.2069    0.1008    0.9731
...   432 A-T ...
  -87.0881  134.8761 1406.8711
    0.0868   -0.9960    0.0198
    0.9695    0.0891    0.2281
   -0.2290   -0.0006    0.9734
...   433 G-C ...
  -87.9901  134.5927 1410.1296
    0.6140   -0.7850    0.0823
    0.7672    0.6180    0.1715
   -0.1855   -0.0422    0.9817
...   434 C-G ...
  -88.6396  134.3815 1413.4406
    0.9420   -0.2984    0.1538
    0.2859    0.9532    0.0985
   -0.1760   -0.0488    0.9832
...   435 T-A ...
  -89.2627  133.9038 1416.7415
    0.9522    0.2726    0.1378
   -0.2801    0.9592    0.0385
   -0.1217   -0.0753    0.9897
...   436 G-C ...
  -89.4952  133.9828 1420.1211
    0.6268    0.7783    0.0367
   -0.7784    0.6276   -0.0156
   -0.0352   -0.0188    0.9992
...   437 A-T ...
  -89.6841  133.7794 1423.4706
    0.0730    0.9960   -0.0511
   -0.9967    0.0711   -0.0389
   -0.0351    0.0538    0.9979
...   438 A-T ...
  -89.6393  133.9649 1426.7422
   -0.5153    0.8526   -0.0865
   -0.8542   -0.5192   -0.0287
   -0.0694    0.0591    0.9958
...   439 C-G ...
  -89.6916  134.7073 1430.0998
   -0.8844    0.4543   -0.1070
   -0.4582   -0.8887    0.0144
   -0.0885    0.0617    0.9942
...   440 A-T ...
  -90.0375  134.7402 1433.4705
   -0.9734   -0.1449   -0.1774
    0.1280   -0.9864    0.1032
   -0.1899    0.0777    0.9787
...   441 T-A ...
  -90.8598  135.5304 1436.7117
   -0.7704   -0.6331   -0.0753
    0.6151   -0.7691    0.1738
   -0.1680    0.0875    0.9819
...   442 G-C ...
  -91.4635  135.4482 1440.0450
   -0.2585   -0.9642   -0.0587
    0.9395   -0.2651    0.2169
   -0.2247    0.0009    0.9744
...   443 C-G ...
  -92.2907  135.4294 1443.3229
    0.3197   -0.9454    0.0632
    0.9206    0.3257    0.2156
   -0.2244   -0.0107    0.9744
...   444 C-G ...
  -93.3323  135.0080 1446.4402
    0.7843   -0.6107    0.1097
    0.5903    0.7888    0.1712
   -0.1911   -0.0695    0.9791
...   445 T-A ...
  -94.1101  134.4913 1449.7020
    0.9870   -0.0775    0.1408
    0.0602    0.9905    0.1233
   -0.1490   -0.1132    0.9823
...   446 T-A ...
  -94.4646  133.8838 1452.9028
    0.8406    0.5097    0.1833
   -0.5262    0.8487    0.0533
   -0.1284   -0.1412    0.9816
...   447 T-A ...
  -94.6395  133.3041 1456.1235
    0.3822    0.9069    0.1775
   -0.9191    0.3929   -0.0285
   -0.0956   -0.1523    0.9837
...   448 T-A ...
  -94.6852  132.8512 1459.3688
   -0.2192    0.9676    0.1256
   -0.9737   -0.2086   -0.0917
   -0.0625   -0.1423    0.9878
...   449 G-C ...
  -95.2181  132.5726 1462.7036
   -0.7295    0.6823   -0.0477
   -0.6745   -0.7292   -0.1154
   -0.1135   -0.0520    0.9922
...   450 A-T ...
  -95.4645  132.3171 1466.0458
   -0.9732    0.1476   -0.1765
   -0.1367   -0.9879   -0.0726
   -0.1851   -0.0465    0.9816
...   451 T-A ...
  -96.1246  132.7197 1469.3936
   -0.9072   -0.3867   -0.1655
    0.3885   -0.9212    0.0230
   -0.1614   -0.0435    0.9859
...   452 G-C ...
  -96.8040  132.2206 1472.6757
   -0.5003   -0.8378   -0.2188
    0.8323   -0.5349    0.1451
   -0.2386   -0.1096    0.9649
...   453 G-C ...
  -98.0399  131.9002 1475.7334
    0.0529   -0.9844   -0.1676
    0.9674    0.0088    0.2532
   -0.2478   -0.1755    0.9528
...   454 A-T ...
  -98.9120  131.4621 1478.9495
    0.6117   -0.7886   -0.0621
    0.7653    0.5701    0.2987
   -0.2002   -0.2303    0.9523
...   455 G-C ...
  -99.5438  130.3831 1482.1037
    0.9404   -0.3359    0.0534
    0.3095    0.9101    0.2755
   -0.1412   -0.2426    0.9598
...   456 C-G ...
 -100.0027  129.4944 1485.3330
    0.9524    0.2394    0.1889
   -0.2761    0.9400    0.2006
   -0.1296   -0.2432    0.9613
...   457 A-T ...
 -100.5280  128.8292 1488.6139
    0.6301    0.7569    0.1733
   -0.7753    0.6258    0.0854
   -0.0438   -0.1882    0.9812
...   458 G-C ...
 -100.3857  128.2988 1491.9620
    0.1081    0.9853    0.1326
   -0.9931    0.1132   -0.0320
   -0.0465   -0.1282    0.9907
...   459 T-A ...
  -99.9623  127.7738 1495.3344
   -0.4265    0.9006    0.0842
   -0.9037   -0.4204   -0.0816
   -0.0381   -0.1109    0.9931
...   460 T-A ...
  -99.9435  127.6408 1498.6088
   -0.8703    0.4922    0.0186
   -0.4920   -0.8669   -0.0808
   -0.0236   -0.0795    0.9966
...   461 T-A ...
 -100.0370  127.6520 1501.8845
   -0.9945   -0.0992   -0.0344
    0.1006   -0.9940   -0.0422
   -0.0300   -0.0454    0.9985
...   462 C-G ...
 -100.5183  127.4187 1505.2027
   -0.7554   -0.6462   -0.1086
    0.6472   -0.7617    0.0304
   -0.1024   -0.0474    0.9936
...   463 C-G ...
 -101.3264  127.4170 1508.4162
   -0.2705   -0.9530   -0.1362
    0.9518   -0.2860    0.1105
   -0.1443   -0.0998    0.9845
...   464 A-T ...
 -101.6346  127.0664 1511.7725
    0.3388   -0.9296   -0.1453
    0.9304    0.3081    0.1984
   -0.1397   -0.2024    0.9693
...   465 A-T ...
 -102.2324  126.3358 1514.9107
    0.8170   -0.5761   -0.0256
    0.5667    0.7940    0.2200
   -0.1064   -0.1943    0.9752
...   466 A-T ...
 -102.6536  125.5620 1518.0671
    0.9964   -0.0071    0.0844
   -0.0072    0.9857    0.1683
   -0.0844   -0.1683    0.9821
...   467 T-A ...
 -102.8249  124.4480 1521.3130
    0.8462    0.5007    0.1823
   -0.5219    0.8478    0.0939
   -0.1076   -0.1746    0.9788
...   468 A-T ...
 -103.1083  123.9982 1524.6105
    0.3814    0.9170    0.1166
   -0.9231    0.3845   -0.0038
   -0.0483   -0.1062    0.9932
...   469 C-G ...
 -102.7278  123.8089 1528.0233
   -0.1565    0.9845    0.0792
   -0.9860   -0.1510   -0.0706
   -0.0576   -0.0891    0.9944
...   470 A-T ...
 -103.0917  123.4414 1531.3722
   -0.6859    0.7238   -0.0745
   -0.7202   -0.6900   -0.0730
   -0.1043    0.0036    0.9945
...   471 C-G ...
 -103.3839  124.0226 1534.7492
   -0.9591    0.2563   -0.1199
   -0.2546   -0.9666   -0.0297
   -0.1235    0.0021    0.9923
...   472 T-A ...
 -103.7833  124.3439 1538.1032
   -0.9359   -0.3130   -0.1615
    0.3036   -0.9494    0.0804
   -0.1785    0.0262    0.9836
...   473 T-A ...
 -104.5740  124.6001 1541.2732
   -0.5877   -0.8043   -0.0881
    0.7820   -0.5926    0.1929
   -0.2074    0.0445    0.9772
...   474 T-A ...
 -105.5169  124.7617 1544.4075
   -0.0269   -0.9990    0.0368
    0.9701   -0.0172    0.2421
   -0.2412    0.0422    0.9696
...   475 T-A ...
 -106.5302  124.7556 1547.5241
    0.5395   -0.8252    0.1671
    0.7984    0.5644    0.2098
   -0.2675    0.0203    0.9634
...   476 G-C ...
 -107.0708  124.7574 1550.8692
    0.9225   -0.3507    0.1611
    0.3369    0.9354    0.1071
   -0.1883   -0.0445    0.9811
...   477 G-C ...
 -107.6271  124.1481 1554.0784
    0.9668    0.2211    0.1278
   -0.2246    0.9743    0.0139
   -0.1215   -0.0421    0.9917
...   478 T-A ...
 -107.9303  123.4275 1557.4276
    0.7081    0.6984    0.1040
   -0.6986    0.7143   -0.0400
   -0.1023   -0.0443    0.9938
...   479 A-T ...
 -108.2283  123.4289 1560.7544
    0.1659    0.9858   -0.0265
   -0.9843    0.1639   -0.0654
   -0.0601    0.0369    0.9975
...   480 G-C ...
 -108.2329  123.7927 1564.1277
   -0.3932    0.9119   -0.1176
   -0.9148   -0.4008   -0.0495
   -0.0922    0.0881    0.9918
...   481 T-A ...
 -107.9982  124.3047 1567.5204
   -0.8123    0.5666   -0.1383
   -0.5757   -0.8170    0.0343
   -0.0935    0.1074    0.9898
...   482 A-T ...
 -108.4646  124.6780 1570.8067
   -0.9836   -0.0358   -0.1769
    0.0113   -0.9905    0.1373
   -0.1802    0.1330    0.9746
...   483 T-A ...
 -109.1908  125.6702 1574.0151
   -0.8393   -0.5406   -0.0574
    0.5204   -0.8295    0.2027
   -0.1572    0.1403    0.9776
...   484 C-G ...
 -110.0182  125.8927 1577.2651
   -0.3815   -0.9243    0.0135
    0.8978   -0.3670    0.2436
   -0.2201    0.1051    0.9698
...   485 T-A ...
 -111.0629  126.3024 1580.4670
    0.1805   -0.9785    0.1002
    0.9511    0.1996    0.2359
   -0.2508    0.0527    0.9666
...   486 G-C ...
 -111.6017  126.2738 1583.8124
    0.7160   -0.6874    0.1213
    0.6680    0.7252    0.1669
   -0.2027   -0.0385    0.9785
...   487 C-G ...
 -112.2992  126.0723 1587.1142
    0.9704   -0.1574    0.1834
    0.1463    0.9866    0.0726
   -0.1924   -0.0436    0.9803
...   488 A-T ...
 -112.9627  126.1063 1590.4370
    0.8927    0.4408    0.0937
   -0.4414    0.8972   -0.0157
   -0.0910   -0.0273    0.9955
...   489 G-C ...
 -112.9614  125.9919 1593.8280
    0.5123    0.8587    0.0101
   -0.8561    0.5116   -0.0734
   -0.0682    0.0289    0.9973
...   490 G-C ...
 -112.7195  126.0620 1597.1319
   -0.0353    0.9946   -0.0979
   -0.9977   -0.0408   -0.0545
   -0.0582    0.0958    0.9937
...   491 T-A ...
 -112.3294  126.3864 1600.5335
   -0.5510    0.8252   -0.1241
   -0.8328   -0.5532    0.0197
   -0.0524    0.1143    0.9921
...   492 G-C ...
 -112.8781  126.8406 1603.8463
   -0.9201    0.3439   -0.1876
   -0.3688   -0.9219    0.1190
   -0.1320    0.1786    0.9750
...   493 A-T ...
 -113.1675  127.4179 1607.1447
   -0.9540   -0.2558   -0.1564
    0.2231   -0.9541    0.1998
   -0.2004    0.1557    0.9673
...   494 T-A ...
 -114.0754  128.4424 1610.2962
   -0.7047   -0.7094   -0.0077
    0.6864   -0.6845    0.2456
   -0.1795    0.1678    0.9693
...   495 T-A ...
 -114.9226  129.0419 1613.4046
   -0.1778   -0.9751    0.1329
    0.9607   -0.1427    0.2383
   -0.2134    0.1700    0.9621
...   496 C-G ...
 -115.6620  129.2254 1616.6781
    0.4148   -0.8897    0.1906
    0.8802    0.4455    0.1638
   -0.2306    0.0998    0.9679
...   497 T-A ...
 -116.6862  129.3689 1619.9096
    0.8378   -0.5060    0.2049
    0.5026    0.8615    0.0726
   -0.2133    0.0422    0.9761
...   498 C-G ...
 -117.0516  129.3510 1623.2506
    0.9852    0.0749    0.1542
   -0.0738    0.9972   -0.0126
   -0.1547    0.0011    0.9880
...   499 C-G ...
 -117.2686  128.9512 1626.5328
    0.7919    0.6077    0.0601
   -0.6040    0.7940   -0.0692
   -0.0898    0.0185    0.9958
...   500 A-T ...
 -117.7111  129.1309 1629.8875
    0.3079    0.9472   -0.0894
   -0.9509    0.3034   -0.0609
   -0.0305    0.1038    0.9941
...   501 G-C ...
 -117.5828  129.6883 1633.2318
   -0.2579    0.9515   -0.1676
   -0.9646   -0.2635   -0.0113
   -0.0549    0.1588    0.9858
...   502 G-C ...
 -117.4201  130.5251 1636.4339
   -0.7387    0.6400   -0.2117
   -0.6672   -0.7388    0.0945
   -0.0959    0.2111    0.9728
...   503 G-C ...
 -117.6195  131.6624 1639.5397
   -0.9749    0.1167   -0.1898
   -0.1560   -0.9658    0.2071
   -0.1592    0.2315    0.9597
...   504 C-G ...
 -118.1865  132.5083 1642.7635
   -0.8908   -0.4516   -0.0504
    0.4212   -0.8622    0.2814
   -0.1706    0.2294    0.9583
...   505 G-C ...
 -118.4928  132.8277 1646.2719
   -0.4695   -0.8813    0.0530
    0.8540   -0.4381    0.2806
   -0.2240    0.1770    0.9584
...   506 G-C ...
 -119.6832  133.3979 1649.3112
    0.0894   -0.9870    0.1338
    0.9689    0.1173    0.2179
   -0.2308    0.1102    0.9668
...   507 C-G ...
 -120.5187  133.7240 1652.5708
    0.6234   -0.7495    0.2227
    0.7484    0.6545    0.1076
   -0.2264    0.0995    0.9689
...   508 C-G ...
 -121.4142  133.5757 1655.7576
    0.9439   -0.2742    0.1842
    0.2801    0.9599   -0.0064
   -0.1750    0.0577    0.9829
...   509 A-T ...
 -121.9942  133.9524 1659.0749
    0.9460    0.3204    0.0488
   -0.3160    0.9453   -0.0808
   -0.0721    0.0610    0.9955
...   510 G-C ...
 -121.9342  134.0967 1662.4642
    0.6240    0.7789   -0.0629
   -0.7803    0.6168   -0.1035
   -0.0418    0.1136    0.9926
...   511 T-A ...
 -121.6326  134.1003 1665.8901
    0.1245    0.9850   -0.1198
   -0.9919    0.1204   -0.0404
   -0.0253    0.1239    0.9920
...   512 A-T ...
 -121.7757  134.6569 1669.1804
   -0.4824    0.8513   -0.2063
   -0.8749   -0.4798    0.0662
   -0.0426    0.2125    0.9762
...   513 C-G ...
 -121.7160  135.9017 1672.3858
   -0.8677    0.4710   -0.1591
   -0.4933   -0.8554    0.1580
   -0.0617    0.2156    0.9745
...   514 T-A ...
 -121.8272  136.9237 1675.6192
   -0.9924   -0.0824   -0.0911
    0.0563   -0.9644    0.2584
   -0.1092    0.2513    0.9617
...   515 T-A ...
 -122.3433  137.9525 1678.6875
   -0.7770   -0.6254    0.0722
    0.6154   -0.7303    0.2967
   -0.1328    0.2749    0.9522
...   516 A-T ...
 -122.8453  138.7292 1681.8971
   -0.2498   -0.9566    0.1500
    0.9510   -0.2132    0.2240
   -0.1823    0.1986    0.9630
...   517 C-G ...
 -123.9716  139.1425 1685.1202
    0.2875   -0.9304    0.2273
    0.9424    0.3171    0.1063
   -0.1710    0.1837    0.9680
...   518 A-T ...
 -124.3941  139.8572 1688.4055
    0.7903   -0.5941    0.1499
    0.6025    0.7980   -0.0136
   -0.1116    0.1011    0.9886
...   519 T-A ...
 -125.0162  139.6947 1691.7807
    0.9852   -0.0922    0.1443
    0.1066    0.9897   -0.0958
   -0.1339    0.1097    0.9849
...   520 G-C ...
 -125.1763  140.3080 1695.1095
    0.8763    0.4806   -0.0345
   -0.4807    0.8672   -0.1295
   -0.0323    0.1301    0.9910
...   521 C-G ...
 -125.2215  140.7136 1698.4655
    0.4520    0.8849   -0.1127
   -0.8917    0.4448   -0.0840
   -0.0242    0.1384    0.9901
...   522 G-C ...
 -125.8474  141.4128 1701.8750
   -0.1450    0.9667   -0.2107
   -0.9894   -0.1443    0.0189
   -0.0121    0.2112    0.9774
...   523 G-C ...
 -125.5096  142.3757 1705.0275
   -0.6607    0.7143   -0.2306
   -0.7492   -0.6467    0.1433
   -0.0468    0.2674    0.9624
...   524 C-G ...
 -125.6482  143.3472 1708.2626
   -0.9678    0.2213   -0.1202
   -0.2454   -0.9362    0.2518
   -0.0568    0.2731    0.9603
...   525 G-C ...
 -125.9423  143.7435 1711.7643
   -0.9249   -0.3796   -0.0209
    0.3569   -0.8858    0.2967
   -0.1312    0.2669    0.9548
...   526 G-C ...
 -126.7215  144.9029 1714.7690
   -0.5686   -0.8186    0.0811
    0.8028   -0.5307    0.2718
   -0.1794    0.2196    0.9589
...   527 C-G ...
 -127.3995  145.6452 1717.9968
   -0.0139   -0.9777    0.2097
    0.9830    0.0250    0.1818
   -0.1830    0.2086    0.9607
...   528 C-G ...
 -128.4196  146.0615 1721.1218
    0.5373   -0.8157    0.2144
    0.8259    0.5604    0.0626
   -0.1712    0.1434    0.9747
...   529 A-T ...
 -128.8734  146.6788 1724.4226
    0.9269   -0.3576    0.1137
    0.3640    0.9304   -0.0418
   -0.0909    0.0802    0.9926
...   530 G-C ...
 -128.9885  146.7082 1727.8134
    0.9792    0.2023    0.0128
   -0.1998    0.9741   -0.1062
   -0.0340    0.1014    0.9943
...   531 T-A ...
 -129.0101  146.4744 1731.2446
    0.7306    0.6804   -0.0567
   -0.6826    0.7261   -0.0822
   -0.0147    0.0988    0.9950
...   532 A-T ...
 -129.0117  146.9519 1734.5504
    0.1858    0.9659   -0.1806
   -0.9822    0.1880   -0.0047
    0.0295    0.1782    0.9835
...   533 C-G ...
 -128.4139  147.8311 1737.8211
   -0.3555    0.9183   -0.1744
   -0.9345   -0.3459    0.0841
    0.0169    0.1929    0.9811
...   534 A-T ...
 -128.5086  148.3857 1741.1626
   -0.8259    0.5305   -0.1911
   -0.5618   -0.8031    0.1985
   -0.0481    0.2713    0.9613
...   535 G-C ...
 -128.8051  149.5703 1744.3281
   -0.9939   -0.0094   -0.1096
   -0.0197   -0.9649    0.2618
   -0.1082    0.2624    0.9589
...   536 G-C ...
 -129.3681  150.8281 1747.3415
   -0.8335   -0.5524   -0.0122
    0.5255   -0.7994    0.2911
   -0.1706    0.2362    0.9566
...   537 A-T ...
 -129.8299  151.7326 1750.5454
   -0.3713   -0.9245    0.0865
    0.9082   -0.3422    0.2411
   -0.1933    0.1680    0.9666
...   538 T-A ...
 -131.0263  152.3879 1753.6990
    0.1485   -0.9638    0.2214
    0.9704    0.1852    0.1551
   -0.1905    0.1918    0.9628
...   539 G-C ...
 -131.3652  152.8277 1757.0418
    0.6951   -0.6975    0.1741
    0.7041    0.7094    0.0312
   -0.1453    0.1009    0.9842
...   540 T-A ...
 -132.2882  152.7696 1760.3543
    0.9624   -0.2248    0.1527
    0.2347    0.9708   -0.0496
   -0.1371    0.0835    0.9870
...   541 A-T ...
 -132.5967  153.0915 1763.6645
    0.9232    0.3843    0.0076
   -0.3816    0.9187   -0.1019
   -0.0461    0.0912    0.9948
...   542 A-T ...
 -132.6679  153.2523 1766.9369
    0.5339    0.8422   -0.0750
   -0.8436    0.5247   -0.1139
   -0.0566    0.1241    0.9907
...   543 C-G ...
 -132.2938  153.7550 1770.3185
    0.0152    0.9898   -0.1416
   -0.9979    0.0061   -0.0643
   -0.0628    0.1423    0.9878
...   544 C-G ...
 -132.0722  154.4782 1773.5446
   -0.5290    0.8209   -0.2151
   -0.8454   -0.5319    0.0491
   -0.0741    0.2079    0.9753
...   545 T-A ...
 -132.0953  155.3963 1776.8108
   -0.9005    0.3873   -0.1975
   -0.4236   -0.8840    0.1976
   -0.0980    0.2616    0.9602
...   546 G-C ...
 -132.7797  156.1405 1780.0450
   -0.9659   -0.2165   -0.1423
    0.1651   -0.9377    0.3057
   -0.1996    0.2717    0.9414
...   547 C-G ...
 -133.5027  157.1076 1783.2027
   -0.7016   -0.7112    0.0446
    0.6810   -0.6507    0.3359
   -0.2098    0.2661    0.9408
...   548 A-T ...
 -134.0638  157.9204 1786.4442
   -0.1606   -0.9777    0.1353
    0.9532   -0.1181    0.2783
   -0.2561    0.1737    0.9509
...   549 G-C ...
 -135.1212  158.2631 1789.6498
    0.3996   -0.8929    0.2076
    0.8888    0.4328    0.1507
   -0.2244    0.1243    0.9665
...   550 A-T ...
 -135.9654  158.8034 1792.8579
    0.8494   -0.4940    0.1859
    0.5027    0.8644    0.0003
   -0.1608    0.0932    0.9826
...   551 T-A ...
 -136.6929  158.5887 1796.2091
    0.9829    0.0277    0.1820
   -0.0090    0.9947   -0.1025
   -0.1839    0.0991    0.9779
...   552 A-T ...
 -137.1734  158.9986 1799.4889
    0.8001    0.5998    0.0008
   -0.5918    0.7896   -0.1622
   -0.0979    0.1293    0.9868
...   553 C-G ...
 -136.9510  159.3137 1802.9064
    0.3745    0.9216   -0.1022
   -0.9222    0.3586   -0.1450
   -0.0970    0.1486    0.9841
...   554 T-A ...
 -136.9706  159.7632 1806.2693
   -0.1853    0.9601   -0.2093
   -0.9805   -0.1950   -0.0262
   -0.0659    0.2003    0.9775
...   555 A-T ...
 -137.2903  160.5474 1809.5003
   -0.7210    0.6388   -0.2685
   -0.6842   -0.7176    0.1300
   -0.1096    0.2774    0.9545
...   556 C-G ...
 -137.6294  162.0381 1812.5810
   -0.9701    0.1644   -0.1784
   -0.2056   -0.9475    0.2451
   -0.1288    0.2744    0.9530
...   557 C-G ...
 -138.2186  163.3820 1815.5520
   -0.9144   -0.3979   -0.0746
    0.3545   -0.8759    0.3273
   -0.1956    0.2728    0.9420
...   558 A-T ...
 -138.7810  164.1653 1818.8004
   -0.5221   -0.8522    0.0332
    0.8079   -0.4817    0.3395
   -0.2733    0.2041    0.9400
...   559 A-T ...
 -139.8145  164.8920 1821.8242
    0.0467   -0.9782    0.2022
    0.9680    0.0943    0.2327
   -0.2467    0.1848    0.9513
...   560 A-T ...
 -140.7746  165.4616 1824.9053
    0.6028   -0.7479    0.2781
    0.7690    0.6375    0.0476
   -0.2129    0.1851    0.9594
...   561 A-T ...
 -141.5809  165.9510 1828.0438
    0.9408   -0.2462    0.2330
    0.2844    0.9473   -0.1474
   -0.1844    0.2049    0.9613
...   562 G-C ...
 -141.9958  166.4290 1831.3771
    0.9531    0.2972    0.0571
   -0.2733    0.9263   -0.2594
   -0.1299    0.2316    0.9641
...   563 T-A ...
 -142.2987  166.6623 1834.7949
    0.6711    0.7347   -0.0988
   -0.7331    0.6378   -0.2364
   -0.1107    0.2311    0.9666
...   564 G-C ...
 -142.6916  167.8087 1837.9594
    0.1377    0.9404   -0.3110
   -0.9883    0.1095   -0.1062
   -0.0658    0.3220    0.9444
...   565 T-A ...
 -142.3372  168.8126 1841.2296
   -0.3986    0.8549   -0.3322
   -0.9154   -0.3933    0.0862
   -0.0569    0.3385    0.9393
...   566 A-T ...
 -142.6510  170.0283 1844.3248
   -0.8547    0.4254   -0.2977
   -0.5057   -0.8117    0.2921
   -0.1174    0.4002    0.9089
...   567 T-A ...
 -142.8654  171.8790 1847.2118
   -0.9955   -0.0475   -0.0819
    0.0110   -0.9173    0.3982
   -0.0941    0.3955    0.9136
...   568 T-A ...
 -143.3224  173.3730 1850.0925
   -0.8057   -0.5701    0.1606
    0.5807   -0.7070    0.4037
   -0.1166    0.4185    0.9007
...   569 T-A ...
 -143.9549  174.8170 1852.9656
   -0.3214   -0.8751    0.3618
    0.9350   -0.2328    0.2676
   -0.1500    0.4243    0.8930
...   570 G-C ...
 -144.2919  175.9499 1856.1413
    0.2883   -0.8874    0.3597
    0.9453    0.3236    0.0408
   -0.1526    0.3282    0.9322
...   571 G-C ...
 -145.1209  176.6996 1859.2607
    0.7672   -0.5860    0.2606
    0.6319    0.7602   -0.1508
   -0.1098    0.2804    0.9536
...   572 A-T ...
 -145.6284  177.7060 1862.4270
    0.9960   -0.0677    0.0587
    0.0814    0.9573   -0.2774
   -0.0374    0.2811    0.9589
...   573 A-T ...
 -145.7431  178.4728 1865.6111
    0.8606    0.4914   -0.1338
   -0.5083    0.8124   -0.2857
   -0.0317    0.3139    0.9489
...   574 A-T ...
 -145.7483  179.3816 1868.7597
    0.4093    0.8632   -0.2954
   -0.9112    0.3702   -0.1809
   -0.0468    0.3432    0.9381
...   575 C-G ...
 -145.3574  180.7028 1871.9108
   -0.1265    0.9229   -0.3635
   -0.9904   -0.1380   -0.0058
   -0.0555    0.3593    0.9316
...   576 T-A ...
 -145.2474  182.0176 1875.0366
   -0.6437    0.6808   -0.3496
   -0.7634   -0.6034    0.2306
   -0.0539    0.4153    0.9081
...   577 G-C ...
 -145.8072  183.4335 1878.0639
   -0.9556    0.1679   -0.2421
   -0.2589   -0.8707    0.4181
   -0.1406    0.4622    0.8755
...   578 C-G ...
 -146.3045  185.0557 1880.9880
   -0.9332   -0.3583    0.0265
    0.3254   -0.8118    0.4848
   -0.1522    0.4611    0.8742
...   579 T-A ...
 -146.9780  186.8410 1883.7935
   -0.5965   -0.7636    0.2470
    0.7744   -0.4667    0.4272
   -0.2109    0.4461    0.8698
...   580 C-G ...
 -147.8796  188.0139 1886.8114
   -0.0346   -0.9171    0.3971
    0.9657    0.0716    0.2497
   -0.2574    0.3921    0.8832
...   581 C-G ...
 -149.1416  189.0273 1889.7028
    0.5151   -0.7511    0.4128
    0.8207    0.5711    0.0150
   -0.2470    0.3311    0.9107
...   582 A-T ...
 -149.8520  190.2790 1892.7705
    0.9135   -0.3174    0.2544
    0.3702    0.9080   -0.1964
   -0.1686    0.2736    0.9470
...   583 T-A ...
 -150.5260  190.6713 1896.1168
    0.9689    0.2054    0.1379
   -0.1556    0.9393   -0.3059
   -0.1924    0.2750    0.9420
...   584 C-G ...
 -150.7993  191.7097 1899.3016
    0.7157    0.6889   -0.1149
   -0.6879    0.6668   -0.2868
   -0.1210    0.2843    0.9511
...   585 A-T ...
 -151.3594  192.7629 1902.4733
    0.2010    0.9142   -0.3519
   -0.9770    0.1607   -0.1404
   -0.0718    0.3720    0.9254
...   586 A-T ...
 -151.4352  193.9742 1905.5174
   -0.3987    0.8305   -0.3890
   -0.9110   -0.4073    0.0643
   -0.1050    0.3800    0.9190
...   587 A-T ...
 -151.6426  195.2999 1908.5072
   -0.8492    0.4339   -0.3008
   -0.5098   -0.8223    0.2529
   -0.1376    0.3681    0.9195
...   588 A-T ...
 -152.0298  196.6443 1911.4707
   -0.9843   -0.1291   -0.1200
    0.0788   -0.9313    0.3557
   -0.1576    0.3407    0.9269
...   589 G-C ...
 -152.8390  197.9063 1914.5144
   -0.7714   -0.6352    0.0375
    0.6045   -0.7131    0.3551
   -0.1988    0.2966    0.9341
...   590 G-C ...
 -153.9090  199.0360 1917.4399
   -0.3006   -0.9397    0.1632
    0.9254   -0.2460    0.2884
   -0.2309    0.2377    0.9435
...   591 C-G ...
 -154.7579  199.8173 1920.6177
    0.2770   -0.9170    0.2870
    0.9327    0.3284    0.1492
   -0.2311    0.2264    0.9462
...   592 A-T ...
 -155.3849  200.6780 1923.8346
    0.7821   -0.5810    0.2252
    0.5987    0.8008   -0.0133
   -0.1726    0.1452    0.9742
...   593 T-A ...
 -156.2128  200.6651 1927.1693
    0.9749   -0.0784    0.2084
    0.1080    0.9850   -0.1344
   -0.1948    0.1535    0.9688
...   594 G-C ...
 -156.5800  201.4283 1930.4503
    0.8746    0.4848   -0.0028
   -0.4756    0.8570   -0.1984
   -0.0938    0.1748    0.9801
...   595 T-A ...
 -156.6397  201.5053 1933.8881
    0.4979    0.8591   -0.1181
   -0.8640    0.4797   -0.1529
   -0.0747    0.1782    0.9812
...   596 T-A ...
 -156.6127  202.1048 1937.1098
   -0.0929    0.9778   -0.1876
   -0.9949   -0.0988   -0.0225
   -0.0406    0.1845    0.9820
...   597 C-G ...
 -156.8274  203.0956 1940.3142
   -0.6417    0.7341   -0.2220
   -0.7658   -0.6292    0.1329
   -0.0421    0.2553    0.9659
...   598 A-T ...
 -157.0805  203.8184 1943.6151
   -0.9565    0.2122   -0.2004
   -0.2615   -0.9280    0.2653
   -0.1296    0.3061    0.9431
...   599 G-C ...
 -157.7344  205.0550 1946.7062
   -0.9349   -0.3457   -0.0799
    0.3038   -0.8963    0.3230
   -0.1833    0.2777    0.9430
...   600 C-G ...
 -158.4096  206.0347 1949.8707
   -0.5979   -0.7945    0.1059
    0.7780   -0.5435    0.3150
   -0.1927    0.2708    0.9432
...   601 T-A ...
 -159.3383  207.0668 1952.9664
   -0.0671   -0.9737    0.2177
    0.9696   -0.0122    0.2444
   -0.2353    0.2275    0.9449
...   602 G-C ...
 -159.8857  207.5707 1956.2723
    0.5235   -0.8221    0.2240
    0.8254    0.5545    0.1059
   -0.2113    0.1294    0.9688
...   603 G-C ...
 -160.8063  207.5870 1959.4554
    0.9021   -0.3921    0.1805
    0.4022    0.9153   -0.0216
   -0.1567    0.0921    0.9833
...   604 A-T ...
 -161.4845  207.9262 1962.7297
    0.9791    0.1930    0.0644
   -0.1839    0.9749   -0.1258
   -0.0870    0.1113    0.9900
...   605 T-A ...
 -161.5696  207.7884 1966.1619
    0.7398    0.6727    0.0130
   -0.6640    0.7330   -0.1474
   -0.1087    0.1004    0.9890
...   606 T-A ...
 -161.6635  208.0485 1969.4273
    0.2202    0.9724   -0.0775
   -0.9726    0.2128   -0.0935
   -0.0744    0.0959    0.9926
...   607 C-G ...
 -161.8690  208.7550 1972.7068
   -0.3707    0.9125   -0.1729
   -0.9272   -0.3743    0.0125
   -0.0533    0.1649    0.9849
...   608 C-G ...
 -161.7478  209.6934 1975.8823
   -0.8131    0.5470   -0.1991
   -0.5752   -0.8076    0.1304
   -0.0895    0.2205    0.9713
...   609 A-T ...
 -162.1205  210.2744 1979.1999
   -0.9822   -0.0388   -0.1838
   -0.0086   -0.9681    0.2503
   -0.1876    0.2474    0.9506
...   610 G-C ...
 -163.0167  211.2514 1982.3230
   -0.8154   -0.5741   -0.0746
    0.5304   -0.7924    0.3013
   -0.2321    0.2061    0.9506
...   611 C-G ...
 -163.8659  211.9737 1985.5146
   -0.3708   -0.9235    0.0979
    0.8973   -0.3291    0.2941
   -0.2394    0.1970    0.9507
...   612 T-A ...
 -164.9748  212.6822 1988.6419
    0.1901   -0.9613    0.1993
    0.9441    0.2347    0.2316
   -0.2694    0.1442    0.9522
...   613 G-C ...
 -165.5754  212.9756 1991.9639
    0.7217   -0.6624    0.2009
    0.6562    0.7471    0.1062
   -0.2204    0.0552    0.9738
...   614 A-T ...
 -166.4482  213.2383 1995.1990
    0.9805   -0.1215    0.1546
    0.1279    0.9912   -0.0325
   -0.1493    0.0516    0.9874
...   615 A-T ...
 -166.9367  213.2476 1998.4395
    0.8773    0.4723    0.0853
   -0.4585    0.8773   -0.1421
   -0.1419    0.0856    0.9862
...   616 C-G ...
 -166.8932  213.3288 2001.8774
    0.5108    0.8595   -0.0197
   -0.8486    0.5003   -0.1720
   -0.1380    0.1046    0.9849
...   617 A-T ...
 -167.5314  213.7374 2005.1801
   -0.0561    0.9756   -0.2121
   -0.9919   -0.0788   -0.0998
   -0.1141    0.2048    0.9721
...   618 T-A ...
 -167.3785  214.5832 2008.5068
   -0.5646    0.7981   -0.2103
   -0.8185   -0.5742    0.0182
   -0.1063    0.1824    0.9775
...   619 G-C ...
 -168.1084  215.2541 2011.7471
   -0.9176    0.3031   -0.2572
   -0.3510   -0.9214    0.1666
   -0.1865    0.2431    0.9519
...   620 C-G ...
 -168.7537  216.1440 2014.9442
   -0.9534   -0.2729   -0.1288
    0.2278   -0.9308    0.2860
   -0.1980    0.2433    0.9495
...   621 C-G ...
 -169.7490  217.2643 2017.8995
   -0.6591   -0.7519   -0.0106
    0.7064   -0.6239    0.3344
   -0.2581    0.2129    0.9424
...   622 T-A ...
 -170.8803  218.1285 2020.9793
   -0.1545   -0.9793    0.1309
    0.9402   -0.1051    0.3241
   -0.3036    0.1731    0.9369
...   623 T-A ...
 -172.1093  218.5729 2023.9845
    0.4183   -0.8603    0.2914
    0.8455    0.4860    0.2211
   -0.3318    0.1539    0.9307
...   624 T-A ...
 -173.3243  218.8372 2027.0166
    0.8310   -0.4216    0.3629
    0.4365    0.8986    0.0443
   -0.3448    0.1216    0.9308
...   625 T-A ...
 -174.4270  218.9669 2030.0999
    0.9314    0.1751    0.3190
   -0.1359    0.9806   -0.1413
   -0.3376    0.0882    0.9372
...   626 G-C ...
 -175.3528  219.5764 2033.3021
    0.7137    0.6951    0.0864
   -0.6552    0.7062   -0.2683
   -0.2475    0.1349    0.9594
...   627 A-T ...
 -176.2720  219.8989 2036.5188
    0.2297    0.9614   -0.1513
   -0.9441    0.1823   -0.2746
   -0.2364    0.2059    0.9496
...   628 T-A ...
 -176.5281  220.6032 2039.8720
   -0.2983    0.9213   -0.2494
   -0.9250   -0.3435   -0.1626
   -0.2355    0.1822    0.9546
...   629 G-C ...
 -177.6513  221.3686 2042.9760
   -0.7490    0.5354   -0.3902
   -0.5948   -0.8029    0.0400
   -0.2919    0.2621    0.9198
...   630 G-C ...
 -178.5258  222.6770 2045.8920
   -0.9309   -0.0090   -0.3652
   -0.0921   -0.9616    0.2584
   -0.3535    0.2742    0.8944
...   631 A-T ...
 -179.5662  223.6306 2048.9424
   -0.7893   -0.5744   -0.2167
    0.4576   -0.7858    0.4160
   -0.4093    0.2292    0.8831
...   632 G-C ...
 -181.2326  224.3737 2051.8029
   -0.3870   -0.9221   -0.0080
    0.8179   -0.3472    0.4588
   -0.4258    0.1710    0.8885
...   633 C-G ...
 -182.7371  224.9364 2054.7776
    0.1472   -0.9589    0.2426
    0.8920    0.2347    0.3863
   -0.4273    0.1595    0.8899
...   634 A-T ...
 -184.0303  225.5559 2057.8479
    0.6727   -0.6621    0.3303
    0.6337    0.7460    0.2047
   -0.3819    0.0716    0.9214
...   635 G-C ...
 -185.2392  225.5034 2061.0176
    0.9307   -0.1524    0.3325
    0.1675    0.9857   -0.0171
   -0.3251    0.0716    0.9430
...   636 T-A ...
 -186.4621  225.1705 2064.2147
    0.8849    0.3846    0.2629
   -0.3485    0.9210   -0.1741
   -0.3091    0.0624    0.9490
...   637 T-A ...
 -187.2611  225.2209 2067.3926
    0.5215    0.8460    0.1111
   -0.8061    0.5312   -0.2610
   -0.2799    0.0465    0.9589
...   638 T-A ...
 -187.9139  225.3767 2070.6002
   -0.0396    0.9972   -0.0630
   -0.9683   -0.0538   -0.2439
   -0.2466    0.0513    0.9678
...   639 C-G ...
 -188.7946  225.9323 2073.7958
   -0.5713    0.7832   -0.2455
   -0.7837   -0.6094   -0.1204
   -0.2439    0.1236    0.9619
...   640 C-G ...
 -189.4110  226.8011 2076.9335
   -0.8902    0.3131   -0.3309
   -0.3504   -0.9348    0.0582
   -0.2911    0.1678    0.9419
...   641 A-T ...
 -190.4230  227.1902 2080.1439
   -0.8963   -0.2967   -0.3294
    0.2136   -0.9401    0.2657
   -0.3885    0.1678    0.9060
...   642 A-T ...
 -191.7473  227.8823 2083.0605
   -0.5994   -0.7889   -0.1356
    0.7026   -0.5997    0.3830
   -0.3835    0.1343    0.9137
...   643 A-T ...
 -193.1265  228.4006 2085.9878
   -0.0747   -0.9931    0.0901
    0.9297   -0.0366    0.3665
   -0.3607    0.1112    0.9260
...   644 T-A ...
 -194.8692  228.6873 2088.9351
    0.4094   -0.8655    0.2886
    0.8362    0.4825    0.2607
   -0.3649    0.1346    0.9213
...   645 A-T ...
 -195.9675  229.0551 2092.0680
    0.8534   -0.4225    0.3053
    0.4234    0.9035    0.0666
   -0.3040    0.0724    0.9499
...   646 C-G ...
 -196.8681  228.7497 2095.3730
    0.9543    0.1108    0.2777
   -0.0833    0.9906   -0.1090
   -0.2871    0.0809    0.9545
...   647 A-T ...
 -197.8923  229.1950 2098.5722
    0.7576    0.6490    0.0691
   -0.6231    0.7507   -0.2192
   -0.1941    0.1231    0.9732
...   648 C-G ...
 -197.9984  229.5240 2101.9940
    0.3236    0.9433   -0.0735
   -0.9260    0.2998   -0.2293
   -0.1942    0.1423    0.9706
...   649 T-A ...
 -198.3484  229.9719 2105.3389
   -0.2256    0.9465   -0.2306
   -0.9600   -0.2563   -0.1129
   -0.1660    0.1959    0.9665
...   650 T-A ...
 -198.7046  230.8103 2108.4869
   -0.7385    0.6236   -0.2563
   -0.6584   -0.7490    0.0746
   -0.1454    0.2238    0.9637
...   651 T-A ...
 -199.1385  231.8044 2111.5793
   -0.9828    0.0753   -0.1688
   -0.1154   -0.9633    0.2422
   -0.1444    0.2575    0.9554
...   652 T-A ...
 -199.7289  232.8765 2114.6193
   -0.8682   -0.4961   -0.0005
    0.4685   -0.8203    0.3281
   -0.1632    0.2846    0.9446
...   653 G-C ...
 -200.3824  233.4806 2117.8889
   -0.4225   -0.9014    0.0942
    0.8756   -0.3791    0.2994
   -0.2342    0.2090    0.9495
...   654 G-C ...
 -201.6046  234.1270 2120.9002
    0.1411   -0.9737    0.1791
    0.9611    0.1781    0.2110
   -0.2374    0.1424    0.9609
...   655 T-A ...
 -202.9772  234.5285 2124.0279
    0.6257   -0.7385    0.2512
    0.7420    0.6628    0.1008
   -0.2409    0.1234    0.9627
...   656 A-T ...
 -203.6395  234.8899 2127.2817
    0.9608   -0.2133    0.1774
    0.2234    0.9739   -0.0393
   -0.1644    0.0774    0.9833
...   657 G-C ...
 -203.9719  234.9420 2130.6579
    0.9354    0.3469    0.0680
   -0.3354    0.9318   -0.1387
   -0.1115    0.1070    0.9880
...   658 T-A ...
 -204.1755  234.7484 2134.0856
    0.6233    0.7815   -0.0266
   -0.7765    0.6146   -0.1389
   -0.0922    0.1073    0.9899
...   659 A-T ...
 -204.4574  235.2595 2137.3743
    0.0510    0.9806   -0.1894
   -0.9969    0.0387   -0.0683
   -0.0597    0.1923    0.9795
...   660 T-A ...
 -204.1054  235.9989 2140.7112
   -0.4743    0.8629   -0.1744
   -0.8787   -0.4762    0.0333
   -0.0544    0.1691    0.9841
...   661 C-G ...
 -204.5089  236.8771 2143.9303
   -0.8870    0.4254   -0.1795
   -0.4540   -0.8744    0.1714
   -0.0840    0.2335    0.9687
...   662 T-A ...
 -204.7089  237.9623 2147.1387
   -0.9862   -0.1316   -0.1006
    0.0988   -0.9548    0.2804
   -0.1330    0.2665    0.9546
...   663 G-C ...
 -205.3921  238.5660 2150.4023
   -0.7331   -0.6799   -0.0156
    0.6411   -0.6985    0.3179
   -0.2270    0.2231    0.9480
...   664 C-G ...
 -206.2274  239.3357 2153.5865
   -0.2405   -0.9580    0.1561
    0.9423   -0.1918    0.2744
   -0.2330    0.2131    0.9489
...   665 A-T ...
 -206.8386  240.0605 2156.8397
    0.3666   -0.9108    0.1900
    0.9027    0.3976    0.1643
   -0.2252    0.1113    0.9679
...   666 G-C ...
 -207.6424  240.1298 2160.1353
    0.8115   -0.5525    0.1904
    0.5585    0.8291    0.0252
   -0.1718    0.0859    0.9814
...   667 G-C ...
 -208.2603  239.9483 2163.3857
    0.9941   -0.0141    0.1074
    0.0218    0.9973   -0.0707
   -0.1062    0.0726    0.9917
...   668 T-A ...
 -208.6570  239.6087 2166.7849
    0.8600    0.5085    0.0425
   -0.5026    0.8585   -0.1015
   -0.0881    0.0659    0.9939
...   669 G-C ...
 -208.8611  240.1986 2170.1155
    0.4211    0.8988   -0.1215
   -0.9068    0.4146   -0.0756
   -0.0176    0.1420    0.9897
...   670 A-T ...
 -208.9550  240.5234 2173.4595
   -0.1698    0.9619   -0.2141
   -0.9848   -0.1734    0.0022
   -0.0350    0.2113    0.9768
...   671 T-A ...
 -208.5505  241.4417 2176.7456
   -0.6563    0.7375   -0.1591
   -0.7541   -0.6481    0.1064
   -0.0246    0.1899    0.9815
...   672 T-A ...
 -208.5557  242.3188 2179.9031
   -0.9714    0.2267   -0.0712
   -0.2368   -0.9480    0.2127
   -0.0192    0.2235    0.9745
...   673 C-G ...
 -209.0068  243.1114 2183.1381
   -0.9297   -0.3681    0.0081
    0.3575   -0.8972    0.2594
   -0.0882    0.2441    0.9657
...   674 T-A ...
 -209.4739  244.1895 2186.3210
   -0.5790   -0.8086    0.1046
    0.8019   -0.5417    0.2520
   -0.1471    0.2298    0.9621
...   675 C-G ...
 -210.1546  244.6194 2189.5842
   -0.0082   -0.9845    0.1752
    0.9812    0.0259    0.1911
   -0.1927    0.1734    0.9658
...   676 C-G ...
 -211.2042  244.9183 2192.7128
    0.5417   -0.8187    0.1904
    0.8210    0.5639    0.0894
   -0.1805    0.1079    0.9776
...   677 A-T ...
 -211.6906  245.4161 2196.0292
    0.9287   -0.3545    0.1092
    0.3572    0.9340   -0.0061
   -0.0999    0.0446    0.9940
...   678 G-C ...
 -211.8346  245.3256 2199.4178
    0.9775    0.2089    0.0284
   -0.2064    0.9757   -0.0737
   -0.0432    0.0662    0.9969
