  663 base-pairs
...     1 A-T ...
    0.0000    0.0000    0.0000
    1.0000    0.0000    0.0000
    0.0000    1.0000    0.0000
    0.0000    0.0000    1.0000
...     2 C-G ...
    0.3695   -0.4371    3.3912
    0.8523    0.5227   -0.0183
   -0.5228    0.8524   -0.0064
    0.0123    0.0151    0.9998
...     3 A-T ...
    0.2842   -0.2554    6.7738
    0.3934    0.9118   -0.1177
   -0.9159    0.3998    0.0356
    0.0795    0.0938    0.9924
...     4 G-C ...
    0.8017    0.2438   10.0896
   -0.1739    0.9749   -0.1387
   -0.9829   -0.1633    0.0850
    0.0602    0.1511    0.9867
...     5 G-C ...
    1.3678    1.0192   13.2611
   -0.6862    0.7148   -0.1350
   -0.7271   -0.6678    0.1593
    0.0237    0.2075    0.9779
...     6 A-T ...
    1.5771    1.6279   16.5598
   -0.9775    0.1905   -0.0907
   -0.2054   -0.9574    0.2029
   -0.0482    0.2169    0.9750
...     7 T-A ...
    1.4183    2.9115   19.7431
   -0.9433   -0.3281    0.0504
    0.3311   -0.9190    0.2141
   -0.0240    0.2187    0.9755
...     8 G-C ...
    1.1765    3.3114   23.0993
   -0.5760   -0.8147    0.0674
    0.8104   -0.5583    0.1779
   -0.1073    0.1571    0.9817
...     9 T-A ...
    0.3509    4.1916   26.3197
   -0.0660   -0.9882    0.1384
    0.9902   -0.0477    0.1312
   -0.1230    0.1457    0.9816
...    10 A-T ...
    0.0067    4.5397   29.6238
    0.5413   -0.8345    0.1031
    0.8348    0.5480    0.0522
   -0.1001    0.0578    0.9933
...    11 A-T ...
   -0.4421    4.6246   32.8689
    0.9262   -0.3657    0.0921
    0.3706    0.9278   -0.0434
   -0.0696    0.0743    0.9948
...    12 C-G ...
   -0.4978    4.3360   36.2955
    0.9844    0.1719    0.0376
   -0.1679    0.9816   -0.0915
   -0.0526    0.0838    0.9951
...    13 C-G ...
   -0.3406    4.2392   39.6039
    0.7335    0.6749   -0.0809
   -0.6796    0.7301   -0.0714
    0.0109    0.1073    0.9942
...    14 T-A ...
   -0.0480    4.4194   42.9794
    0.2425    0.9582   -0.1517
   -0.9682    0.2489    0.0243
    0.0611    0.1410    0.9881
...    15 G-C ...
   -0.0404    5.2164   46.2728
   -0.3628    0.9086   -0.2070
   -0.9302   -0.3399    0.1384
    0.0554    0.2428    0.9685
...    16 C-G ...
    0.1892    6.0937   49.5297
   -0.8253    0.5552   -0.1035
   -0.5627   -0.7927    0.2344
    0.0481    0.2517    0.9666
...    17 A-T ...
    0.2847    6.7825   52.8461
   -0.9986   -0.0267   -0.0459
    0.0127   -0.9597    0.2807
   -0.0515    0.2797    0.9587
...    18 G-C ...
   -0.1595    7.8705   56.0290
   -0.8256   -0.5613    0.0568
    0.5560   -0.7922    0.2515
   -0.0962    0.2392    0.9662
...    19 A-T ...
   -0.3738    8.7863   59.2557
   -0.3529   -0.9279    0.1198
    0.9283   -0.3312    0.1692
   -0.1173    0.1709    0.9783
...    20 T-A ...
   -1.3215    9.4448   62.4920
    0.1764   -0.9610    0.2129
    0.9776    0.1964    0.0762
   -0.1151    0.1947    0.9741
...    21 A-T ...
   -1.6071    9.9785   65.7769
    0.7279   -0.6731    0.1312
    0.6820    0.7305   -0.0362
   -0.0714    0.1159    0.9907
...    22 C-G ...
   -1.8785    9.8034   69.2008
    0.9781   -0.1940    0.0747
    0.2013    0.9738   -0.1059
   -0.0522    0.1186    0.9916
...    23 T-A ...
   -2.0553    9.8915   72.5880
    0.9307    0.3635   -0.0402
   -0.3657    0.9264   -0.0894
    0.0047    0.0979    0.9952
...    24 A-T ...
   -1.9407   10.3379   75.8962
    0.5316    0.8295   -0.1715
   -0.8437    0.5365   -0.0202
    0.0753    0.1554    0.9850
...    25 C-G ...
   -1.1203   10.9369   79.1819
    0.0108    0.9846   -0.1747
   -0.9976    0.0226    0.0661
    0.0690    0.1736    0.9824
...    26 C-G ...
   -0.4681   11.7544   82.3261
   -0.5407    0.8236   -0.1712
   -0.8393   -0.5144    0.1762
    0.0571    0.2390    0.9693
...    27 A-T ...
   -0.4026   12.4389   85.6442
   -0.9261    0.3524   -0.1346
   -0.3765   -0.8856    0.2718
   -0.0234    0.3024    0.9529
...    28 A-T ...
   -0.4387   13.5766   88.7172
   -0.9727   -0.2308    0.0259
    0.2289   -0.9340    0.2742
   -0.0391    0.2726    0.9613
...    29 A-T ...
   -0.6233   14.6122   91.8209
   -0.6606   -0.7339    0.1580
    0.7500   -0.6356    0.1831
   -0.0340    0.2394    0.9703
...    30 A-T ...
   -0.8672   15.4815   94.9712
   -0.1051   -0.9714    0.2130
    0.9944   -0.1005    0.0322
   -0.0099    0.2152    0.9765
...    31 G-C ...
   -1.0844   15.9634   98.3227
    0.4538   -0.8805    0.1371
    0.8908    0.4438   -0.0981
    0.0255    0.1667    0.9857
...    32 T-A ...
   -1.5325   16.2888  101.7170
    0.8522   -0.5205    0.0535
    0.5225    0.8410   -0.1404
    0.0281    0.1476    0.9886
...    33 G-C ...
   -1.0697   16.8755  105.0221
    0.9900    0.0431   -0.1343
   -0.0586    0.9917   -0.1141
    0.1283    0.1208    0.9844
...    34 T-A ...
   -0.6248   16.7010  108.4279
    0.8116    0.5537   -0.1861
   -0.5655    0.8247   -0.0122
    0.1467    0.1152    0.9824
...    35 A-T ...
   -0.0678   17.2233  111.6796
    0.3058    0.9208   -0.2422
   -0.9307    0.3427    0.1278
    0.2006    0.1863    0.9618
...    36 T-A ...
    1.1586   17.7684  114.8426
   -0.2160    0.9692   -0.1184
   -0.9558   -0.1851    0.2285
    0.1995    0.1625    0.9663
...    37 T-A ...
    1.9965   18.4847  117.9287
   -0.7293    0.6834    0.0327
   -0.6478   -0.7052    0.2882
    0.2200    0.1890    0.9570
...    38 T-A ...
    2.7549   19.3640  120.9932
   -0.9703    0.1495    0.1904
   -0.0995   -0.9633    0.2493
    0.2207    0.2229    0.9495
...    39 G-C ...
    3.2131   19.8932  124.3087
   -0.8685   -0.4517    0.2041
    0.4808   -0.8678    0.1257
    0.1203    0.2073    0.9709
...    40 G-C ...
    3.2199   20.8338  127.4859
   -0.4706   -0.8649    0.1745
    0.8789   -0.4770    0.0058
    0.0782    0.1561    0.9846
...    41 A-T ...
    3.5259   21.5068  130.7646
    0.1090   -0.9912    0.0750
    0.9898    0.1013   -0.0999
    0.0914    0.0851    0.9922
...    42 A-T ...
    3.6703   21.7488  134.0296
    0.6587   -0.7522   -0.0187
    0.7418    0.6533   -0.1512
    0.1259    0.0857    0.9883
...    43 A-T ...
    3.9785   21.9101  137.2882
    0.9631   -0.2383   -0.1247
    0.2209    0.9654   -0.1388
    0.1534    0.1061    0.9824
...    44 C-G ...
    4.7582   21.7599  140.6345
    0.9336    0.2995   -0.1968
   -0.3162    0.9468   -0.0594
    0.1685    0.1177    0.9786
...    45 T-A ...
    5.4841   21.8845  143.9464
    0.6011    0.7618   -0.2415
   -0.7662    0.6352    0.0968
    0.2271    0.1268    0.9656
...    46 G-C ...
    6.2010   22.6864  147.1597
    0.0284    0.9712   -0.2364
   -0.9646    0.0886    0.2484
    0.2622    0.2209    0.9394
...    47 C-G ...
    7.1473   23.4663  150.3102
   -0.5242    0.8491   -0.0653
   -0.8112   -0.4745    0.3417
    0.2592    0.2321    0.9375
...    48 T-A ...
    8.2400   24.4503  153.3679
   -0.8930    0.4411    0.0893
   -0.3841   -0.8503    0.3598
    0.2347    0.2870    0.9288
...    49 C-G ...
    8.6605   25.5423  156.5187
   -0.9640   -0.1403    0.2261
    0.2035   -0.9361    0.2868
    0.1714    0.3224    0.9309
...    50 C-G ...
    8.8827   26.9588  159.5059
   -0.7043   -0.6491    0.2874
    0.7014   -0.6988    0.1407
    0.1095    0.3006    0.9474
...    51 A-T ...
    9.4058   27.8777  162.7253
   -0.1828   -0.9581    0.2205
    0.9812   -0.1920   -0.0204
    0.0619    0.2127    0.9752
...    52 T-A ...
    9.0552   28.5978  166.0666
    0.3535   -0.9136    0.2008
    0.9335    0.3308   -0.1381
    0.0597    0.2362    0.9699
...    53 C-G ...
    9.4323   29.0466  169.3761
    0.8191   -0.5729    0.0309
    0.5680    0.8023   -0.1835
    0.0804    0.1678    0.9825
...    54 A-T ...
    9.7728   29.7799  172.6668
    0.9839   -0.0238   -0.1773
   -0.0009    0.9904   -0.1382
    0.1789    0.1361    0.9744
...    55 A-T ...
   10.3789   30.0679  175.8745
    0.7983    0.5496   -0.2463
   -0.5742    0.8179   -0.0361
    0.1816    0.1703    0.9685
...    56 A-T ...
   11.0810   30.5069  179.0452
    0.3157    0.9171   -0.2435
   -0.9346    0.3449    0.0872
    0.1639    0.2001    0.9660
...    57 A-T ...
   11.7724   31.1262  182.1882
   -0.2859    0.9431   -0.1700
   -0.9491   -0.2541    0.1862
    0.1324    0.2146    0.9677
...    58 G-C ...
   12.2914   32.1441  185.3829
   -0.7636    0.6380   -0.0990
   -0.6406   -0.7294    0.2399
    0.0809    0.2467    0.9657
...    59 G-C ...
   12.6555   33.3938  188.4301
   -0.9929    0.1179   -0.0158
   -0.1178   -0.9564    0.2671
    0.0163    0.2671    0.9635
...    60 C-G ...
   12.6786   34.3596  191.6698
   -0.8861   -0.4458    0.1270
    0.4635   -0.8550    0.2327
    0.0048    0.2651    0.9642
...    61 A-T ...
   12.8126   35.1222  194.9688
   -0.4565   -0.8785    0.1410
    0.8871   -0.4374    0.1473
   -0.0677    0.1923    0.9790
...    62 T-A ...
   12.0441   35.9174  198.2219
    0.0677   -0.9732    0.2197
    0.9957    0.0798    0.0465
   -0.0628    0.2156    0.9744
...    63 G-C ...
   12.1206   36.4063  201.5741
    0.6312   -0.7679    0.1094
    0.7752    0.6292   -0.0564
   -0.0255    0.1204    0.9924
...    64 T-A ...
   11.5631   36.4634  204.9673
    0.9436   -0.3270    0.0516
    0.3305    0.9395   -0.0903
   -0.0190    0.1023    0.9946
...    65 T-A ...
   11.5653   36.5346  208.2437
    0.9611    0.2759   -0.0130
   -0.2762    0.9586   -0.0691
   -0.0066    0.0700    0.9975
...    66 C-G ...
   11.9038   36.9169  211.5657
    0.6300    0.7693   -0.1064
   -0.7740    0.6332   -0.0040
    0.0643    0.0848    0.9943
...    67 A-T ...
   11.9589   37.2859  214.9336
    0.0635    0.9802   -0.1874
   -0.9928    0.0811    0.0878
    0.1013    0.1805    0.9783
...    68 G-C ...
   12.4735   38.1463  218.1750
   -0.4932    0.8536   -0.1678
   -0.8676   -0.4684    0.1669
    0.0639    0.2279    0.9716
...    69 C-G ...
   12.7230   38.9788  221.4421
   -0.8976    0.4374   -0.0550
   -0.4373   -0.8678    0.2359
    0.0554    0.2358    0.9702
...    70 T-A ...
   12.9883   40.0707  224.6435
   -0.9922   -0.1181    0.0386
    0.1242   -0.9557    0.2668
    0.0054    0.2695    0.9630
...    71 G-C ...
   12.7763   40.6876  227.9687
   -0.7372   -0.6698    0.0892
    0.6698   -0.7069    0.2273
   -0.0892    0.2273    0.9697
...    72 G-C ...
   12.0463   41.5801  231.0752
   -0.2437   -0.9605    0.1342
    0.9627   -0.2228    0.1537
   -0.1177    0.1666    0.9790
...    73 A-T ...
   11.6567   42.2946  234.3362
    0.3567   -0.9256    0.1266
    0.9301    0.3645    0.0446
   -0.0874    0.1018    0.9910
...    74 T-A ...
   10.8880   42.3363  237.6848
    0.7848   -0.6002    0.1545
    0.6113    0.7907   -0.0339
   -0.1018    0.1210    0.9874
...    75 T-A ...
   10.5321   42.4623  240.9401
    0.9941   -0.0330    0.1036
    0.0417    0.9957   -0.0827
   -0.1004    0.0865    0.9912
...    76 C-G ...
   10.5841   42.7817  244.2855
    0.8437    0.5365   -0.0183
   -0.5360    0.8402   -0.0818
   -0.0285    0.0788    0.9965
...    77 C-G ...
   10.9396   42.8242  247.5796
    0.4132    0.9024   -0.1223
   -0.9104    0.4125   -0.0326
    0.0210    0.1248    0.9920
...    78 A-T ...
   10.8324   43.2841  250.9351
   -0.1867    0.9582   -0.2166
   -0.9819   -0.1747    0.0734
    0.0325    0.2263    0.9735
...    79 G-C ...
   11.0456   44.3335  254.1546
   -0.6925    0.6932   -0.1997
   -0.7213   -0.6713    0.1708
   -0.0157    0.2623    0.9649
...    80 C-G ...
   11.0092   45.2885  257.3974
   -0.9786    0.1901   -0.0792
   -0.2043   -0.9446    0.2571
   -0.0259    0.2677    0.9631
...    81 T-A ...
   10.9228   46.4962  260.5669
   -0.9292   -0.3684    0.0303
    0.3602   -0.8842    0.2974
   -0.0827    0.2872    0.9543
...    82 G-C ...
   10.4948   47.1257  263.8689
   -0.5421   -0.8343    0.1008
    0.8243   -0.5045    0.2569
   -0.1635    0.2223    0.9612
...    83 A-T ...
   10.0022   48.0173  267.0718
    0.0369   -0.9865    0.1592
    0.9870    0.0609    0.1485
   -0.1562    0.1517    0.9760
...    84 A-T ...
    9.3352   48.4837  270.2463
    0.6037   -0.7733    0.1939
    0.7878    0.6159    0.0031
   -0.1218    0.1509    0.9810
...    85 C-G ...
    8.8010   48.4403  273.6434
    0.9286   -0.3400    0.1489
    0.3567    0.9283   -0.1050
   -0.1025    0.1506    0.9833
...    86 A-T ...
    8.4807   49.1285  276.9458
    0.9702    0.2396   -0.0364
   -0.2423    0.9598   -0.1414
    0.0010    0.1460    0.9893
...    87 T-A ...
    8.7253   49.1218  280.3731
    0.7040    0.7055   -0.0813
   -0.7099    0.6959   -0.1086
   -0.0201    0.1341    0.9908
...    88 G-C ...
    8.6525   49.9498  283.6581
    0.1687    0.9594   -0.2260
   -0.9853    0.1708   -0.0107
    0.0283    0.2245    0.9741
...    89 C-G ...
    8.8149   50.7360  286.9421
   -0.4174    0.8857   -0.2034
   -0.9083   -0.4000    0.1221
    0.0268    0.2358    0.9714
...    90 C-G ...
    9.1784   51.9104  290.0192
   -0.8468    0.5061   -0.1638
   -0.5318   -0.8126    0.2385
   -0.0124    0.2891    0.9572
...    91 T-A ...
    9.2468   53.1696  293.1690
   -0.9982   -0.0330   -0.0504
    0.0147   -0.9447    0.3277
   -0.0584    0.3264    0.9434
...    92 T-A ...
    8.9051   54.4463  296.1678
   -0.8059   -0.5739    0.1456
    0.5865   -0.7401    0.3290
   -0.0811    0.3505    0.9330
...    93 T-A ...
    8.3872   55.6752  299.1613
   -0.3184   -0.8971    0.3063
    0.9410   -0.2600    0.2166
   -0.1146    0.3571    0.9270
...    94 T-A ...
    7.7508   56.7682  302.1845
    0.2845   -0.8834    0.3724
    0.9474    0.3185    0.0318
   -0.1467    0.3438    0.9275
...    95 G-C ...
    7.5893   57.7772  305.4154
    0.7883   -0.5707    0.2299
    0.6088    0.7775   -0.1574
   -0.0890    0.2640    0.9604
...    96 A-T ...
    7.1492   58.7257  308.6096
    0.9986   -0.0441    0.0293
    0.0503    0.9628   -0.2653
   -0.0165    0.2665    0.9637
...    97 T-A ...
    7.1764   59.0940  312.0256
    0.8795    0.4674   -0.0899
   -0.4742    0.8446   -0.2484
   -0.0402    0.2611    0.9645
...    98 G-C ...
    7.1464   60.3265  315.1820
    0.4485    0.8381   -0.3105
   -0.8932    0.4330   -0.1212
    0.0328    0.3317    0.9428
...    99 G-C ...
    7.7211   61.4179  318.2574
   -0.1157    0.9143   -0.3882
   -0.9926   -0.0916    0.0801
    0.0376    0.3945    0.9181
...   100 A-T ...
    7.8981   62.6048  321.3969
   -0.6623    0.6683   -0.3388
   -0.7491   -0.5991    0.2826
   -0.0141    0.4410    0.8974
...   101 G-C ...
    7.7898   64.3678  324.2937
   -0.9610    0.2067   -0.1836
   -0.2663   -0.8707    0.4135
   -0.0744    0.4463    0.8918
...   102 C-G ...
    7.5167   65.9375  327.2755
   -0.9426   -0.3260    0.0720
    0.3226   -0.8338    0.4480
   -0.0860    0.4455    0.8911
...   103 A-T ...
    7.3204   67.3097  330.3675
   -0.5742   -0.7867    0.2267
    0.8013   -0.4831    0.3529
   -0.1682    0.3843    0.9078
...   104 G-C ...
    6.4727   68.4724  333.4402
   -0.0344   -0.9443    0.3273
    0.9863    0.0209    0.1638
   -0.1615    0.3284    0.9306
...   105 T-A ...
    5.3467   69.5960  336.4894
    0.4883   -0.7980    0.3532
    0.8562    0.5163   -0.0174
   -0.1685    0.3109    0.9354
...   106 T-A ...
    4.6731   70.3755  339.6004
    0.8939   -0.3536    0.2754
    0.4104    0.8928   -0.1858
   -0.1802    0.2792    0.9432
...   107 T-A ...
    4.1231   71.0309  342.7638
    0.9672    0.2267    0.1146
   -0.1878    0.9420   -0.2780
   -0.1710    0.2473    0.9537
...   108 C-G ...
    3.9191   71.9856  345.9799
    0.6947    0.7095   -0.1187
   -0.7124    0.6557   -0.2501
   -0.0996    0.2583    0.9609
...   109 C-G ...
    4.0772   72.7396  349.2026
    0.1968    0.9347   -0.2959
   -0.9785    0.1681   -0.1197
   -0.0621    0.3131    0.9477
...   110 A-T ...
    3.6852   73.7918  352.3998
   -0.3936    0.8261   -0.4033
   -0.9163   -0.3877    0.1001
   -0.0737    0.4089    0.9096
...   111 A-T ...
    3.5811   75.2090  355.3528
   -0.8488    0.4410   -0.2917
   -0.5178   -0.8046    0.2906
   -0.1065    0.3977    0.9113
...   112 A-T ...
    3.2969   76.6475  358.2836
   -0.9894   -0.1138   -0.0905
    0.0711   -0.9217    0.3813
   -0.1269    0.3708    0.9200
...   113 T-A ...
    2.7178   78.3992  361.1821
   -0.8120   -0.5662    0.1416
    0.5743   -0.7318    0.3671
   -0.1042    0.3794    0.9193
...   114 A-T ...
    2.3034   79.5324  364.2967
   -0.3047   -0.9190    0.2501
    0.9393   -0.2463    0.2390
   -0.1580    0.3078    0.9382
...   115 C-G ...
    1.2443   80.3442  367.4664
    0.2341   -0.9177    0.3209
    0.9609    0.2685    0.0669
   -0.1476    0.2927    0.9447
...   116 A-T ...
    0.9064   81.4190  370.6623
    0.7551   -0.6224    0.2059
    0.6490    0.7542   -0.1002
   -0.0929    0.2093    0.9734
...   117 C-G ...
    0.5866   81.5690  374.0832
    0.9845   -0.1401    0.1053
    0.1590    0.9670   -0.1993
   -0.0739    0.2130    0.9743
...   118 T-A ...
    0.3502   81.9815  377.4426
    0.9140    0.4006   -0.0648
   -0.4055    0.8952   -0.1850
   -0.0161    0.1954    0.9806
...   119 T-A ...
    0.5253   82.4743  380.6777
    0.5114    0.8438   -0.1626
   -0.8592    0.5055   -0.0795
    0.0151    0.1804    0.9835
...   120 T-A ...
    0.8465   83.0729  383.8837
   -0.0793    0.9802   -0.1815
   -0.9956   -0.0689    0.0631
    0.0494    0.1858    0.9814
...   121 T-A ...
    1.2234   83.8402  387.0473
   -0.6404    0.7595   -0.1145
   -0.7645   -0.6159    0.1903
    0.0740    0.2094    0.9750
...   122 G-C ...
    1.0950   84.5804  390.3516
   -0.9662    0.2451   -0.0804
   -0.2576   -0.9326    0.2527
   -0.0131    0.2649    0.9642
...   123 G-C ...
    0.9485   85.8883  393.3926
   -0.9466   -0.3225    0.0068
    0.3124   -0.9115    0.2676
   -0.0801    0.2554    0.9635
...   124 T-A ...
    0.5165   87.2973  396.5000
   -0.6425   -0.7545    0.1339
    0.7598   -0.6046    0.2391
   -0.0994    0.2553    0.9617
...   125 A-T ...
    0.1551   88.0006  399.7452
   -0.0595   -0.9845    0.1648
    0.9893   -0.0362    0.1415
   -0.1333    0.1715    0.9761
...   126 G-C ...
   -0.4661   88.3212  403.0653
    0.4965   -0.8539    0.1563
    0.8627    0.5053    0.0197
   -0.0958    0.1250    0.9875
...   127 T-A ...
   -1.3098   88.4688  406.3960
    0.8754   -0.4651    0.1314
    0.4745    0.8789   -0.0500
   -0.0923    0.1061    0.9901
...   128 A-T ...
   -1.4624   88.8264  409.7135
    0.9908    0.1352   -0.0100
   -0.1355    0.9867   -0.0897
   -0.0022    0.0902    0.9959
...   129 T-A ...
   -1.2854   88.6041  413.1376
    0.7769    0.6289   -0.0318
   -0.6292    0.7733   -0.0780
   -0.0245    0.0806    0.9964
...   130 C-G ...
   -1.0935   89.1506  416.4483
    0.2785    0.9520   -0.1268
   -0.9598    0.2807   -0.0007
    0.0350    0.1219    0.9919
...   131 T-A ...
   -0.6618   89.5360  419.7915
   -0.2922    0.9443   -0.1515
   -0.9545   -0.2779    0.1085
    0.0604    0.1763    0.9825
...   132 G-C ...
   -0.7950   90.3053  423.0889
   -0.7901    0.5923   -0.1581
   -0.6130   -0.7625    0.2070
    0.0021    0.2605    0.9655
...   133 C-G ...
   -0.7817   91.2557  426.3333
   -0.9982    0.0553   -0.0243
   -0.0598   -0.9628    0.2635
   -0.0088    0.2644    0.9644
...   134 A-T ...
   -0.7826   91.9771  429.6442
   -0.8459   -0.5322    0.0354
    0.5221   -0.8126    0.2591
   -0.1091    0.2376    0.9652
...   135 G-C ...
   -1.4601   92.7642  432.8742
   -0.4173   -0.9018    0.1127
    0.9000   -0.3928    0.1890
   -0.1262    0.1803    0.9755
...   136 G-C ...
   -2.3371   93.3218  436.0206
    0.1516   -0.9795    0.1324
    0.9800    0.1664    0.1089
   -0.1287    0.1133    0.9852
...   137 T-A ...
   -3.3527   93.6318  439.2917
    0.6432   -0.7493    0.1577
    0.7542    0.6555    0.0384
   -0.1322    0.0943    0.9867
...   138 G-C ...
   -3.4222   93.9276  442.6666
    0.9683   -0.2440    0.0531
    0.2457    0.9690   -0.0272
   -0.0448    0.0394    0.9982
...   139 A-T ...
   -3.7298   94.0654  446.0107
    0.9362    0.3487   -0.0442
   -0.3508    0.9347   -0.0577
    0.0212    0.0696    0.9974
...   140 T-A ...
   -3.3611   93.8254  449.4183
    0.6192    0.7840   -0.0444
   -0.7852    0.6183   -0.0330
    0.0016    0.0553    0.9985
...   141 T-A ...
   -3.0851   93.9807  452.6801
    0.0514    0.9970   -0.0582
   -0.9980    0.0534    0.0333
    0.0363    0.0564    0.9978
...   142 C-G ...
   -2.9875   94.5577  455.9898
   -0.5297    0.8439   -0.0850
   -0.8470   -0.5210    0.1058
    0.0450    0.1281    0.9907
...   143 T-A ...
   -2.6078   95.2044  459.2987
   -0.9074    0.4162   -0.0583
   -0.4197   -0.8906    0.1749
    0.0209    0.1832    0.9829
...   144 C-G ...
   -2.9082   95.9385  462.5648
   -0.9840   -0.1779   -0.0034
    0.1727   -0.9597    0.2215
   -0.0427    0.2174    0.9752
...   145 C-G ...
   -3.3795   97.0111  465.6643
   -0.7245   -0.6868    0.0573
    0.6810   -0.7007    0.2126
   -0.1059    0.1930    0.9755
...   146 A-T ...
   -3.5879   97.5669  469.0005
   -0.1896   -0.9793    0.0716
    0.9696   -0.1752    0.1710
   -0.1549    0.1018    0.9827
...   147 G-C ...
   -4.3139   97.6755  472.3130
    0.3782   -0.9209    0.0940
    0.9174    0.3865    0.0953
   -0.1241    0.0502    0.9910
...   148 G-C ...
   -5.0181   97.4799  475.5450
    0.8252   -0.5611    0.0646
    0.5597    0.8277    0.0408
   -0.0764    0.0025    0.9971
...   149 G-C ...
   -5.3206   97.0236  478.8130
    0.9998   -0.0166    0.0099
    0.0164    0.9998    0.0113
   -0.0101   -0.0112    0.9999
...   150 C-G ...
   -5.3163   96.9242  482.1923
    0.8345    0.5510    0.0034
   -0.5510    0.8345    0.0072
    0.0011   -0.0079    1.0000
...   151 G-C ...
   -5.6739   97.3564  485.6837
    0.3609    0.9304   -0.0643
   -0.9314    0.3631    0.0266
    0.0481    0.0503    0.9976
...   152 G-C ...
   -5.0524   97.5738  488.9312
   -0.2106    0.9718   -0.1056
   -0.9765   -0.2040    0.0699
    0.0464    0.1178    0.9920
...   153 C-G ...
   -4.8442   98.0229  492.2755
   -0.7257    0.6855   -0.0587
   -0.6868   -0.7168    0.1207
    0.0407    0.1280    0.9909
...   154 C-G ...
   -4.6101   98.9260  495.4550
   -0.9840    0.1725   -0.0450
   -0.1775   -0.9712    0.1588
   -0.0163    0.1643    0.9863
...   155 A-T ...
   -4.6576   99.3023  498.8223
   -0.9010   -0.4317   -0.0435
    0.4172   -0.8896    0.1858
   -0.1189    0.1493    0.9816
...   156 G-C ...
   -5.3665   99.8300  502.0981
   -0.5198   -0.8543    0.0058
    0.8423   -0.5113    0.1705
   -0.1427    0.0935    0.9853
...   157 T-A ...
   -6.3322  100.4682  505.3366
   -0.0009   -0.9966    0.0820
    0.9875    0.0120    0.1571
   -0.1576    0.0812    0.9842
...   158 A-T ...
   -6.7830  100.6043  508.6433
    0.5950   -0.8004    0.0729
    0.7933    0.5994    0.1065
   -0.1289   -0.0055    0.9916
...   159 C-G ...
   -7.3472  100.0277  511.9866
    0.9241   -0.3689    0.0996
    0.3660    0.9295    0.0463
   -0.1097   -0.0063    0.9939
...   160 T-A ...
   -7.7721   99.6965  515.3364
    0.9780    0.1987    0.0636
   -0.2006    0.9794    0.0247
   -0.0573   -0.0369    0.9977
...   161 T-A ...
   -7.7689   99.3817  518.5984
    0.6823    0.7284    0.0632
   -0.7305    0.6827    0.0180
   -0.0301   -0.0585    0.9978
...   162 A-T ...
   -7.8320   99.3376  521.9376
    0.1201    0.9924   -0.0254
   -0.9927    0.1203    0.0056
    0.0086    0.0245    0.9997
...   163 C-G ...
   -7.3245   99.7350  525.3158
   -0.4167    0.9083   -0.0370
   -0.9090   -0.4165    0.0116
   -0.0049    0.0385    0.9992
...   164 A-T ...
   -7.4860   99.7552  528.7005
   -0.8589    0.4972   -0.1225
   -0.5066   -0.8600    0.0610
   -0.0750    0.1145    0.9906
...   165 T-A ...
   -7.5569  100.6720  532.0111
   -0.9986   -0.0178   -0.0500
    0.0122   -0.9939    0.1092
   -0.0516    0.1085    0.9928
...   166 G-C ...
   -7.9931  100.7630  535.3702
   -0.8008   -0.5941   -0.0761
    0.5798   -0.8008    0.1499
   -0.1500    0.0760    0.9858
...   167 C-G ...
   -8.5671  101.0451  538.6899
   -0.3318   -0.9433    0.0109
    0.9302   -0.3252    0.1701
   -0.1569    0.0665    0.9854
...   168 G-C ...
   -8.5561  101.1333  542.2251
    0.2780   -0.9599    0.0368
    0.9473    0.2803    0.1549
   -0.1590   -0.0083    0.9872
...   169 G-C ...
   -9.4091  100.7814  545.4075
    0.7602   -0.6478    0.0497
    0.6391    0.7594    0.1220
   -0.1167   -0.0610    0.9913
...   170 C-G ...
   -9.8126  100.5032  548.7526
    0.9895   -0.1051    0.0988
    0.0978    0.9923    0.0761
   -0.1060   -0.0656    0.9922
...   171 G-C ...
  -10.1732  100.8578  552.2525
    0.8691    0.4918    0.0535
   -0.4936    0.8693    0.0276
   -0.0330   -0.0504    0.9982
...   172 G-C ...
   -9.8881  100.4399  555.5272
    0.4582    0.8888   -0.0066
   -0.8888    0.4583    0.0063
    0.0087    0.0030    1.0000
...   173 A-T ...
   -9.9001  100.2979  558.8851
   -0.1311    0.9886   -0.0741
   -0.9914   -0.1311    0.0039
   -0.0059    0.0740    0.9972
...   174 C-G ...
   -9.5352  100.9715  562.2379
   -0.6297    0.7727   -0.0794
   -0.7765   -0.6291    0.0356
   -0.0224    0.0841    0.9962
...   175 A-T ...
   -9.7242  101.1136  565.6182
   -0.9548    0.2607   -0.1430
   -0.2765   -0.9553    0.1049
   -0.1093    0.1397    0.9841
...   176 G-C ...
  -10.3064  101.8051  568.8885
   -0.9429   -0.3101   -0.1217
    0.2902   -0.9440    0.1570
   -0.1635    0.1127    0.9801
...   177 G-C ...
  -11.1681  102.4978  572.0122
   -0.6179   -0.7821   -0.0810
    0.7564   -0.6194    0.2102
   -0.2146    0.0686    0.9743
...   178 A-T ...
  -11.8184  102.8689  575.2887
   -0.0602   -0.9980   -0.0172
    0.9749   -0.0624    0.2139
   -0.2145   -0.0039    0.9767
...   179 T-A ...
  -13.0888  102.7792  578.4799
    0.4486   -0.8858    0.1189
    0.8664    0.4637    0.1855
   -0.2194    0.0198    0.9754
...   180 G-C ...
  -13.4734  102.7360  581.8463
    0.8827   -0.4576    0.1068
    0.4462    0.8875    0.1152
   -0.1475   -0.0540    0.9876
...   181 T-A ...
  -14.2567  102.0426  585.1225
    0.9875    0.0746    0.1391
   -0.0833    0.9949    0.0572
   -0.1341   -0.0681    0.9886
...   182 A-T ...
  -14.5762  101.9012  588.4443
    0.7557    0.6522    0.0595
   -0.6530    0.7573   -0.0077
   -0.0500   -0.0330    0.9982
...   183 A-T ...
  -14.6207  101.6865  591.7140
    0.2406    0.9704    0.0218
   -0.9681    0.2415   -0.0672
   -0.0704   -0.0049    0.9975
...   184 C-G ...
  -14.3475  101.9228  595.1342
   -0.2996    0.9534   -0.0348
   -0.9505   -0.3015   -0.0751
   -0.0821    0.0106    0.9966
...   185 C-G ...
  -14.2917  102.3357  598.4214
   -0.7647    0.6306   -0.1324
   -0.6342   -0.7729   -0.0180
   -0.1137    0.0702    0.9910
...   186 T-A ...
  -14.5286  102.8511  601.7666
   -0.9808    0.1028   -0.1656
   -0.1200   -0.9880    0.0970
   -0.1536    0.1150    0.9814
...   187 G-C ...
  -15.3392  102.9978  605.0535
   -0.8520   -0.4931   -0.1760
    0.4581   -0.8648    0.2056
   -0.2536    0.0946    0.9627
...   188 C-G ...
  -16.2581  103.3507  608.2877
   -0.4416   -0.8963   -0.0399
    0.8582   -0.4350    0.2724
   -0.2616    0.0861    0.9613
...   189 A-T ...
  -16.9730  103.6002  611.5906
    0.1576   -0.9871    0.0281
    0.9481    0.1592    0.2753
   -0.2762   -0.0167    0.9610
...   190 G-C ...
  -18.0122  103.2539  614.8018
    0.6644   -0.7384    0.1157
    0.7110    0.6721    0.2066
   -0.2303   -0.0550    0.9716
...   191 A-T ...
  -18.9110  103.1607  618.0391
    0.9655   -0.2184    0.1420
    0.2057    0.9736    0.0986
   -0.1598   -0.0660    0.9849
...   192 T-A ...
  -19.4588  102.3769  621.3393
    0.9283    0.3162    0.1955
   -0.3232    0.9463    0.0043
   -0.1837   -0.0672    0.9807
...   193 A-T ...
  -19.9698  102.2676  624.6383
    0.5711    0.8175    0.0743
   -0.8133    0.5757   -0.0839
   -0.1113   -0.0125    0.9937
...   194 C-G ...
  -19.7808  102.2756  628.0722
    0.0637    0.9980    0.0013
   -0.9911    0.0634   -0.1167
   -0.1166    0.0062    0.9932
...   195 T-A ...
  -19.8650  102.3400  631.4634
   -0.4821    0.8695   -0.1076
   -0.8700   -0.4897   -0.0584
   -0.1035    0.0655    0.9925
...   196 A-T ...
  -20.3420  102.6395  634.7557
   -0.8910    0.4040   -0.2072
   -0.4212   -0.9059    0.0445
   -0.1697    0.1269    0.9773
...   197 C-G ...
  -21.0628  103.6151  637.9739
   -0.9764   -0.1314   -0.1713
    0.1079   -0.9843    0.1400
   -0.1870    0.1182    0.9752
...   198 C-G ...
  -21.9772  104.3853  641.0643
   -0.7446   -0.6552   -0.1275
    0.6189   -0.7492    0.2360
   -0.2501    0.0968    0.9634
...   199 A-T ...
  -22.6839  104.6057  644.3710
   -0.2272   -0.9717   -0.0642
    0.9257   -0.2359    0.2956
   -0.3024    0.0077    0.9532
...   200 A-T ...
  -23.8252  104.6482  647.4426
    0.3561   -0.9294    0.0970
    0.8943    0.3691    0.2528
   -0.2708   -0.0033    0.9626
...   201 A-T ...
  -24.8460  104.5597  650.5555
    0.8132   -0.5451    0.2037
    0.5308    0.8383    0.1245
   -0.2386    0.0068    0.9711
...   202 A-T ...
  -25.6944  104.4377  653.7185
    0.9755    0.0392    0.2164
   -0.0309    0.9986   -0.0420
   -0.2178    0.0342    0.9754
...   203 G-C ...
  -26.1634  104.4077  657.0787
    0.8126    0.5742    0.0997
   -0.5561    0.8152   -0.1621
   -0.1744    0.0763    0.9817
...   204 T-A ...
  -26.4473  104.1731  660.4981
    0.4040    0.9147   -0.0118
   -0.9014    0.3959   -0.1755
   -0.1559    0.0815    0.9844
...   205 G-C ...
  -27.1092  104.7983  663.7620
   -0.1716    0.9631   -0.2071
   -0.9748   -0.1964   -0.1056
   -0.1424    0.1838    0.9726
...   206 T-A ...
  -27.0145  105.5130  667.1248
   -0.6542    0.7160   -0.2437
   -0.7434   -0.6681    0.0329
   -0.1392    0.2027    0.9693
...   207 A-T ...
  -27.6245  106.2358  670.3282
   -0.9515    0.1637   -0.2606
   -0.2186   -0.9556    0.1977
   -0.2167    0.2451    0.9450
...   208 T-A ...
  -28.3443  107.6107  673.3937
   -0.9318   -0.3494   -0.0983
    0.3074   -0.9037    0.2980
   -0.1929    0.2474    0.9495
...   209 T-A ...
  -29.1824  108.5735  676.4120
   -0.5821   -0.8082    0.0893
    0.7823   -0.5267    0.3327
   -0.2218    0.2635    0.9388
...   210 T-A ...
  -30.1716  109.4347  679.4152
   -0.0221   -0.9647    0.2624
    0.9666    0.0464    0.2522
   -0.2555    0.2592    0.9314
...   211 G-C ...
  -30.7759  110.0636  682.6896
    0.5604   -0.7843    0.2662
    0.7965    0.5984    0.0863
   -0.2270    0.1636    0.9601
...   212 G-C ...
  -31.7280  110.1821  685.8612
    0.9181   -0.3389    0.2055
    0.3576    0.9319   -0.0612
   -0.1708    0.1297    0.9767
...   213 A-T ...
  -32.4546  110.6389  689.1108
    0.9679    0.2433    0.0629
   -0.2296    0.9579   -0.1726
   -0.1022    0.1526    0.9830
...   214 A-T ...
  -32.7327  110.9915  692.3570
    0.6595    0.7484   -0.0704
   -0.7440    0.6365   -0.2032
   -0.1073    0.1864    0.9766
...   215 A-T ...
  -32.9522  111.5162  695.5844
    0.1108    0.9742   -0.1967
   -0.9852    0.0815   -0.1510
   -0.1311    0.2105    0.9688
...   216 C-G ...
  -32.9253  112.5542  698.8630
   -0.4181    0.8691   -0.2643
   -0.8968   -0.4412   -0.0322
   -0.1446    0.2236    0.9639
...   217 T-A ...
  -33.1635  113.5006  702.1126
   -0.8326    0.4765   -0.2824
   -0.5299   -0.8336    0.1558
   -0.1612    0.2794    0.9466
...   218 G-C ...
  -34.0714  114.3420  705.2669
   -0.9652   -0.1168   -0.2341
    0.0371   -0.9468    0.3196
   -0.2590    0.2998    0.9182
...   219 C-G ...
  -34.9871  115.4084  708.3416
   -0.7727   -0.6344   -0.0230
    0.5747   -0.7144    0.3991
   -0.2696    0.2952    0.9166
...   220 T-A ...
  -36.1239  116.5858  711.3137
   -0.3208   -0.9340    0.1570
    0.8912   -0.2416    0.3840
   -0.3207    0.2631    0.9099
...   221 C-G ...
  -37.2801  117.0914  714.4288
    0.2641   -0.9178    0.2964
    0.8997    0.3452    0.2673
   -0.3476    0.1961    0.9169
...   222 C-G ...
  -38.7312  117.3464  717.3968
    0.7341   -0.5899    0.3363
    0.6000    0.7954    0.0856
   -0.3180    0.1389    0.9379
...   223 A-T ...
  -39.7296  117.9811  720.5721
    0.9725   -0.0388    0.2298
    0.0618    0.9937   -0.0938
   -0.2247    0.1055    0.9687
...   224 T-A ...
  -40.4173  117.7874  723.9329
    0.8582    0.4841    0.1705
   -0.4495    0.8693   -0.2056
   -0.2477    0.0998    0.9637
...   225 C-G ...
  -40.9312  118.3462  727.2071
    0.4604    0.8871   -0.0322
   -0.8687    0.4428   -0.2220
   -0.1827    0.1301    0.9745
...   226 A-T ...
  -41.7221  118.8301  730.4663
   -0.1043    0.9627   -0.2498
   -0.9809   -0.1410   -0.1339
   -0.1642    0.2311    0.9590
...   227 A-T ...
  -42.1061  119.6289  733.6213
   -0.6480    0.6989   -0.3027
   -0.7354   -0.6776    0.0097
   -0.1983    0.2289    0.9530
...   228 A-T ...
  -42.6520  120.5000  736.7330
   -0.9491    0.1738   -0.2627
   -0.2199   -0.9627    0.1575
   -0.2255    0.2073    0.9519
...   229 A-T ...
  -43.3751  121.3349  739.8184
   -0.8964   -0.4189   -0.1447
    0.3752   -0.8911    0.2551
   -0.2358    0.1743    0.9560
...   230 G-C ...
  -44.4711  121.9509  742.9697
   -0.5318   -0.8459   -0.0397
    0.8057   -0.5198    0.2839
   -0.2608    0.1191    0.9580
...   231 G-C ...
  -45.7757  122.3724  745.9864
    0.0134   -0.9982    0.0583
    0.9620    0.0288    0.2714
   -0.2726    0.0524    0.9607
...   232 C-G ...
  -46.7552  122.5083  749.2192
    0.5573   -0.8081    0.1906
    0.7855    0.5876    0.1944
   -0.2691    0.0414    0.9622
...   233 A-T ...
  -47.5483  122.7848  752.5020
    0.9299   -0.3257    0.1711
    0.3165    0.9453    0.0794
   -0.1876   -0.0197    0.9821
...   234 T-A ...
  -48.2551  122.1615  755.8062
    0.9546    0.2108    0.2103
   -0.2099    0.9774   -0.0271
   -0.2113   -0.0183    0.9773
...   235 G-C ...
  -48.7695  122.4211  759.1454
    0.6778    0.7328    0.0594
   -0.7250    0.6797   -0.1113
   -0.1219    0.0324    0.9920
...   236 T-A ...
  -48.7731  122.1136  762.5708
    0.2002    0.9796   -0.0197
   -0.9741    0.1968   -0.1110
   -0.1048    0.0414    0.9936
...   237 T-A ...
  -48.8633  122.3488  765.8382
   -0.3994    0.9130   -0.0831
   -0.9137   -0.4038   -0.0447
   -0.0744    0.0581    0.9955
...   238 C-G ...
  -49.3062  122.8791  769.1275
   -0.8446    0.5140   -0.1498
   -0.5263   -0.8485    0.0559
   -0.0984    0.1260    0.9871
...   239 A-T ...
  -49.6992  123.1344  772.4835
   -0.9790   -0.0796   -0.1878
    0.0492   -0.9856    0.1615
   -0.1980    0.1489    0.9688
...   240 G-C ...
  -50.6387  123.7702  775.6811
   -0.7806   -0.6119   -0.1274
    0.5771   -0.7839    0.2290
   -0.2400    0.1052    0.9651
...   241 C-G ...
  -51.5160  124.1494  778.9239
   -0.3156   -0.9488    0.0133
    0.9162   -0.3011    0.2643
   -0.2467    0.0956    0.9644
...   242 T-A ...
  -52.6521  124.5054  782.1011
    0.2469   -0.9626    0.1116
    0.9296    0.2678    0.2531
   -0.2736    0.0413    0.9610
...   243 G-C ...
  -53.2555  124.4609  785.4352
    0.7601   -0.6344    0.1410
    0.6117    0.7717    0.1743
   -0.2194   -0.0462    0.9745
...   244 G-C ...
  -54.0629  123.8520  788.5907
    0.9834   -0.1051    0.1482
    0.0938    0.9923    0.0811
   -0.1555   -0.0658    0.9856
...   245 A-T ...
  -54.7395  123.6145  791.8743
    0.8701    0.4834    0.0962
   -0.4836    0.8750   -0.0231
   -0.0953   -0.0264    0.9951
...   246 T-A ...
  -54.6998  123.0969  795.2708
    0.4912    0.8660    0.0935
   -0.8638    0.4981   -0.0761
   -0.1125   -0.0434    0.9927
...   247 T-A ...
  -54.7972  122.9694  798.5440
   -0.0982    0.9947    0.0295
   -0.9921   -0.0955   -0.0817
   -0.0785   -0.0373    0.9962
...   248 C-G ...
  -55.1404  123.2264  801.8775
   -0.6423    0.7624   -0.0787
   -0.7622   -0.6461   -0.0386
   -0.0803    0.0353    0.9961
...   249 C-G ...
  -55.2486  123.8161  805.1364
   -0.9480    0.2811   -0.1491
   -0.2894   -0.9565    0.0365
   -0.1324    0.0778    0.9881
...   250 A-T ...
  -55.7103  123.8981  808.4923
   -0.9242   -0.3263   -0.1984
    0.3015   -0.9423    0.1453
   -0.2344    0.0745    0.9693
...   251 G-C ...
  -56.7975  124.2095  811.6912
   -0.5953   -0.7903   -0.1452
    0.7590   -0.6124    0.2212
   -0.2637    0.0215    0.9644
...   252 C-G ...
  -57.7586  124.2882  814.9315
   -0.0597   -0.9982   -0.0057
    0.9617   -0.0591    0.2678
   -0.2677    0.0105    0.9634
...   253 T-A ...
  -58.9633  124.2789  818.1033
    0.4868   -0.8680    0.0977
    0.8276    0.4941    0.2664
   -0.2796   -0.0489    0.9589
...   254 G-C ...
  -59.5507  124.0174  821.4303
    0.8975   -0.4190    0.1375
    0.3906    0.9001    0.1931
   -0.2047   -0.1196    0.9715
...   255 A-T ...
  -60.3889  123.6505  824.6644
    0.9722    0.1776    0.1523
   -0.1906    0.9788    0.0751
   -0.1357   -0.1020    0.9855
...   256 A-T ...
  -60.7826  123.1649  827.8813
    0.6863    0.7126    0.1456
   -0.7138    0.6983   -0.0529
   -0.1394   -0.0676    0.9879
...   257 C-G ...
  -60.6896  122.8938  831.3085
    0.2144    0.9736    0.0783
   -0.9664    0.2231   -0.1276
   -0.1417   -0.0483    0.9887
...   258 A-T ...
  -61.3494  122.7313  834.6282
   -0.3644    0.9250   -0.1073
   -0.9189   -0.3759   -0.1194
   -0.1507    0.0551    0.9870
...   259 T-A ...
  -61.3950  123.2276  838.0278
   -0.7912    0.5974   -0.1305
   -0.5962   -0.8011   -0.0530
   -0.1362    0.0359    0.9900
...   260 G-C ...
  -62.2256  123.2902  841.3124
   -0.9719    0.0243   -0.2342
   -0.0401   -0.9972    0.0630
   -0.2320    0.0706    0.9702
...   261 C-G ...
  -63.0457  123.5906  844.5784
   -0.8221   -0.5438   -0.1685
    0.5149   -0.8365    0.1876
   -0.2430    0.0674    0.9677
...   262 C-G ...
  -64.2757  124.0235  847.6246
   -0.3897   -0.9156   -0.0987
    0.8739   -0.4015    0.2741
   -0.2906    0.0206    0.9566
...   263 T-A ...
  -65.5517  124.1591  850.7655
    0.1638   -0.9862    0.0236
    0.9327    0.1626    0.3220
   -0.3214   -0.0307    0.9464
...   264 T-A ...
  -66.7902  123.8758  853.7863
    0.6737   -0.7107    0.2027
    0.6549    0.7012    0.2818
   -0.3424   -0.0571    0.9378
...   265 T-A ...
  -67.9583  123.4241  856.8147
    0.9293   -0.1744    0.3256
    0.1331    0.9804    0.1452
   -0.3445   -0.0916    0.9343
...   266 T-A ...
  -68.9763  122.8753  859.8810
    0.8363    0.4247    0.3469
   -0.4401    0.8972   -0.0373
   -0.3270   -0.1215    0.9372
...   267 G-C ...
  -69.9744  122.8224  863.1188
    0.4611    0.8712    0.1686
   -0.8497    0.4883   -0.1990
   -0.2557   -0.0515    0.9654
...   268 A-T ...
  -70.8758  122.4993  866.3405
   -0.0874    0.9952   -0.0450
   -0.9595   -0.0962   -0.2646
   -0.2677    0.0200    0.9633
...   269 T-A ...
  -71.2647  122.7306  869.7465
   -0.5781    0.8015   -0.1530
   -0.7737   -0.5980   -0.2093
   -0.2593   -0.0026    0.9658
...   270 G-C ...
  -72.5013  122.7729  872.9011
   -0.8879    0.3105   -0.3396
   -0.3115   -0.9488   -0.0530
   -0.3387    0.0587    0.9391
...   271 G-C ...
  -73.6767  123.4255  875.9296
   -0.8890   -0.2630   -0.3750
    0.2204   -0.9633    0.1531
   -0.4015    0.0534    0.9143
...   272 A-T ...
  -74.8950  123.6771  879.0519
   -0.5737   -0.7675   -0.2862
    0.6905   -0.6411    0.3351
   -0.4406   -0.0054    0.8977
...   273 G-C ...
  -76.6457  123.5532  881.9556
   -0.0779   -0.9908   -0.1110
    0.8956   -0.1185    0.4287
   -0.4379   -0.0661    0.8966
...   274 C-G ...
  -78.1836  123.2980  884.9555
    0.4463   -0.8838    0.1404
    0.7817    0.4614    0.4196
   -0.4357   -0.0775    0.8968
...   275 A-T ...
  -79.5365  123.1527  888.0589
    0.8538   -0.4477    0.2656
    0.3718    0.8816    0.2907
   -0.3643   -0.1495    0.9192
...   276 G-C ...
  -80.5962  122.3896  891.1904
    0.9387    0.1141    0.3253
   -0.1509    0.9844    0.0903
   -0.3099   -0.1339    0.9413
...   277 T-A ...
  -81.5804  121.3547  894.3189
    0.7250    0.6135    0.3129
   -0.6239    0.7775   -0.0788
   -0.2917   -0.1381    0.9465
...   278 T-A ...
  -82.2832  120.8168  897.4743
    0.2318    0.9505    0.2071
   -0.9377    0.2749   -0.2123
   -0.2587   -0.1450    0.9550
...   279 T-A ...
  -82.8796  120.4212  900.6723
   -0.3522    0.9349    0.0435
   -0.9076   -0.3298   -0.2597
   -0.2284   -0.1309    0.9647
...   280 C-G ...
  -83.8182  120.3322  903.8984
   -0.7937    0.5849   -0.1671
   -0.5552   -0.8088   -0.1941
   -0.2487   -0.0613    0.9667
...   281 C-G ...
  -84.6055  120.6281  907.1034
   -0.9507    0.0501   -0.3061
   -0.0377   -0.9982   -0.0462
   -0.3078   -0.0324    0.9509
...   282 A-T ...
  -85.6160  120.3392  910.3249
   -0.7650   -0.5273   -0.3698
    0.5039   -0.8476    0.1662
   -0.4011   -0.0592    0.9141
...   283 A-T ...
  -87.0248  120.2689  913.2829
   -0.3242   -0.9185   -0.2262
    0.8638   -0.3849    0.3250
   -0.3856   -0.0900    0.9182
...   284 A-T ...
  -88.4308  120.0161  916.2322
    0.2430   -0.9699   -0.0174
    0.9022    0.2194    0.3715
   -0.3564   -0.1060    0.9283
...   285 T-A ...
  -90.1087  119.4284  919.1725
    0.6669   -0.7180    0.1993
    0.6480    0.6908    0.3207
   -0.3679   -0.0847    0.9260
...   286 A-T ...
  -91.1961  119.1006  922.3136
    0.9495   -0.1622    0.2685
    0.1197    0.9785    0.1678
   -0.2899   -0.1272    0.9486
...   287 C-G ...
  -91.8808  118.1816  925.5562
    0.8772    0.3755    0.2992
   -0.3926    0.9197   -0.0035
   -0.2764   -0.1144    0.9542
...   288 A-T ...
  -92.9208  117.9431  928.7724
    0.5168    0.8434    0.1470
   -0.8321    0.5352   -0.1451
   -0.2010   -0.0473    0.9784
...   289 C-G ...
  -93.0478  117.8604  932.2082
    0.0093    0.9995    0.0315
   -0.9783    0.0156   -0.2068
   -0.2072   -0.0289    0.9779
...   290 T-A ...
  -93.4455  117.8212  935.5775
   -0.5166    0.8462   -0.1308
   -0.8332   -0.5320   -0.1510
   -0.1973    0.0310    0.9798
...   291 T-A ...
  -93.9761  118.1690  938.7926
   -0.9026    0.3829   -0.1969
   -0.3880   -0.9216   -0.0137
   -0.1866    0.0640    0.9803
...   292 T-A ...
  -94.6306  118.6453  941.9682
   -0.9602   -0.2204   -0.1714
    0.1984   -0.9706    0.1365
   -0.1964    0.0971    0.9757
...   293 T-A ...
  -95.4593  119.1513  945.0981
   -0.6683   -0.7412   -0.0638
    0.7097   -0.6609    0.2441
   -0.2231    0.1179    0.9677
...   294 G-C ...
  -96.1957  119.1719  948.4057
   -0.1158   -0.9932   -0.0076
    0.9568   -0.1136    0.2675
   -0.2665    0.0237    0.9635
...   295 G-C ...
  -97.4911  119.0805  951.4542
    0.4437   -0.8930    0.0757
    0.8611    0.4482    0.2402
   -0.2484   -0.0414    0.9678
...   296 T-A ...
  -98.8496  118.6986  954.5905
    0.8314   -0.5263    0.1782
    0.4983    0.8481    0.1798
   -0.2458   -0.0606    0.9674
...   297 A-T ...
  -99.5186  118.4892  957.8562
    0.9829    0.0824    0.1649
   -0.0947    0.9932    0.0676
   -0.1583   -0.0820    0.9840
...   298 G-C ...
  -99.7746  118.0787  961.2144
    0.7805    0.6144    0.1158
   -0.6141    0.7881   -0.0423
   -0.1172   -0.0381    0.9924
...   299 T-A ...
  -99.8300  117.4717  964.5992
    0.3456    0.9362    0.0644
   -0.9332    0.3501   -0.0816
   -0.0990   -0.0319    0.9946
...   300 A-T ...
 -100.1841  117.5194  967.9201
   -0.2638    0.9610   -0.0829
   -0.9599   -0.2700   -0.0756
   -0.0950    0.0596    0.9937
...   301 T-A ...
 -100.0071  117.9769  971.3209
   -0.7251    0.6832   -0.0868
   -0.6837   -0.7292   -0.0282
   -0.0826    0.0389    0.9958
...   302 C-G ...
 -100.5936  118.3399  974.6103
   -0.9795    0.1411   -0.1434
   -0.1525   -0.9857    0.0716
   -0.1313    0.0920    0.9871
...   303 T-A ...
 -101.0520  118.9636  977.9138
   -0.8970   -0.4239   -0.1257
    0.4000   -0.8991    0.1779
   -0.1884    0.1093    0.9760
...   304 G-C ...
 -101.8166  118.9750  981.2149
   -0.4827   -0.8704   -0.0968
    0.8350   -0.4907    0.2490
   -0.2642    0.0394    0.9637
...   305 C-G ...
 -102.7797  119.1035  984.4530
    0.0761   -0.9958    0.0500
    0.9608    0.0867    0.2634
   -0.2667    0.0279    0.9634
...   306 A-T ...
 -103.5142  119.2530  987.7576
    0.6382   -0.7639    0.0959
    0.7356    0.6418    0.2165
   -0.2270   -0.0676    0.9716
...   307 G-C ...
 -104.2248  118.7190  991.0320
    0.9480   -0.2859    0.1398
    0.2703    0.9552    0.1203
   -0.1679   -0.0762    0.9829
...   308 G-C ...
 -104.6812  118.0117  994.2369
    0.9504    0.2882    0.1171
   -0.2941    0.9551    0.0366
   -0.1013   -0.0692    0.9925
...   309 T-A ...
 -104.8747  117.2091  997.5755
    0.6576    0.7458    0.1067
   -0.7489    0.6625   -0.0151
   -0.0819   -0.0700    0.9942
...   310 G-C ...
 -105.1787  117.3513 1000.9474
    0.1147    0.9932   -0.0198
   -0.9926    0.1138   -0.0416
   -0.0391    0.0244    0.9989
...   311 A-T ...
 -105.2947  117.2765 1004.3055
   -0.4681    0.8765   -0.1121
   -0.8803   -0.4737   -0.0280
   -0.0776    0.0856    0.9933
...   312 T-A ...
 -105.1253  117.9247 1007.6755
   -0.8581    0.5060   -0.0871
   -0.5099   -0.8598    0.0277
   -0.0609    0.0682    0.9958
...   313 T-A ...
 -105.3347  118.4186 1010.9084
   -0.9948   -0.0843   -0.0580
    0.0777   -0.9912    0.1074
   -0.0665    0.1023    0.9925
...   314 C-G ...
 -105.9390  118.6842 1014.2040
   -0.7667   -0.6406   -0.0423
    0.6269   -0.7612    0.1663
   -0.1387    0.1010    0.9852
...   315 T-A ...
 -106.6493  119.2197 1017.4782
   -0.2933   -0.9560    0.0107
    0.9369   -0.2852    0.2021
   -0.1902    0.0693    0.9793
...   316 C-G ...
 -107.3571  119.0681 1020.7603
    0.3053   -0.9497    0.0689
    0.9275    0.3130    0.2044
   -0.2157    0.0015    0.9765
...   317 C-G ...
 -108.3768  118.6908 1023.8904
    0.7755   -0.6220    0.1082
    0.6041    0.7809    0.1588
   -0.1832   -0.0578    0.9814
...   318 A-T ...
 -108.9203  118.6588 1027.2349
    0.9952   -0.0537    0.0817
    0.0456    0.9941    0.0980
   -0.0865   -0.0938    0.9918
...   319 G-C ...
 -108.9523  118.1719 1030.5926
    0.8628    0.5017    0.0621
   -0.5040    0.8633    0.0285
   -0.0393   -0.0559    0.9977
...   320 G-C ...
 -108.6851  117.7405 1033.8671
    0.4478    0.8942    0.0011
   -0.8942    0.4478    0.0024
    0.0017   -0.0021    1.0000
...   321 G-C ...
 -108.2124  117.7431 1037.1467
   -0.1147    0.9913   -0.0643
   -0.9934   -0.1140    0.0139
    0.0065    0.0654    0.9978
...   322 C-G ...
 -108.1344  118.0105 1040.5160
   -0.6556    0.7530   -0.0563
   -0.7551   -0.6536    0.0512
    0.0018    0.0761    0.9971
...   323 G-C ...
 -108.5365  117.8586 1044.0260
   -0.9693    0.2300   -0.0873
   -0.2381   -0.9664    0.0969
   -0.0621    0.1148    0.9915
...   324 G-C ...
 -108.8527  118.6848 1047.2193
   -0.9352   -0.3435   -0.0859
    0.3298   -0.9334    0.1413
   -0.1287    0.1038    0.9862
...   325 C-G ...
 -109.3449  119.0792 1050.5406
   -0.5841   -0.8117   -0.0021
    0.7999   -0.5760    0.1686
   -0.1380    0.0968    0.9857
...   326 C-G ...
 -110.2896  119.4275 1053.6975
   -0.0418   -0.9987    0.0288
    0.9852   -0.0364    0.1678
   -0.1665    0.0353    0.9854
...   327 A-T ...
 -110.6763  119.5803 1057.0605
    0.5463   -0.8373    0.0218
    0.8261    0.5429    0.1509
   -0.1382   -0.0645    0.9883
...   328 G-C ...
 -111.1258  119.0527 1060.3818
    0.9150   -0.4014    0.0410
    0.3955    0.9124    0.1056
   -0.0798   -0.0804    0.9936
...   329 T-A ...
 -111.6511  118.2539 1063.6854
    0.9876    0.1359    0.0780
   -0.1423    0.9863    0.0835
   -0.0656   -0.0936    0.9934
...   330 A-T ...
 -111.7464  118.0351 1067.0170
    0.7151    0.6986    0.0255
   -0.6988    0.7136    0.0497
    0.0165   -0.0534    0.9984
...   331 C-G ...
 -111.1206  117.8003 1070.3906
    0.2440    0.9693    0.0294
   -0.9697    0.2434    0.0226
    0.0148   -0.0340    0.9993
...   332 T-A ...
 -110.7563  117.6716 1073.7614
   -0.3255    0.9455   -0.0083
   -0.9448   -0.3249    0.0433
    0.0382    0.0220    0.9990
...   333 T-A ...
 -110.4639  117.9574 1077.0129
   -0.8119    0.5836    0.0153
   -0.5812   -0.8104    0.0747
    0.0560    0.0518    0.9971
...   334 A-T ...
 -110.4317  118.1479 1080.3475
   -0.9994   -0.0133   -0.0304
    0.0109   -0.9968    0.0796
   -0.0314    0.0793    0.9964
...   335 C-G ...
 -110.9121  118.8475 1083.6803
   -0.8456   -0.5338   -0.0025
    0.5320   -0.8432    0.0774
   -0.0434    0.0641    0.9970
...   336 A-T ...
 -110.9309  118.9355 1087.0676
   -0.3796   -0.9234   -0.0566
    0.9186   -0.3835    0.0951
   -0.1095   -0.0159    0.9939
...   337 T-A ...
 -111.8500  118.9902 1090.3779
    0.1488   -0.9886    0.0241
    0.9831    0.1505    0.1042
   -0.1066    0.0082    0.9943
...   338 G-C ...
 -111.9029  118.7956 1093.7605
    0.6943   -0.7194   -0.0188
    0.7170    0.6893    0.1034
   -0.0615   -0.0853    0.9945
...   339 C-G ...
 -112.1269  118.4368 1097.1147
    0.9786   -0.2035    0.0318
    0.1995    0.9748    0.0994
   -0.0512   -0.0909    0.9945
...   340 G-C ...
 -112.2366  118.6977 1100.6396
    0.9149    0.4035    0.0123
   -0.4030    0.9112    0.0854
    0.0232   -0.0831    0.9963
...   341 G-C ...
 -111.7947  118.1360 1103.8751
    0.5422    0.8402   -0.0093
   -0.8373    0.5413    0.0772
    0.0699   -0.0341    0.9970
...   342 C-G ...
 -111.4858  118.0212 1107.2398
   -0.0261    0.9994    0.0248
   -0.9970   -0.0278    0.0724
    0.0731   -0.0228    0.9971
...   343 G-C ...
 -111.8107  117.8771 1110.7581
   -0.6017    0.7986   -0.0091
   -0.7972   -0.5999    0.0675
    0.0484    0.0479    0.9977
...   344 G-C ...
 -111.4531  118.4561 1114.0010
   -0.9411    0.3360   -0.0371
   -0.3378   -0.9383    0.0740
   -0.0100    0.0822    0.9966
...   345 A-T ...
 -111.3306  118.7113 1117.3501
   -0.9624   -0.2647   -0.0604
    0.2599   -0.9626    0.0768
   -0.0785    0.0583    0.9952
...   346 C-G ...
 -112.0659  119.2318 1120.6691
   -0.6830   -0.7298   -0.0295
    0.7253   -0.6825    0.0907
   -0.0863    0.0405    0.9954
...   347 A-T ...
 -112.2020  119.2765 1124.0547
   -0.1324   -0.9887   -0.0708
    0.9826   -0.1403    0.1214
   -0.1300   -0.0535    0.9901
...   348 G-C ...
 -112.8304  118.8521 1127.3618
    0.4317   -0.9005   -0.0526
    0.8969    0.4223    0.1314
   -0.0961   -0.1039    0.9899
...   349 G-C ...
 -113.4226  118.1406 1130.5434
    0.8568   -0.5143   -0.0380
    0.5137    0.8446    0.1512
   -0.0456   -0.1490    0.9878
...   350 A-T ...
 -113.7246  117.6915 1133.8605
    0.9974    0.0701   -0.0166
   -0.0671    0.9878    0.1408
    0.0262   -0.1393    0.9899
...   351 T-A ...
 -113.4880  116.6835 1137.1367
    0.8186    0.5685    0.0819
   -0.5743    0.8094    0.1225
    0.0034   -0.1473    0.9891
...   352 G-C ...
 -113.4147  116.5581 1140.5222
    0.3373    0.9406    0.0393
   -0.9390    0.3332    0.0852
    0.0670   -0.0656    0.9956
...   353 T-A ...
 -112.6439  116.1170 1143.8447
   -0.2042    0.9767    0.0658
   -0.9757   -0.2086    0.0671
    0.0793   -0.0505    0.9956
...   354 A-T ...
 -112.4815  116.0655 1147.1805
   -0.7460    0.6659    0.0058
   -0.6651   -0.7455    0.0437
    0.0334    0.0287    0.9990
...   355 A-T ...
 -112.2821  116.2916 1150.4437
   -0.9937    0.1122    0.0076
   -0.1121   -0.9937    0.0057
    0.0082    0.0048    1.0000
...   356 C-G ...
 -112.5724  116.7838 1153.8351
   -0.9057   -0.4238   -0.0088
    0.4239   -0.9057   -0.0055
   -0.0056   -0.0088    0.9999
...   357 C-G ...
 -113.0083  117.0280 1157.1107
   -0.5241   -0.8485   -0.0729
    0.8495   -0.5270    0.0261
   -0.0606   -0.0483    0.9970
...   358 T-A ...
 -113.5081  116.9738 1160.4662
    0.0276   -0.9954   -0.0920
    0.9946    0.0182    0.1018
   -0.0997   -0.0943    0.9905
...   359 G-C ...
 -113.5666  116.3964 1163.8047
    0.6016   -0.7906   -0.1143
    0.7961    0.5815    0.1678
   -0.0662   -0.1919    0.9792
...   360 C-G ...
 -113.8151  115.6810 1167.0995
    0.9467   -0.3220   -0.0105
    0.3171    0.9257    0.2064
   -0.0567   -0.1987    0.9784
...   361 A-T ...
 -113.9882  115.1859 1170.4472
    0.9577    0.2873    0.0126
   -0.2837    0.9368    0.2048
    0.0471   -0.1998    0.9787
...   362 G-C ...
 -113.5276  114.4416 1173.7253
    0.6442    0.7622    0.0632
   -0.7607    0.6301    0.1559
    0.0790   -0.1485    0.9857
...   363 A-T ...
 -113.3365  113.8047 1177.0198
    0.0891    0.9936    0.0692
   -0.9928    0.0830    0.0868
    0.0805   -0.0765    0.9938
...   364 T-A ...
 -112.5071  113.6102 1180.3485
   -0.4363    0.8907    0.1274
   -0.8958   -0.4433    0.0319
    0.0849   -0.1002    0.9913
...   365 A-T ...
 -112.3513  113.3635 1183.6759
   -0.8858    0.4628    0.0349
   -0.4637   -0.8858   -0.0211
    0.0211   -0.0349    0.9992
...   366 C-G ...
 -112.4042  113.8033 1187.0864
   -0.9977   -0.0678    0.0004
    0.0677   -0.9968   -0.0427
    0.0033   -0.0426    0.9991
...   367 T-A ...
 -112.4770  113.9627 1190.4747
   -0.7981   -0.5986   -0.0682
    0.5998   -0.8001    0.0043
   -0.0572   -0.0375    0.9977
...   368 A-T ...
 -112.7309  113.6954 1193.7945
   -0.2825   -0.9491   -0.1390
    0.9530   -0.2943    0.0721
   -0.1093   -0.1121    0.9877
...   369 C-G ...
 -113.6226  113.0930 1197.0609
    0.2593   -0.9607   -0.0989
    0.9608    0.2461    0.1278
   -0.0984   -0.1282    0.9869
...   370 C-G ...
 -114.2844  112.3167 1200.2136
    0.7479   -0.6596   -0.0744
    0.6602    0.7276    0.1866
   -0.0689   -0.1887    0.9796
...   371 A-T ...
 -114.4299  111.8338 1203.5644
    0.9935   -0.1019   -0.0509
    0.1108    0.9680    0.2252
    0.0264   -0.2294    0.9730
...   372 A-T ...
 -114.3406  110.9272 1206.7123
    0.8741    0.4811    0.0668
   -0.4846    0.8545    0.1873
    0.0331   -0.1960    0.9800
...   373 A-T ...
 -114.1373  110.1600 1209.8919
    0.4326    0.8905    0.1407
   -0.9014    0.4240    0.0881
    0.0188   -0.1650    0.9861
...   374 A-T ...
 -113.9238  109.5713 1213.1086
   -0.1680    0.9753    0.1436
   -0.9857   -0.1646   -0.0357
   -0.0112   -0.1476    0.9890
...   375 G-C ...
 -113.8524  109.3602 1216.4942
   -0.6763    0.7354    0.0414
   -0.7343   -0.6687   -0.1173
   -0.0586   -0.1098    0.9922
...   376 T-A ...
 -113.6029  109.3633 1219.9243
   -0.9597    0.2786   -0.0382
   -0.2733   -0.9560   -0.1067
   -0.0662   -0.0920    0.9936
...   377 G-C ...
 -114.1552  108.8686 1223.2307
   -0.9311   -0.3113   -0.1901
    0.3231   -0.9458   -0.0338
   -0.1693   -0.0929    0.9812
...   378 T-A ...
 -114.8960  109.1172 1226.5800
   -0.6226   -0.7587   -0.1917
    0.7595   -0.6448    0.0853
   -0.1884   -0.0925    0.9777
...   379 A-T ...
 -115.5514  108.6564 1229.8226
   -0.0360   -0.9814   -0.1887
    0.9748   -0.0761    0.2097
   -0.2201   -0.1764    0.9594
...   380 T-A ...
 -116.8382  107.9914 1232.9383
    0.4691   -0.8826   -0.0303
    0.8538    0.4445    0.2709
   -0.2256   -0.1529    0.9621
...   381 T-A ...
 -117.7006  107.2599 1236.0141
    0.8770   -0.4628    0.1291
    0.4176    0.8670    0.2717
   -0.2377   -0.1844    0.9537
...   382 T-A ...
 -118.4424  106.3912 1239.0857
    0.9577    0.1240    0.2596
   -0.1742    0.9681    0.1801
   -0.2290   -0.2177    0.9488
...   383 G-C ...
 -119.0060  105.9537 1242.3983
    0.7025    0.6765    0.2209
   -0.6982    0.7153    0.0294
   -0.1381   -0.1748    0.9749
...   384 G-C ...
 -119.0174  105.2315 1245.6322
    0.2144    0.9673    0.1356
   -0.9703    0.2268   -0.0839
   -0.1120   -0.1136    0.9872
...   385 A-T ...
 -119.3942  104.6938 1248.9284
   -0.3685    0.9296   -0.0081
   -0.9185   -0.3654   -0.1514
   -0.1437   -0.0484    0.9884
...   386 A-T ...
 -119.7265  104.6128 1252.1876
   -0.8280    0.5486   -0.1162
   -0.5323   -0.8341   -0.1451
   -0.1765   -0.0583    0.9826
...   387 A-T ...
 -120.2368  104.5658 1255.4244
   -0.9791   -0.0328   -0.2006
    0.0492   -0.9958   -0.0773
   -0.1972   -0.0855    0.9766
...   388 C-G ...
 -121.2888  104.6989 1258.6960
   -0.8052   -0.5469   -0.2292
    0.5551   -0.8311    0.0327
   -0.2084   -0.1009    0.9728
...   389 T-A ...
 -122.2149  104.5797 1261.9579
   -0.3615   -0.9065   -0.2181
    0.8950   -0.4030    0.1914
   -0.2614   -0.1260    0.9570
...   390 G-C ...
 -122.9487  103.8052 1265.1741
    0.2437   -0.9562   -0.1623
    0.9319    0.1845    0.3123
   -0.2687   -0.2274    0.9360
...   391 C-G ...
 -123.9040  102.9876 1268.3123
    0.7303   -0.6824    0.0319
    0.6306    0.6914    0.3526
   -0.2627   -0.2374    0.9352
...   392 T-A ...
 -124.9397  101.9293 1271.3650
    0.9671   -0.1830    0.1767
    0.1204    0.9411    0.3159
   -0.2241   -0.2842    0.9322
...   393 C-G ...
 -125.3078  100.9505 1274.5592
    0.8735    0.4034    0.2724
   -0.4617    0.8639    0.2012
   -0.1542   -0.3015    0.9409
...   394 C-G ...
 -125.3879   99.7021 1277.6275
    0.4866    0.8280    0.2786
   -0.8677    0.4951    0.0440
   -0.1015   -0.2632    0.9594
...   395 A-T ...
 -125.9050   98.8668 1280.8706
   -0.0904    0.9835    0.1569
   -0.9926   -0.0762   -0.0943
   -0.0808   -0.1643    0.9831
...   396 T-A ...
 -125.6426   98.4610 1284.2724
   -0.5934    0.7976    0.1083
   -0.8016   -0.5736   -0.1684
   -0.0722   -0.1867    0.9798
...   397 C-G ...
 -126.1486   98.1220 1287.5777
   -0.9396    0.3364   -0.0628
   -0.3238   -0.9333   -0.1553
   -0.1108   -0.1256    0.9859
...   398 A-T ...
 -126.5439   97.5177 1290.8885
   -0.9392   -0.2478   -0.2377
    0.2691   -0.9611   -0.0614
   -0.2132   -0.1216    0.9694
...   399 A-T ...
 -127.3040   97.2669 1294.0663
   -0.6062   -0.7547   -0.2511
    0.7681   -0.6374    0.0616
   -0.2065   -0.1556    0.9660
...   400 A-T ...
 -128.1144   96.8431 1297.2132
   -0.0464   -0.9805   -0.1910
    0.9823   -0.0795    0.1697
   -0.1816   -0.1797    0.9668
...   401 A-T ...
 -128.8655   96.2471 1300.3469
    0.5336   -0.8420   -0.0794
    0.8328    0.5067    0.2231
   -0.1476   -0.1852    0.9716
...   402 G-C ...
 -129.3511   95.3161 1303.5732
    0.9086   -0.4178   -0.0034
    0.4081    0.8857    0.2214
   -0.0895   -0.2026    0.9752
...   403 G-C ...
 -129.6158   94.1943 1306.6799
    0.9875    0.1485    0.0533
   -0.1562    0.9674    0.1995
   -0.0219   -0.2053    0.9785
...   404 C-G ...
 -129.6412   93.4472 1309.9769
    0.7270    0.6711    0.1457
   -0.6866    0.7138    0.1379
   -0.0114   -0.2003    0.9797
...   405 A-T ...
 -129.8308   92.8699 1313.3106
    0.2000    0.9746    0.1004
   -0.9790    0.1948    0.0594
    0.0383   -0.1102    0.9932
...   406 T-A ...
 -129.1397   92.4974 1316.6556
   -0.3353    0.9317    0.1398
   -0.9412   -0.3376   -0.0077
    0.0400   -0.1342    0.9901
...   407 G-C ...
 -129.3493   92.2018 1320.0248
   -0.8157    0.5784    0.0118
   -0.5781   -0.8141   -0.0546
   -0.0220   -0.0514    0.9984
...   408 T-A ...
 -129.0642   92.4921 1323.4398
   -0.9972    0.0680   -0.0307
   -0.0668   -0.9971   -0.0377
   -0.0332   -0.0355    0.9988
...   409 T-A ...
 -129.3049   92.6139 1326.7058
   -0.8522   -0.5208   -0.0498
    0.5204   -0.8537    0.0216
   -0.0537   -0.0075    0.9985
...   410 C-G ...
 -129.7919   92.3498 1330.0208
   -0.3980   -0.9135   -0.0848
    0.9098   -0.4049    0.0915
   -0.1179   -0.0408    0.9922
...   411 A-T ...
 -130.0133   92.1762 1333.3977
    0.2084   -0.9713   -0.1150
    0.9697    0.1898    0.1536
   -0.1274   -0.1436    0.9814
...   412 G-C ...
 -130.5393   91.4006 1336.6586
    0.7097   -0.7009   -0.0716
    0.7001    0.6903    0.1825
   -0.0785   -0.1797    0.9806
...   413 C-G ...
 -130.8194   90.7235 1339.9589
    0.9819   -0.1866    0.0330
    0.1768    0.9648    0.1945
   -0.0682   -0.1851    0.9804
...   414 T-A ...
 -131.0421   89.7888 1343.2129
    0.9212    0.3786    0.0893
   -0.3889    0.9026    0.1846
   -0.0107   -0.2048    0.9788
...   415 G-C ...
 -130.9386   89.4448 1346.5824
    0.5284    0.8450    0.0818
   -0.8462    0.5164    0.1315
    0.0688   -0.1387    0.9879
...   416 G-C ...
 -130.2478   88.9600 1349.7867
   -0.0256    0.9969    0.0744
   -0.9965   -0.0314    0.0777
    0.0798   -0.0722    0.9942
...   417 A-T ...
 -129.9430   88.5652 1353.1105
   -0.5938    0.8039    0.0333
   -0.8039   -0.5945    0.0162
    0.0328   -0.0171    0.9993
...   418 T-A ...
 -129.4551   88.9236 1356.4927
   -0.9235    0.3789    0.0602
   -0.3802   -0.9249   -0.0099
    0.0519   -0.0320    0.9981
...   419 T-A ...
 -129.3352   89.0862 1359.7635
   -0.9734   -0.2253    0.0405
    0.2252   -0.9743   -0.0083
    0.0414    0.0010    0.9991
...   420 C-G ...
 -129.5647   88.9599 1363.1143
   -0.6712   -0.7408   -0.0280
    0.7407   -0.6717    0.0156
   -0.0303   -0.0103    0.9995
...   421 C-G ...
 -130.1543   89.0168 1366.3745
   -0.1535   -0.9851   -0.0773
    0.9860   -0.1579    0.0542
   -0.0656   -0.0679    0.9955
...   422 A-T ...
 -130.1949   88.7979 1369.7558
    0.4458   -0.8856   -0.1306
    0.8938    0.4324    0.1189
   -0.0488   -0.1698    0.9843
...   423 G-C ...
 -130.3800   87.9190 1373.0276
    0.8623   -0.4956   -0.1037
    0.5063    0.8470    0.1619
    0.0076   -0.1921    0.9813
...   424 C-G ...
 -130.3512   87.1983 1376.3305
    0.9974    0.0714   -0.0051
   -0.0691    0.9783    0.1956
    0.0190   -0.1947    0.9807
...   425 T-A ...
 -130.2027   86.2432 1379.5828
    0.7962    0.6023    0.0580
   -0.5999    0.7731    0.2063
    0.0794   -0.1990    0.9768
...   426 G-C ...
 -129.8862   85.9429 1382.9432
    0.2969    0.9524    0.0690
   -0.9446    0.2824    0.1671
    0.1397   -0.1148    0.9835
...   427 A-T ...
 -129.4317   85.4017 1386.2290
   -0.3044    0.9491    0.0805
   -0.9458   -0.3112    0.0928
    0.1131   -0.0478    0.9924
...   428 A-T ...
 -128.9177   85.3143 1389.4644
   -0.7972    0.5958    0.0971
   -0.5984   -0.8012    0.0028
    0.0794   -0.0558    0.9953
...   429 C-G ...
 -128.6813   85.6953 1392.8742
   -0.9937    0.0901    0.0660
   -0.0938   -0.9941   -0.0547
    0.0607   -0.0606    0.9963
...   430 A-T ...
 -128.4533   85.3100 1396.2331
   -0.8686   -0.4895   -0.0764
    0.4938   -0.8680   -0.0524
   -0.0407   -0.0832    0.9957
...   431 T-A ...
 -128.9594   85.4514 1399.6286
   -0.4878   -0.8702   -0.0692
    0.8726   -0.4882   -0.0117
   -0.0236   -0.0661    0.9975
...   432 G-C ...
 -128.9319   84.8651 1402.9659
    0.1047   -0.9813   -0.1614
    0.9935    0.0958    0.0619
   -0.0453   -0.1668    0.9849
...   433 C-G ...
 -129.1415   84.2566 1406.2848
    0.6479   -0.7539   -0.1092
    0.7607    0.6326    0.1456
   -0.0407   -0.1774    0.9833
...   434 C-G ...
 -129.4275   83.2092 1409.4155
    0.9594   -0.2725   -0.0730
    0.2819    0.9368    0.2070
    0.0120   -0.2192    0.9756
...   435 T-A ...
 -129.4132   82.1625 1412.6428
    0.9561    0.2930    0.0076
   -0.2854    0.9245    0.2527
    0.0670   -0.2437    0.9675
...   436 T-A ...
 -128.9878   81.1987 1415.7460
    0.6150    0.7742    0.1494
   -0.7827    0.5763    0.2352
    0.0959   -0.2616    0.9604
...   437 T-A ...
 -128.4048   80.3273 1418.8509
    0.0492    0.9657    0.2551
   -0.9902    0.0138    0.1387
    0.1304   -0.2594    0.9569
...   438 T-A ...
 -127.7454   79.6198 1421.9820
   -0.5326    0.7967    0.2856
   -0.8315   -0.5555   -0.0011
    0.1578   -0.2380    0.9584
...   439 G-C ...
 -127.5812   78.8796 1425.2847
   -0.9251    0.3541    0.1374
   -0.3715   -0.9188   -0.1336
    0.0789   -0.1746    0.9815
...   440 A-T ...
 -127.1618   78.2692 1428.5631
   -0.9748   -0.2202   -0.0345
    0.2227   -0.9556   -0.1931
    0.0095   -0.1960    0.9806
...   441 T-A ...
 -127.3602   78.1064 1431.9894
   -0.7179   -0.6879   -0.1067
    0.6955   -0.7019   -0.1537
    0.0309   -0.1845    0.9823
...   442 G-C ...
 -127.2587   77.1118 1435.2271
   -0.1894   -0.9436   -0.2717
    0.9817   -0.1874   -0.0335
   -0.0193   -0.2730    0.9618
...   443 G-C ...
 -127.7694   76.0883 1438.3370
    0.3794   -0.8721   -0.3091
    0.9252    0.3556    0.1326
   -0.0057   -0.3363    0.9418
...   444 A-T ...
 -127.8776   75.0819 1441.5419
    0.8377   -0.4877   -0.2458
    0.5431    0.7915    0.2805
    0.0578   -0.3684    0.9279
...   445 G-C ...
 -127.5424   73.5823 1444.5669
    0.9931    0.0447   -0.1088
   -0.0025    0.9327    0.3607
    0.1176   -0.3579    0.9263
...   446 C-G ...
 -127.1055   72.3174 1447.6715
    0.8168    0.5675    0.1035
   -0.5624    0.7433    0.3623
    0.1287   -0.3542    0.9263
...   447 A-T ...
 -126.8025   71.2286 1450.8661
    0.3303    0.9225    0.1998
   -0.9244    0.2735    0.2658
    0.1905   -0.2725    0.9431
...   448 G-C ...
 -125.9256   70.5128 1454.0646
   -0.2380    0.9371    0.2552
   -0.9567   -0.2716    0.1051
    0.1678   -0.2191    0.9612
...   449 T-A ...
 -124.7890   69.9070 1457.2534
   -0.7051    0.6594    0.2607
   -0.6885   -0.7246   -0.0293
    0.1696   -0.2002    0.9650
...   450 T-A ...
 -124.1823   69.5162 1460.4501
   -0.9739    0.1198    0.1930
   -0.1484   -0.9788   -0.1411
    0.1720   -0.1661    0.9710
...   451 T-A ...
 -123.7308   69.2152 1463.6820
   -0.8810   -0.4675    0.0731
    0.4474   -0.8733   -0.1929
    0.1540   -0.1373    0.9785
...   452 C-G ...
 -123.5386   68.5376 1466.9684
   -0.4749   -0.8737   -0.1055
    0.8757   -0.4572   -0.1555
    0.0876   -0.1663    0.9822
...   453 C-G ...
 -123.7477   67.9577 1470.2241
    0.0768   -0.9691   -0.2345
    0.9948    0.0902   -0.0471
    0.0668   -0.2297    0.9710
...   454 A-T ...
 -123.3478   67.2349 1473.5104
    0.6252   -0.7145   -0.3141
    0.7733    0.6216    0.1251
    0.1059   -0.3211    0.9411
...   455 A-T ...
 -123.1109   66.0703 1476.5645
    0.9544   -0.2168   -0.2051
    0.2665    0.9285    0.2586
    0.1344   -0.3015    0.9440
...   456 A-T ...
 -122.6934   64.9317 1479.6089
    0.9297    0.3662   -0.0391
   -0.3380    0.8906    0.3044
    0.1463   -0.2698    0.9517
...   457 T-A ...
 -121.9082   63.5676 1482.6632
    0.6232    0.7682    0.1465
   -0.7717    0.5737    0.2744
    0.1267   -0.2841    0.9504
...   458 A-T ...
 -121.4592   62.7680 1485.8750
    0.0347    0.9798    0.1967
   -0.9868    0.0024    0.1622
    0.1585   -0.1998    0.9669
...   459 C-G ...
 -120.4776   62.4516 1489.1558
   -0.4890    0.8401    0.2348
   -0.8603   -0.5090    0.0292
    0.1440   -0.1877    0.9716
...   460 A-T ...
 -120.1239   61.6927 1492.4393
   -0.9047    0.4112    0.1115
   -0.4207   -0.9036   -0.0809
    0.0675   -0.1201    0.9905
...   461 C-G ...
 -120.0455   61.8322 1495.8748
   -0.9922   -0.1196    0.0346
    0.1140   -0.9844   -0.1337
    0.0500   -0.1287    0.9904
...   462 T-A ...
 -119.9743   61.6935 1499.2641
   -0.7704   -0.6313   -0.0889
    0.6375   -0.7651   -0.0909
   -0.0106   -0.1267    0.9919
...   463 T-A ...
 -120.2686   61.3612 1502.5110
   -0.2601   -0.9571   -0.1279
    0.9645   -0.2637    0.0116
   -0.0448   -0.1204    0.9917
...   464 T-A ...
 -120.6737   60.8868 1505.7282
    0.3454   -0.9331   -0.1006
    0.9354    0.3336    0.1177
   -0.0762   -0.1347    0.9879
...   465 T-A ...
 -121.0852   60.2327 1508.9129
    0.8227   -0.5682   -0.0169
    0.5607    0.8063    0.1883
   -0.0933   -0.1644    0.9820
...   466 G-C ...
 -121.0286   59.7467 1512.2659
    0.9999    0.0152   -0.0028
   -0.0143    0.9806    0.1954
    0.0058   -0.1953    0.9807
...   467 G-C ...
 -120.7861   58.7036 1515.4017
    0.8267    0.5613    0.0391
   -0.5586    0.8102    0.1774
    0.0679   -0.1685    0.9834
...   468 T-A ...
 -120.2480   57.6428 1518.6286
    0.4117    0.9041    0.1141
   -0.9072    0.3947    0.1456
    0.0866   -0.1634    0.9827
...   469 A-T ...
 -119.9720   57.2505 1521.9341
   -0.2115    0.9730    0.0920
   -0.9726   -0.2188    0.0783
    0.0963   -0.0729    0.9927
...   470 G-C ...
 -119.5513   57.2998 1525.3004
   -0.7120    0.6996    0.0600
   -0.7005   -0.7136    0.0064
    0.0472   -0.0375    0.9982
...   471 T-A ...
 -118.9622   57.5751 1528.6776
   -0.9738    0.2236    0.0422
   -0.2243   -0.9745   -0.0109
    0.0387   -0.0201    0.9990
...   472 A-T ...
 -118.9827   57.4645 1532.0158
   -0.9176   -0.3929   -0.0594
    0.3939   -0.9191   -0.0053
   -0.0525   -0.0282    0.9982
...   473 T-A ...
 -119.4795   57.8311 1535.3958
   -0.5817   -0.8128   -0.0302
    0.8127   -0.5824    0.0198
   -0.0337   -0.0130    0.9993
...   474 C-G ...
 -119.7820   57.4471 1538.7211
   -0.0107   -0.9975   -0.0699
    0.9968   -0.0162    0.0789
   -0.0798   -0.0688    0.9944
...   475 T-A ...
 -120.3596   57.1566 1542.0518
    0.5385   -0.8404   -0.0605
    0.8379    0.5265    0.1443
   -0.0894   -0.1284    0.9877
...   476 G-C ...
 -120.2902   56.6434 1545.4006
    0.9267   -0.3702   -0.0641
    0.3755    0.9083    0.1845
   -0.0101   -0.1950    0.9807
...   477 C-G ...
 -120.3105   55.9141 1548.7016
    0.9770    0.2096    0.0403
   -0.2134    0.9579    0.1918
    0.0016   -0.1960    0.9806
...   478 A-T ...
 -120.3819   55.4128 1552.0522
    0.6730    0.7382    0.0454
   -0.7340    0.6591    0.1639
    0.0911   -0.1436    0.9854
...   479 G-C ...
 -119.7787   55.0226 1555.3681
    0.1583    0.9850    0.0680
   -0.9831    0.1509    0.1036
    0.0918   -0.0833    0.9923
...   480 G-C ...
 -119.0366   54.9014 1558.5952
   -0.4109    0.9104    0.0474
   -0.9085   -0.4133    0.0619
    0.0760   -0.0176    0.9970
...   481 T-A ...
 -118.2352   55.0624 1561.9358
   -0.8262    0.5601    0.0606
   -0.5585   -0.8284    0.0431
    0.0743    0.0017    0.9972
...   482 G-C ...
 -118.3562   54.9927 1565.3215
   -0.9995   -0.0183   -0.0244
    0.0175   -0.9993    0.0325
   -0.0250    0.0321    0.9992
...   483 A-T ...
 -118.2868   55.1363 1568.6787
   -0.8069   -0.5860   -0.0737
    0.5851   -0.8102    0.0355
   -0.0805   -0.0145    0.9966
...   484 T-A ...
 -118.9714   55.4682 1572.0294
   -0.3887   -0.9211   -0.0213
    0.9190   -0.3892    0.0621
   -0.0655    0.0045    0.9978
...   485 T-A ...
 -119.4526   55.4356 1575.2708
    0.2143   -0.9766    0.0156
    0.9718    0.2148    0.0975
   -0.0986   -0.0057    0.9951
...   486 C-G ...
 -119.6562   55.0472 1578.6031
    0.7358   -0.6771    0.0122
    0.6715    0.7318    0.1164
   -0.0878   -0.0775    0.9931
...   487 T-A ...
 -120.1133   54.5170 1581.9230
    0.9861   -0.1638    0.0287
    0.1587    0.9786    0.1310
   -0.0496   -0.1246    0.9910
...   488 C-G ...
 -119.8896   54.0801 1585.2479
    0.9011    0.4315    0.0424
   -0.4331    0.8910    0.1363
    0.0211   -0.1411    0.9898
...   489 C-G ...
 -119.4004   53.3530 1588.4435
    0.5143    0.8563    0.0480
   -0.8543    0.5066    0.1166
    0.0755   -0.1010    0.9920
...   490 A-T ...
 -119.3171   53.0675 1591.8190
   -0.0777    0.9969    0.0075
   -0.9921   -0.0780    0.0982
    0.0985    0.0002    0.9951
...   491 G-C ...
 -118.8501   53.3481 1595.1679
   -0.6108    0.7918   -0.0001
   -0.7899   -0.6093    0.0691
    0.0547    0.0423    0.9976
...   492 G-C ...
 -118.4768   53.9111 1598.4118
   -0.9451    0.3255   -0.0286
   -0.3267   -0.9425    0.0704
   -0.0041    0.0759    0.9971
...   493 G-C ...
 -118.5607   54.6208 1601.6474
   -0.9673   -0.2481   -0.0518
    0.2432   -0.9661    0.0871
   -0.0716    0.0717    0.9949
...   494 C-G ...
 -118.8558   54.9121 1605.0026
   -0.6602   -0.7511   -0.0046
    0.7467   -0.6569    0.1045
   -0.0816    0.0655    0.9945
...   495 G-C ...
 -118.6732   54.7942 1608.5322
   -0.1005   -0.9948   -0.0143
    0.9887   -0.1014    0.1106
   -0.1115   -0.0031    0.9938
...   496 G-C ...
 -119.4697   54.6096 1611.7433
    0.4636   -0.8859   -0.0177
    0.8813    0.4590    0.1129
   -0.0919   -0.0679    0.9935
...   497 C-G ...
 -119.8157   54.3170 1615.0935
    0.8812   -0.4711    0.0381
    0.4652    0.8788    0.1066
   -0.0837   -0.0762    0.9936
...   498 C-G ...
 -120.0559   53.5710 1618.3130
    0.9954    0.0918    0.0279
   -0.0941    0.9911    0.0942
   -0.0190   -0.0964    0.9952
...   499 A-T ...
 -120.1765   53.4175 1621.6960
    0.7583    0.6515   -0.0220
   -0.6474    0.7567    0.0914
    0.0762   -0.0550    0.9956
...   500 G-C ...
 -119.6141   53.2880 1625.0394
    0.2778    0.9602   -0.0285
   -0.9569    0.2792    0.0795
    0.0843    0.0051    0.9964
...   501 T-A ...
 -118.7729   53.1180 1628.3698
   -0.2646    0.9643    0.0051
   -0.9596   -0.2638    0.0977
    0.0955    0.0209    0.9952
...   502 A-T ...
 -118.5631   53.2990 1631.6984
   -0.7864    0.6172   -0.0249
   -0.6161   -0.7808    0.1041
    0.0448    0.0972    0.9943
...   503 C-G ...
 -118.4323   54.1980 1635.0154
   -0.9931    0.1162    0.0150
   -0.1143   -0.9889    0.0954
    0.0259    0.0930    0.9953
...   504 T-A ...
 -118.3723   54.8245 1638.3494
   -0.8946   -0.4464    0.0195
    0.4457   -0.8882    0.1119
   -0.0327    0.1088    0.9935
...   505 T-A ...
 -118.7132   55.3167 1641.5714
   -0.4723   -0.8780    0.0777
    0.8791   -0.4627    0.1145
   -0.0645    0.1224    0.9904
...   506 A-T ...
 -118.9259   55.5703 1644.8951
    0.1444   -0.9886    0.0437
    0.9863    0.1474    0.0748
   -0.0803    0.0323    0.9962
...   507 C-G ...
 -119.5761   55.2502 1648.2570
    0.6400   -0.7662    0.0581
    0.7657    0.6423    0.0344
   -0.0637    0.0224    0.9977
...   508 A-T ...
 -119.6810   55.4707 1651.6368
    0.9655   -0.2584   -0.0319
    0.2592    0.9655    0.0253
    0.0243   -0.0327    0.9992
...   509 T-A ...
 -119.6342   54.7999 1655.0063
    0.9604    0.2785    0.0092
   -0.2787    0.9599    0.0316
    0.0000   -0.0329    0.9995
...   510 G-C ...
 -119.4543   55.0234 1658.3827
    0.6223    0.7794   -0.0730
   -0.7780    0.6261    0.0527
    0.0867    0.0240    0.9959
...   511 C-G ...
 -119.0891   55.0972 1661.7428
    0.0733    0.9964   -0.0416
   -0.9932    0.0767    0.0881
    0.0910    0.0349    0.9952
...   512 G-C ...
 -119.3541   55.2154 1665.2671
   -0.5200    0.8525   -0.0540
   -0.8510   -0.5116    0.1185
    0.0734    0.1076    0.9915
...   513 G-C ...
 -118.8743   55.9653 1668.4588
   -0.9039    0.4252   -0.0463
   -0.4273   -0.8930    0.1412
    0.0187    0.1474    0.9889
...   514 C-G ...
 -118.8208   56.5347 1671.7908
   -0.9874   -0.1550    0.0305
    0.1578   -0.9766    0.1460
    0.0071    0.1490    0.9888
...   515 G-C ...
 -118.6562   56.4928 1675.3230
   -0.7128   -0.7003    0.0386
    0.6988   -0.7045    0.1241
   -0.0597    0.1154    0.9915
...   516 G-C ...
 -119.2962   57.0103 1678.5327
   -0.2095   -0.9772    0.0340
    0.9740   -0.2055    0.0952
   -0.0860    0.0531    0.9949
...   517 A-T ...
 -119.5849   57.3457 1681.8644
    0.3889   -0.9212    0.0101
    0.9197    0.3889    0.0536
   -0.0533   -0.0116    0.9985
...   518 C-G ...
 -120.0241   56.7961 1685.2308
    0.8132   -0.5817    0.0184
    0.5810    0.8132    0.0340
   -0.0347   -0.0170    0.9993
...   519 A-T ...
 -120.0705   56.9062 1688.6173
    0.9979   -0.0065   -0.0646
    0.0096    0.9988    0.0477
    0.0643   -0.0482    0.9968
...   520 G-C ...
 -119.5870   56.5853 1691.9602
    0.8364    0.5410   -0.0880
   -0.5370    0.8410    0.0662
    0.1098   -0.0081    0.9939
...   521 G-C ...
 -118.8228   56.3286 1695.1742
    0.3978    0.9116   -0.1034
   -0.9055    0.4082    0.1159
    0.1479    0.0475    0.9879
...   522 A-T ...
 -118.3576   56.3344 1698.5028
   -0.2002    0.9756   -0.0902
   -0.9713   -0.1855    0.1492
    0.1288    0.1174    0.9847
...   523 T-A ...
 -117.4086   56.9429 1701.7486
   -0.6713    0.7408    0.0232
   -0.7278   -0.6649    0.1679
    0.1398    0.0958    0.9855
...   524 G-C ...
 -117.3138   57.2824 1705.1188
   -0.9769    0.2130    0.0178
   -0.2078   -0.9657    0.1559
    0.0504    0.1486    0.9876
...   525 T-A ...
 -116.9972   58.3481 1708.3733
   -0.9419   -0.3251    0.0846
    0.3342   -0.9323    0.1384
    0.0338    0.1586    0.9868
...   526 A-T ...
 -116.9871   58.7622 1711.6876
   -0.5624   -0.8244    0.0637
    0.8259   -0.5565    0.0900
   -0.0387    0.1032    0.9939
...   527 A-T ...
 -117.2567   59.1712 1714.9279
    0.0190   -0.9965    0.0817
    0.9998    0.0199    0.0102
   -0.0118    0.0815    0.9966
...   528 C-G ...
 -117.7265   59.0706 1718.3334
    0.5389   -0.8404    0.0567
    0.8423    0.5374   -0.0405
    0.0035    0.0696    0.9976
...   529 C-G ...
 -117.9309   58.8499 1721.6332
    0.9103   -0.4123   -0.0372
    0.4109    0.9108   -0.0390
    0.0499    0.0202    0.9985
...   530 T-A ...
 -117.8314   58.6113 1725.0163
    0.9837    0.1510   -0.0976
   -0.1490    0.9884    0.0279
    0.1007   -0.0129    0.9948
...   531 G-C ...
 -117.2710   58.8762 1728.3477
    0.7056    0.6899   -0.1616
   -0.6818    0.7231    0.1106
    0.1932    0.0322    0.9806
...   532 C-G ...
 -116.5486   58.9681 1731.6490
    0.1951    0.9773   -0.0819
   -0.9604    0.2074    0.1859
    0.1987    0.0424    0.9791
...   533 A-T ...
 -116.0549   59.1097 1734.9984
   -0.4105    0.9101   -0.0574
   -0.8927   -0.3882    0.2289
    0.1861    0.1452    0.9718
...   534 G-C ...
 -115.3967   59.9052 1738.2304
   -0.8404    0.5416    0.0183
   -0.5258   -0.8232    0.2143
    0.1311    0.1705    0.9766
...   535 A-T ...
 -114.8099   60.4214 1741.4993
   -0.9971   -0.0371    0.0663
    0.0474   -0.9859    0.1605
    0.0594    0.1632    0.9848
...   536 T-A ...
 -114.7454   61.5131 1744.7565
   -0.8266   -0.5387    0.1628
    0.5567   -0.8251    0.0965
    0.0823    0.1704    0.9819
...   537 A-T ...
 -114.5408   61.9457 1748.0622
   -0.3430   -0.9338    0.1023
    0.9390   -0.3438    0.0099
    0.0259    0.0994    0.9947
...   538 C-G ...
 -114.9901   62.0881 1751.4689
    0.1980   -0.9774    0.0741
    0.9795    0.1945   -0.0514
    0.0359    0.0828    0.9959
...   539 T-A ...
 -115.1585   62.2459 1754.8540
    0.6985   -0.7155   -0.0112
    0.7146    0.6982   -0.0432
    0.0388    0.0222    0.9990
...   540 A-T ...
 -114.8798   62.2757 1758.1823
    0.9788   -0.1651   -0.1214
    0.1664    0.9861    0.0001
    0.1197   -0.0203    0.9926
...   541 C-G ...
 -114.1850   61.7148 1761.5035
    0.9190    0.3750   -0.1216
   -0.3707    0.9270    0.0571
    0.1341   -0.0075    0.9909
...   542 C-G ...
 -113.3473   61.3956 1764.6935
    0.5563    0.8204   -0.1322
   -0.8089    0.5711    0.1399
    0.1903    0.0291    0.9813
...   543 A-T ...
 -112.8692   61.5631 1768.0440
   -0.0289    0.9918   -0.1248
   -0.9755   -0.0007    0.2201
    0.2182    0.1281    0.9675
...   544 A-T ...
 -112.0008   62.0032 1771.1732
   -0.5919    0.8060    0.0036
   -0.7847   -0.5773    0.2260
    0.1842    0.1309    0.9741
...   545 A-T ...
 -111.2856   62.5400 1774.3259
   -0.9404    0.3213    0.1117
   -0.3027   -0.9402    0.1563
    0.1552    0.1132    0.9814
...   546 A-T ...
 -110.7490   63.0663 1777.5157
   -0.9456   -0.2834    0.1595
    0.2926   -0.9555    0.0368
    0.1419    0.0815    0.9865
...   547 G-C ...
 -110.5691   63.4151 1780.8858
   -0.6407   -0.7620    0.0943
    0.7598   -0.6469   -0.0651
    0.1106    0.0299    0.9934
...   548 T-A ...
 -110.6251   63.9152 1784.2879
   -0.1502   -0.9881    0.0341
    0.9842   -0.1527   -0.0898
    0.0940    0.0201    0.9954
...   549 G-C ...
 -110.0817   63.6787 1787.6243
    0.4318   -0.8937   -0.1218
    0.8954    0.4410   -0.0613
    0.1085   -0.0826    0.9907
...   550 T-A ...
 -110.2509   63.1616 1791.0201
    0.8349   -0.5302   -0.1480
    0.5392    0.8418    0.0263
    0.1106   -0.1018    0.9886
...   551 A-T ...
 -109.7273   62.8140 1794.3006
    0.9787    0.0791   -0.1893
   -0.0536    0.9892    0.1366
    0.1981   -0.1235    0.9724
...   552 T-A ...
 -108.9177   61.8596 1797.5005
    0.8137    0.5773   -0.0684
   -0.5542    0.8059    0.2085
    0.1755   -0.1318    0.9756
...   553 T-A ...
 -108.0976   61.3306 1800.6290
    0.3431    0.9372    0.0619
   -0.9159    0.3192    0.2434
    0.2083   -0.1402    0.9680
...   554 T-A ...
 -107.1574   60.9384 1803.7437
   -0.2500    0.9497    0.1884
   -0.9380   -0.2859    0.1962
    0.2402   -0.1276    0.9623
...   555 G-C ...
 -106.6693   60.6838 1807.0873
   -0.7641    0.6221    0.1708
   -0.6178   -0.7818    0.0838
    0.1857   -0.0415    0.9817
...   556 G-C ...
 -105.9710   61.0065 1810.3103
   -0.9878    0.0951    0.1231
   -0.0972   -0.9952   -0.0109
    0.1215   -0.0227    0.9923
...   557 A-T ...
 -105.4080   60.9484 1813.6233
   -0.8732   -0.4868    0.0228
    0.4835   -0.8713   -0.0843
    0.0609   -0.0626    0.9962
...   558 A-T ...
 -105.3033   60.8717 1816.8978
   -0.4346   -0.8991   -0.0523
    0.8975   -0.4276   -0.1084
    0.0751   -0.0941    0.9927
...   559 A-T ...
 -105.2089   60.6129 1820.1633
    0.1620   -0.9785   -0.1275
    0.9812    0.1735   -0.0846
    0.1049   -0.1114    0.9882
...   560 C-G ...
 -105.2223   59.7975 1823.5044
    0.6490   -0.7413   -0.1710
    0.7510    0.6602   -0.0118
    0.1216   -0.1208    0.9852
...   561 T-A ...
 -105.0020   59.1389 1826.8255
    0.9473   -0.2547   -0.1942
    0.2811    0.9518    0.1230
    0.1535   -0.1711    0.9732
...   562 G-C ...
 -104.1570   58.7531 1830.0842
    0.9169    0.3543   -0.1836
   -0.3069    0.9202    0.2431
    0.2551   -0.1665    0.9525
...   563 C-G ...
 -103.2398   58.1482 1833.2814
    0.5805    0.8138   -0.0249
   -0.7701    0.5588    0.3076
    0.2643   -0.1594    0.9512
...   564 T-A ...
 -102.0728   57.4889 1836.3984
    0.0537    0.9931    0.1038
   -0.9506    0.0190    0.3097
    0.3056   -0.1153    0.9451
...   565 C-G ...
 -101.0731   57.4898 1839.6072
   -0.5160    0.8308    0.2085
   -0.7971   -0.5548    0.2382
    0.3136   -0.0433    0.9486
...   566 C-G ...
  -99.8431   57.8013 1842.6683
   -0.8863    0.3931    0.2450
   -0.3774   -0.9195    0.1101
    0.2686    0.0051    0.9633
...   567 A-T ...
  -98.9663   57.6396 1845.9374
   -0.9641   -0.2067    0.1670
    0.2062   -0.9783   -0.0208
    0.1676    0.0144    0.9857
...   568 T-A ...
  -98.6186   58.2039 1849.3088
   -0.7135   -0.6832    0.1550
    0.6747   -0.7297   -0.1107
    0.1888    0.0256    0.9817
...   569 C-G ...
  -98.2356   57.9928 1852.6412
   -0.2100   -0.9777    0.0084
    0.9686   -0.2092   -0.1345
    0.1332   -0.0201    0.9909
...   570 A-T ...
  -97.6043   57.9262 1855.9698
    0.3702   -0.9136   -0.1684
    0.9179    0.3876   -0.0849
    0.1428   -0.1231    0.9821
...   571 A-T ...
  -97.2748   57.4427 1859.1943
    0.8291   -0.5189   -0.2084
    0.5309    0.8475    0.0020
    0.1756   -0.1123    0.9780
...   572 A-T ...
  -96.7670   56.9300 1862.3910
    0.9792    0.0686   -0.1908
   -0.0509    0.9941    0.0961
    0.1963   -0.0844    0.9769
...   573 A-T ...
  -96.0962   56.4975 1865.5694
    0.7652    0.6321   -0.1220
   -0.6128    0.7733    0.1627
    0.1972   -0.0497    0.9791
...   574 G-C ...
  -95.1286   56.3783 1868.8192
    0.2951    0.9527   -0.0724
   -0.9328    0.3037    0.1940
    0.2068    0.0103    0.9783
...   575 G-C ...
  -94.0001   56.4937 1871.9326
   -0.2769    0.9607   -0.0195
   -0.9397   -0.2665    0.2142
    0.2006    0.0777    0.9766
...   576 C-G ...
  -93.2757   56.8104 1875.2195
   -0.7614    0.6414    0.0940
   -0.6185   -0.7622    0.1912
    0.1943    0.0875    0.9770
...   577 A-T ...
  -92.6981   56.9454 1878.5558
   -0.9930    0.0773    0.0891
   -0.0651   -0.9890    0.1326
    0.0983    0.1258    0.9872
...   578 T-A ...
  -92.4392   57.9250 1881.8389
   -0.8805   -0.4434    0.1679
    0.4581   -0.8868    0.0608
    0.1219    0.1304    0.9839
...   579 G-C ...
  -92.1386   58.0059 1885.2132
   -0.4666   -0.8814    0.0745
    0.8832   -0.4688   -0.0148
    0.0479    0.0589    0.9971
...   580 T-A ...
  -92.4839   58.5023 1888.5988
    0.0635   -0.9970    0.0435
    0.9974    0.0619   -0.0365
    0.0337    0.0457    0.9984
...   581 T-A ...
  -92.5923   58.4901 1891.8741
    0.6283   -0.7779    0.0115
    0.7779    0.6280   -0.0203
    0.0086    0.0218    0.9997
...   582 C-G ...
  -92.2862   58.2885 1895.2150
    0.9582   -0.2799   -0.0586
    0.2816    0.9593    0.0222
    0.0500   -0.0378    0.9980
...   583 A-T ...
  -92.1050   58.3423 1898.5983
    0.9362    0.3248   -0.1339
   -0.3162    0.9451    0.0820
    0.1532   -0.0345    0.9876
...   584 G-C ...
  -91.2865   58.1653 1901.8862
    0.6022    0.7882   -0.1267
   -0.7772    0.6151    0.1328
    0.1826    0.0185    0.9830
...   585 C-G ...
  -90.5979   58.2214 1905.1956
    0.0561    0.9976   -0.0406
   -0.9808    0.0627    0.1846
    0.1867    0.0294    0.9820
...   586 T-A ...
  -89.6613   58.3646 1908.4535
   -0.4966    0.8677    0.0222
   -0.8449   -0.4892    0.2164
    0.1986    0.0887    0.9761
...   587 G-C ...
  -89.3537   58.7614 1911.8047
   -0.9075    0.4176    0.0457
   -0.4018   -0.8945    0.1958
    0.1227    0.1594    0.9796
...   588 G-C ...
  -88.9826   59.7450 1914.9470
   -0.9854   -0.1506    0.0800
    0.1613   -0.9753    0.1512
    0.0552    0.1619    0.9853
...   589 A-T ...
  -88.6508   60.3440 1918.2375
   -0.7193   -0.6900    0.0803
    0.6946   -0.7156    0.0735
    0.0068    0.1087    0.9941
...   590 T-A ...
  -89.0900   61.0296 1921.5756
   -0.2550   -0.9582    0.1300
    0.9668   -0.2553    0.0147
    0.0191    0.1294    0.9914
...   591 T-A ...
  -89.2862   61.3688 1924.8292
    0.3507   -0.9298    0.1117
    0.9364    0.3497   -0.0287
   -0.0123    0.1147    0.9933
...   592 C-G ...
  -89.1507   61.4064 1928.1873
    0.8225   -0.5684    0.0190
    0.5687    0.8215   -0.0420
    0.0083    0.0453    0.9989
...   593 C-G ...
  -89.1490   61.0573 1931.4824
    0.9972   -0.0283   -0.0696
    0.0270    0.9994   -0.0197
    0.0701    0.0177    0.9974
...   594 A-T ...
  -88.9466   61.2961 1934.8565
    0.8203    0.5471   -0.1667
   -0.5465    0.8357    0.0540
    0.1689    0.0468    0.9845
...   595 G-C ...
  -88.0703   61.4705 1938.1296
    0.3789    0.9098   -0.1692
   -0.9070    0.4014    0.1272
    0.1837    0.1053    0.9773
...   596 C-G ...
  -87.3791   61.8379 1941.4185
   -0.2015    0.9763   -0.0787
   -0.9619   -0.1821    0.2039
    0.1848    0.1168    0.9758
...   597 T-A ...
  -86.4710   62.3505 1944.6471
   -0.7018    0.7124    0.0011
   -0.6890   -0.6791    0.2532
    0.1811    0.1769    0.9674
...   598 G-C ...
  -86.2346   62.9515 1947.9736
   -0.9835    0.1738    0.0504
   -0.1572   -0.9585    0.2378
    0.0897    0.2259    0.9700
...   599 A-T ...
  -85.7770   63.7149 1951.2146
   -0.9015   -0.4195    0.1065
    0.4320   -0.8873    0.1615
    0.0267    0.1916    0.9811
...   600 A-T ...
  -85.7768   64.4740 1954.4026
   -0.4867   -0.8591    0.1582
    0.8727   -0.4863    0.0441
    0.0391    0.1595    0.9864
...   601 C-G ...
  -86.2057   64.9100 1957.7869
    0.0405   -0.9893    0.1398
    0.9981    0.0336   -0.0515
    0.0462    0.1416    0.9888
...   602 A-T ...
  -85.8734   65.4344 1961.1181
    0.5996   -0.8002   -0.0137
    0.7961    0.5981   -0.0922
    0.0819    0.0444    0.9956
...   603 T-A ...
  -85.9672   65.1669 1964.5424
    0.9270   -0.3732   -0.0362
    0.3697    0.9259   -0.0783
    0.0627    0.0592    0.9963
...   604 G-C ...
  -85.4093   65.5178 1967.8662
    0.9601    0.2203   -0.1725
   -0.2256    0.9742   -0.0115
    0.1655    0.0500    0.9849
...   605 C-G ...
  -84.7982   65.6360 1971.1891
    0.6631    0.7313   -0.1598
   -0.7277    0.6798    0.0913
    0.1754    0.0558    0.9829
...   606 C-G ...
  -83.7408   65.7223 1974.3283
    0.1448    0.9788   -0.1450
   -0.9669    0.1711    0.1892
    0.2100    0.1128    0.9712
...   607 T-A ...
  -82.7240   66.1125 1977.5416
   -0.4159    0.9073   -0.0622
   -0.8806   -0.3847    0.2767
    0.2271    0.1698    0.9589
...   608 T-A ...
  -81.8427   66.8891 1980.6010
   -0.8490    0.5175    0.1064
   -0.4701   -0.8319    0.2948
    0.2411    0.2002    0.9496
...   609 T-A ...
  -81.0736   67.8095 1983.6507
   -0.9653   -0.0592    0.2545
    0.1153   -0.9705    0.2118
    0.2344    0.2338    0.9436
...   610 T-A ...
  -80.4770   68.7858 1986.7216
   -0.7217   -0.6099    0.3273
    0.6597   -0.7492    0.0584
    0.2096    0.2581    0.9431
...   611 G-C ...
  -79.7842   69.2896 1990.0001
   -0.2306   -0.9508    0.2069
    0.9603   -0.2566   -0.1093
    0.1570    0.1735    0.9722
...   612 A-T ...
  -79.2534   70.0269 1993.2360
    0.3463   -0.9374    0.0370
    0.9193    0.3312   -0.2128
    0.1872    0.1077    0.9764
...   613 T-A ...
  -79.0863   70.1056 1996.6670
    0.7767   -0.6274   -0.0558
    0.6056    0.7682   -0.2075
    0.1731    0.1274    0.9766
...   614 G-C ...
  -78.1327   70.5759 1999.8844
    0.9618   -0.0836   -0.2605
    0.0573    0.9926   -0.1069
    0.2675    0.0878    0.9595
...   615 G-C ...
  -77.0694   70.4353 2003.0196
    0.8166    0.4666   -0.3397
   -0.4745    0.8778    0.0650
    0.3285    0.1081    0.9383
...   616 A-T ...
  -76.0764   70.6976 2006.2198
    0.3751    0.8739   -0.3091
   -0.8575    0.4538    0.2425
    0.3522    0.1741    0.9196
...   617 G-C ...
  -74.6516   71.4494 2009.2058
   -0.1738    0.9678   -0.1819
   -0.9264   -0.0981    0.3635
    0.3339    0.2317    0.9137
...   618 C-G ...
  -73.4732   72.2770 2012.2646
   -0.6703    0.7407    0.0449
   -0.6653   -0.6266    0.4059
    0.3288    0.2422    0.9128
...   619 A-T ...
  -72.4524   72.9556 2015.4236
   -0.9590    0.2204    0.1783
   -0.1515   -0.9301    0.3346
    0.2396    0.2939    0.9253
...   620 G-C ...
  -71.8766   74.1531 2018.5455
   -0.8993   -0.3393    0.2758
    0.3940   -0.9024    0.1747
    0.1896    0.2657    0.9452
...   621 T-A ...
  -71.4438   75.5922 2021.6390
   -0.5629   -0.7643    0.3148
    0.8088   -0.5878    0.0190
    0.1705    0.2653    0.9490
...   622 T-A ...
  -71.1548   76.4797 2024.7804
    0.0077   -0.9642    0.2651
    0.9906   -0.0288   -0.1335
    0.1364    0.2636    0.9549
...   623 T-A ...
  -70.9345   77.2047 2027.9687
    0.5785   -0.8042    0.1364
    0.8082    0.5426   -0.2290
    0.1101    0.2427    0.9638
...   624 C-G ...
  -70.3075   77.7267 2031.2292
    0.9290   -0.3627   -0.0734
    0.3393    0.9141   -0.2218
    0.1475    0.1811    0.9723
...   625 C-G ...
  -69.7243   77.8370 2034.4891
    0.9520    0.1856   -0.2433
   -0.2196    0.9681   -0.1204
    0.2132    0.1680    0.9624
...   626 A-T ...
  -69.0796   78.5703 2037.7340
    0.6282    0.6885   -0.3624
   -0.7183    0.6922    0.0699
    0.2989    0.2164    0.9294
...   627 A-T ...
  -67.9741   79.1832 2040.7575
    0.0910    0.9568   -0.2761
   -0.9569    0.1608    0.2417
    0.2757    0.2422    0.9302
...   628 A-T ...
  -66.9180   79.9705 2043.7582
   -0.4846    0.8682   -0.1065
   -0.8404   -0.4284    0.3321
    0.2427    0.2504    0.9372
...   629 T-A ...
  -65.6867   81.1516 2046.7406
   -0.8441    0.5262    0.1029
   -0.4693   -0.8178    0.3331
    0.2594    0.2329    0.9373
...   630 A-T ...
  -64.9718   81.9381 2049.9071
   -0.9771   -0.0796    0.1974
    0.1260   -0.9638    0.2349
    0.1716    0.2544    0.9518
...   631 C-G ...
  -64.8061   83.1927 2053.1050
   -0.7701   -0.5763    0.2736
    0.6171   -0.7816    0.0909
    0.1615    0.2389    0.9575
...   632 A-T ...
  -64.1195   83.8850 2056.3502
   -0.2897   -0.9401    0.1799
    0.9514   -0.3034   -0.0530
    0.1044    0.1558    0.9823
...   633 C-G ...
  -64.2884   84.1984 2059.7709
    0.2484   -0.9627    0.1076
    0.9618    0.2319   -0.1456
    0.1152    0.1396    0.9835
...   634 T-A ...
  -64.1802   84.5377 2063.1451
    0.7274   -0.6854   -0.0340
    0.6755    0.7238   -0.1408
    0.1211    0.0795    0.9895
...   635 T-A ...
  -63.8313   84.5306 2066.4036
    0.9836   -0.1411   -0.1120
    0.1350    0.9890   -0.0610
    0.1194    0.0449    0.9918
...   636 T-A ...
  -63.3269   84.4304 2069.6401
    0.8803    0.4564   -0.1295
   -0.4540    0.8897    0.0493
    0.1377    0.0154    0.9904
...   637 T-A ...
  -62.6433   84.3450 2072.8440
    0.4555    0.8866   -0.0801
   -0.8740    0.4625    0.1493
    0.1694    0.0020    0.9855
...   638 G-C ...
  -62.1887   84.7128 2076.1817
   -0.1461    0.9863   -0.0769
   -0.9714   -0.1283    0.1997
    0.1871    0.1039    0.9768
...   639 G-C ...
  -61.2050   85.3213 2079.2868
   -0.6651    0.7465   -0.0201
   -0.7311   -0.6454    0.2215
    0.1524    0.1620    0.9750
...   640 T-A ...
  -60.2428   86.2312 2082.4608
   -0.9510    0.2969    0.0867
   -0.2733   -0.9378    0.2140
    0.1449    0.1798    0.9730
...   641 A-T ...
  -59.9097   86.8001 2085.7352
   -0.9374   -0.3299    0.1111
    0.3440   -0.9270    0.1493
    0.0538    0.1782    0.9825
...   642 G-C ...
  -60.0335   87.4586 2089.0613
   -0.6005   -0.7912    0.1153
    0.7992   -0.5985    0.0555
    0.0251    0.1255    0.9918
...   643 T-A ...
  -60.4036   88.2548 2092.3865
   -0.0943   -0.9889    0.1151
    0.9955   -0.0947    0.0020
    0.0089    0.1148    0.9933
...   644 A-T ...
  -60.3109   88.4960 2095.7166
    0.5102   -0.8600    0.0073
    0.8596    0.5096   -0.0380
    0.0290    0.0256    0.9993
...   645 T-A ...
  -60.6292   88.2069 2099.1256
    0.8822   -0.4707    0.0099
    0.4707    0.8813   -0.0428
    0.0114    0.0424    0.9990
...   646 C-G ...
  -60.2285   88.2043 2102.4626
    0.9907    0.1151   -0.0728
   -0.1151    0.9933    0.0047
    0.0728    0.0037    0.9973
...   647 T-A ...
  -59.8844   87.9178 2105.8258
    0.7630    0.6381   -0.1035
   -0.6326    0.7699    0.0838
    0.1332    0.0016    0.9911
...   648 G-C ...
  -59.4045   88.3015 2109.1582
    0.2459    0.9600   -0.1340
   -0.9507    0.2658    0.1596
    0.1889    0.0882    0.9780
...   649 C-G ...
  -58.6983   88.6214 2112.4488
   -0.3360    0.9413   -0.0314
   -0.9228   -0.3224    0.2108
    0.1883    0.0998    0.9770
...   650 A-T ...
  -58.2118   88.8644 2115.7935
   -0.8203    0.5719   -0.0018
   -0.5582   -0.7999    0.2204
    0.1246    0.1818    0.9754
...   651 G-C ...
  -57.9236   89.7573 2119.0541
   -0.9977    0.0324    0.0599
   -0.0213   -0.9840    0.1767
    0.0647    0.1751    0.9824
...   652 G-C ...
  -57.9197   90.7456 2122.2168
   -0.8490   -0.5221    0.0812
    0.5284   -0.8394    0.1275
    0.0016    0.1512    0.9885
...   653 T-A ...
  -58.2041   91.7639 2125.4894
   -0.4474   -0.8857    0.1238
    0.8942   -0.4403    0.0811
   -0.0173    0.1470    0.9890
...   654 G-C ...
  -58.1391   91.9040 2128.8745
    0.1493   -0.9875    0.0497
    0.9882    0.1508    0.0273
   -0.0345    0.0451    0.9984
...   655 A-T ...
  -58.3104   92.2022 2132.2178
    0.6871   -0.7263   -0.0160
    0.7263    0.6873   -0.0111
    0.0190   -0.0040    0.9998
...   656 T-A ...
  -58.5694   91.7298 2135.6112
    0.9642   -0.2650    0.0040
    0.2650    0.9642   -0.0077
   -0.0018    0.0085    1.0000
...   657 T-A ...
  -58.4932   91.4982 2138.8793
    0.9400    0.3411   -0.0041
   -0.3409    0.9398    0.0260
    0.0127   -0.0230    0.9997
...   658 C-G ...
  -58.1011   91.5944 2142.2159
    0.5747    0.8171   -0.0450
   -0.8142    0.5764    0.0692
    0.0824   -0.0031    0.9966
...   659 T-A ...
  -57.5351   91.4577 2145.5585
    0.0330    0.9984   -0.0451
   -0.9917    0.0383    0.1227
    0.1242    0.0407    0.9914
...   660 C-G ...
  -57.1510   91.9822 2148.8560
   -0.5461    0.8374   -0.0229
   -0.8273   -0.5349    0.1715
    0.1313    0.1126    0.9849
...   661 C-G ...
  -56.5131   92.7976 2152.0037
   -0.9166    0.3997    0.0130
   -0.3909   -0.9023    0.1816
    0.0843    0.1613    0.9833
...   662 A-T ...
  -56.2609   93.1672 2155.3626
   -0.9782   -0.2070    0.0171
    0.2068   -0.9633    0.1712
   -0.0190    0.1710    0.9851
...   663 G-C ...
  -56.6201   93.8399 2158.6687
   -0.7049   -0.7077    0.0483
    0.7072   -0.6959    0.1251
   -0.0550    0.1224    0.9910
