Bonds

1	3	1	2
2	2	1	3
3	1	3	4
4	6	4	5
5	2	4	6
6	1	6	7
7	3	7	8
8	2	7	9
9	1	9	10
10	5	10	11
11	2	10	12
12	1	12	13
13	5	13	14
14	2	13	15
15	1	15	16
16	3	16	17
17	2	16	18
18	1	18	19
19	4	19	20
20	2	19	21
21	1	21	22
22	5	22	23
23	2	22	24
24	1	24	25
25	4	25	26
26	2	25	27
27	1	27	28
28	3	28	29
29	2	28	30
30	1	30	31
31	3	31	32
32	2	31	33
33	1	33	34
34	6	34	35
35	2	34	36
36	1	36	37
37	6	37	38
38	2	37	39
39	1	39	40
40	4	40	41
41	2	40	42
42	1	42	43
43	5	43	44
44	2	43	45
45	1	45	46
46	6	46	47
47	2	46	48
48	1	48	49
49	3	49	50
50	2	49	51
51	1	51	52
52	5	52	53
53	2	52	54
54	1	54	55
55	3	55	56
56	2	55	57
57	1	57	58
58	4	58	59
59	2	58	60
60	1	60	61
61	3	61	62
62	2	61	63
63	1	63	64
64	6	64	65
65	2	64	66
66	1	66	67
67	4	67	68
68	2	67	69
69	1	69	70
70	3	70	71
71	2	70	72
72	1	72	73
73	6	73	74
74	2	73	75
75	1	75	76
76	6	76	77
77	2	76	78
78	1	78	79
79	3	79	80
80	2	79	81
81	1	81	82
82	3	82	83
83	2	82	84
84	1	84	85
85	3	85	86
86	2	85	87
87	1	87	88
88	3	88	89
89	2	88	90
90	1	90	91
91	5	91	92
92	2	91	93
93	1	93	94
94	4	94	95
95	2	94	96
96	1	96	97
97	5	97	98
98	2	97	99
99	1	99	100
100	4	100	101
101	2	100	102
102	1	102	103
103	3	103	104
104	2	103	105
105	1	105	106
106	4	106	107
107	2	106	108
108	1	108	109
109	4	109	110
110	2	109	111
111	1	111	112
112	4	112	113
113	2	112	114
114	1	114	115
115	5	115	116
116	2	115	117
117	1	117	118
118	5	118	119
119	2	118	120
120	1	120	121
121	3	121	122
122	2	121	123
123	1	123	124
124	3	124	125
125	2	124	126
126	1	126	127
127	3	127	128
128	2	127	129
129	1	129	130
130	6	130	131
131	2	130	132
132	1	132	133
133	4	133	134
134	2	133	135
135	1	135	136
136	5	136	137
137	2	136	138
138	1	138	139
139	6	139	140
140	2	139	141
141	1	141	142
142	4	142	143
143	2	142	144
144	1	144	145
145	6	145	146
146	2	145	147
147	1	147	148
148	6	148	149
149	2	148	150
150	1	150	151
151	3	151	152
152	2	151	153
153	1	153	154
154	4	154	155
155	2	154	156
156	1	156	157
157	6	157	158
158	2	157	159
159	1	159	160
160	3	160	161
161	2	160	162
162	1	162	163
163	3	163	164
164	2	163	165
165	1	165	166
166	3	166	167
167	2	166	168
168	1	168	169
169	3	169	170
170	2	169	171
171	1	171	172
172	5	172	173
173	2	172	174
174	1	174	175
175	5	175	176
176	2	175	177
177	1	177	178
178	6	178	179
179	2	178	180
180	1	180	181
181	3	181	182
182	2	181	183
183	1	183	184
184	4	184	185
185	2	184	186
186	1	186	187
187	5	187	188
188	2	187	189
189	1	189	190
190	4	190	191
191	2	190	192
192	1	192	193
193	4	193	194
194	2	193	195
195	1	195	196
196	6	196	197
197	2	196	198
198	1	198	199
199	3	199	200
200	2	199	201
201	1	201	202
202	5	202	203
203	2	202	204
204	1	204	205
205	6	205	206
206	2	205	207
207	1	207	208
208	4	208	209
209	2	208	210
210	1	210	211
211	5	211	212
212	2	211	213
213	1	213	214
214	5	214	215
215	2	214	216
216	1	216	217
217	3	217	218
218	2	217	219
219	1	219	220
220	4	220	221
221	2	220	222
222	1	222	223
223	4	223	224
224	2	223	225
225	1	225	226
226	6	226	227
227	2	226	228
228	1	228	229
229	6	229	230
230	2	229	231
231	1	231	232
232	3	232	233
233	2	232	234
234	1	234	235
235	5	235	236
236	2	235	237
237	1	237	238
238	6	238	239
239	2	238	240
240	1	240	241
241	4	241	242
242	2	241	243
243	1	243	244
244	5	244	245
245	2	244	246
246	1	246	247
247	3	247	248
248	2	247	249
249	1	249	250
250	3	250	251
251	2	250	252
252	1	252	253
253	6	253	254
254	2	253	255
255	1	255	256
256	3	256	257
257	2	256	258
258	1	258	259
259	4	259	260
260	2	259	261
261	1	261	262
262	5	262	263
263	2	262	264
264	1	264	265
265	6	265	266
266	2	265	267
267	1	267	268
268	6	268	269
269	2	268	270
270	1	270	271
271	4	271	272
272	2	271	273
273	1	273	274
274	4	274	275
275	2	274	276
276	1	276	277
277	4	277	278
278	2	277	279
279	1	279	280
280	4	280	281
281	2	280	282
282	1	282	283
283	5	283	284
284	2	283	285
285	1	285	286
286	3	286	287
287	2	286	288
288	1	288	289
289	4	289	290
290	2	289	291
291	1	291	292
292	5	292	293
293	2	292	294
294	1	294	295
295	5	295	296
296	2	295	297
297	1	297	298
298	3	298	299
299	2	298	300
300	1	300	301
301	5	301	302
302	2	301	303
303	1	303	304
304	6	304	305
305	2	304	306
306	1	306	307
307	3	307	308
308	2	307	309
309	1	309	310
310	5	310	311
311	2	310	312
312	1	312	313
313	4	313	314
314	2	313	315
315	1	315	316
316	4	316	317
317	2	316	318
318	1	318	319
319	4	319	320
320	2	319	321
321	1	321	322
322	6	322	323
323	2	322	324
324	1	324	325
325	6	325	326
326	2	325	327
327	1	327	328
328	3	328	329
329	2	328	330
330	1	330	331
331	3	331	332
332	2	331	333
333	1	333	334
334	3	334	335
335	2	334	336
336	1	336	337
337	4	337	338
338	2	337	339
339	1	339	340
340	3	340	341
341	2	340	342
342	1	342	343
343	6	343	344
344	2	343	345
345	1	345	346
346	3	346	347
347	2	346	348
348	1	348	349
349	6	349	350
350	2	349	351
351	1	351	352
352	4	352	353
353	2	352	354
354	1	354	355
355	4	355	356
356	2	355	357
357	1	357	358
358	4	358	359
359	2	358	360
360	1	360	361
361	4	361	362
362	2	361	363
363	1	363	364
364	5	364	365
365	2	364	366
366	1	366	367
367	5	367	368
368	2	367	369
369	1	369	370
370	4	370	371
371	2	370	372
372	1	372	373
373	3	373	374
374	2	373	375
375	1	375	376
376	5	376	377
377	2	376	378
378	1	378	379
379	4	379	380
380	2	379	381
381	1	381	382
382	3	382	383
383	2	382	384
384	1	384	385
385	4	385	386
386	2	385	387
387	1	387	388
388	6	388	389
389	2	388	390
390	1	390	391
391	4	391	392
392	2	391	393
393	1	393	394
394	5	394	395
395	2	394	396
396	1	396	397
397	6	397	398
398	2	397	399
399	1	399	400
400	3	400	401
401	2	400	402
402	1	402	403
403	5	403	404
404	2	403	405
405	1	405	406
406	5	406	407
407	2	406	408
408	1	408	409
409	4	409	410
410	2	409	411
411	1	411	412
412	5	412	413
413	2	412	414
414	1	414	415
415	3	415	416
416	2	415	417
417	1	417	418
418	4	418	419
419	2	418	420
420	1	420	421
421	4	421	422
422	2	421	423
423	1	423	424
424	6	424	425
425	2	424	426
426	1	426	427
427	4	427	428
428	2	427	429
429	1	429	430
430	6	430	431
431	2	430	432
432	1	432	433
433	6	433	434
434	2	433	435
435	1	435	436
436	3	436	437
437	2	436	438
438	1	438	439
439	5	439	440
440	2	439	441
441	1	441	442
442	5	442	443
443	2	442	444
444	1	444	445
445	6	445	446
446	2	445	447
447	1	447	448
448	5	448	449
449	2	448	450
450	1	450	451
451	5	451	452
452	2	451	453
453	1	453	454
454	6	454	455
455	2	454	456
456	1	456	457
457	5	457	458
458	2	457	459
459	1	459	460
460	5	460	461
461	2	460	462
462	1	462	463
463	6	463	464
464	2	463	465
465	1	465	466
466	5	466	467
467	2	466	468
468	1	468	469
469	5	469	470
470	2	469	471
471	1	471	472
472	6	472	473
473	2	472	474
474	1	474	475
475	6	475	476
476	2	475	477
477	1	477	478
478	3	478	479
479	2	478	480
480	1	480	481
481	5	481	482
482	2	481	483
483	1	483	484
484	4	484	485
485	2	484	486
486	1	486	487
487	3	487	488
488	2	487	489
489	1	489	490
490	6	490	491
491	2	490	492
492	1	492	493
493	4	493	494
494	2	493	495
495	1	495	496
496	4	496	497
497	2	496	498
498	1	498	499
499	3	499	500
500	2	499	501
501	1	501	502
502	6	502	503
503	2	502	504
504	1	504	505
505	3	505	506
506	2	505	507
507	1	507	508
508	4	508	509
509	2	508	510
510	1	510	511
511	5	511	512
512	2	511	513
513	1	513	514
514	6	514	515
515	2	514	516
516	1	516	517
517	3	517	518
518	2	517	519
519	1	519	520
520	6	520	521
521	2	520	522
522	1	522	523
523	3	523	524
524	2	523	525
525	1	525	526
526	5	526	527
527	2	526	528
528	1	528	529
529	5	529	530
530	2	529	531
531	1	531	532
532	3	532	533
533	2	532	534
534	1	534	535
535	4	535	536
536	2	535	537
537	1	537	538
538	5	538	539
539	2	538	540
540	1	540	541
541	4	541	542
542	2	541	543
543	1	543	544
544	3	544	545
545	2	544	546
546	1	546	547
547	3	547	548
548	2	547	549
549	1	549	550
550	6	550	551
551	2	550	552
552	1	552	553
553	6	553	554
554	2	553	555
555	1	555	556
556	4	556	557
557	2	556	558
558	1	558	559
559	5	559	560
560	2	559	561
561	1	561	562
562	6	562	563
563	2	562	564
564	1	564	565
565	3	565	566
566	2	565	567
567	1	567	568
568	5	568	569
569	2	568	570
570	1	570	571
571	3	571	572
572	2	571	573
573	1	573	574
574	4	574	575
575	2	574	576
576	1	576	577
577	3	577	578
578	2	577	579
579	1	579	580
580	6	580	581
581	2	580	582
582	1	582	583
583	4	583	584
584	2	583	585
585	1	585	586
586	3	586	587
587	2	586	588
588	1	588	589
589	6	589	590
590	2	589	591
591	1	591	592
592	6	592	593
593	2	592	594
594	1	594	595
595	3	595	596
596	2	595	597
597	1	597	598
598	3	598	599
599	2	598	600
600	1	600	601
601	3	601	602
602	2	601	603
603	1	603	604
604	3	604	605
605	2	604	606
606	1	606	607
607	5	607	608
608	2	607	609
609	1	609	610
610	4	610	611
611	2	610	612
612	1	612	613
613	5	613	614
614	2	613	615
615	1	615	616
616	4	616	617
617	2	616	618
618	1	618	619
619	3	619	620
620	2	619	621
621	1	621	622
622	4	622	623
623	2	622	624
624	1	624	625
625	4	625	626
626	2	625	627
627	1	627	628
628	4	628	629
629	2	628	630
630	1	630	631
631	5	631	632
632	2	631	633
633	1	633	634
634	5	634	635
635	2	634	636
636	1	636	637
637	3	637	638
638	2	637	639
639	1	639	640
640	3	640	641
641	2	640	642
642	1	642	643
643	3	643	644
644	2	643	645
645	1	645	646
646	6	646	647
647	2	646	648
648	1	648	649
649	4	649	650
650	2	649	651
651	1	651	652
652	5	652	653
653	2	652	654
654	1	654	655
655	6	655	656
656	2	655	657
657	1	657	658
658	4	658	659
659	2	658	660
660	1	660	661
661	6	661	662
662	2	661	663
663	1	663	664
664	6	664	665
665	2	664	666
666	1	666	667
667	3	667	668
668	2	667	669
669	1	669	670
670	4	670	671
671	2	670	672
672	1	672	673
673	6	673	674
674	2	673	675
675	1	675	676
676	3	676	677
677	2	676	678
678	1	678	679
679	3	679	680
680	2	679	681
681	1	681	682
682	3	682	683
683	2	682	684
684	1	684	685
685	3	685	686
686	2	685	687
687	1	687	688
688	5	688	689
689	2	688	690
690	1	690	691
691	5	691	692
692	2	691	693
693	1	693	694
694	6	694	695
695	2	694	696
696	1	696	697
697	3	697	698
698	2	697	699
699	1	699	700
700	4	700	701
701	2	700	702
702	1	702	703
703	5	703	704
704	2	703	705
705	1	705	706
706	4	706	707
707	2	706	708
708	1	708	709
709	4	709	710
710	2	709	711
711	1	711	712
712	6	712	713
713	2	712	714
714	1	714	715
715	3	715	716
716	2	715	717
717	1	717	718
718	5	718	719
719	2	718	720
720	1	720	721
721	6	721	722
722	2	721	723
723	1	723	724
724	4	724	725
725	2	724	726
726	1	726	727
727	5	727	728
728	2	727	729
729	1	729	730
730	5	730	731
731	2	730	732
732	1	732	733
733	3	733	734
734	2	733	735
735	1	735	736
736	4	736	737
737	2	736	738
738	1	738	739
739	4	739	740
740	2	739	741
741	1	741	742
742	6	742	743
743	2	742	744
744	1	744	745
745	6	745	746
746	2	745	747
747	1	747	748
748	3	748	749
749	2	748	750
750	1	750	751
751	5	751	752
752	2	751	753
753	1	753	754
754	6	754	755
755	2	754	756
756	1	756	757
757	4	757	758
758	2	757	759
759	1	759	760
760	5	760	761
761	2	760	762
762	1	762	763
763	3	763	764
764	2	763	765
765	1	765	766
766	3	766	767
767	2	766	768
768	1	768	769
769	6	769	770
770	2	769	771
771	1	771	772
772	3	772	773
773	2	772	774
774	1	774	775
775	4	775	776
776	2	775	777
777	1	777	778
778	5	778	779
779	2	778	780
780	1	780	781
781	6	781	782
782	2	781	783
783	1	783	784
784	6	784	785
785	2	784	786
786	1	786	787
787	4	787	788
788	2	787	789
789	1	789	790
790	4	790	791
791	2	790	792
792	1	792	793
793	4	793	794
794	2	793	795
795	1	795	796
796	4	796	797
797	2	796	798
798	1	798	799
799	5	799	800
800	2	799	801
801	1	801	802
802	3	802	803
803	2	802	804
804	1	804	805
805	4	805	806
806	2	805	807
807	1	807	808
808	5	808	809
809	2	808	810
810	1	810	811
811	5	811	812
812	2	811	813
813	1	813	814
814	3	814	815
815	2	814	816
816	1	816	817
817	5	817	818
818	2	817	819
819	1	819	820
820	6	820	821
821	2	820	822
822	1	822	823
823	3	823	824
824	2	823	825
825	1	825	826
826	5	826	827
827	2	826	828
828	1	828	829
829	4	829	830
830	2	829	831
831	1	831	832
832	4	832	833
833	2	832	834
834	1	834	835
835	4	835	836
836	2	835	837
837	1	837	838
838	6	838	839
839	2	838	840
840	1	840	841
841	6	841	842
842	2	841	843
843	1	843	844
844	3	844	845
845	2	844	846
846	1	846	847
847	3	847	848
848	2	847	849
849	1	849	850
850	3	850	851
851	2	850	852
852	1	852	853
853	4	853	854
854	2	853	855
855	1	855	856
856	3	856	857
857	2	856	858
858	1	858	859
859	6	859	860
860	2	859	861
861	1	861	862
862	3	862	863
863	2	862	864
864	1	864	865
865	6	865	866
866	2	865	867
867	1	867	868
868	4	868	869
869	2	868	870
870	1	870	871
871	4	871	872
872	2	871	873
873	1	873	874
874	4	874	875
875	2	874	876
876	1	876	877
877	4	877	878
878	2	877	879
879	1	879	880
880	5	880	881
881	2	880	882
882	1	882	883
883	5	883	884
884	2	883	885
885	1	885	886
886	4	886	887
887	2	886	888
888	1	888	889
889	3	889	890
890	2	889	891
891	1	891	892
892	5	892	893
893	2	892	894
894	1	894	895
895	4	895	896
896	2	895	897
897	1	897	898
898	3	898	899
899	2	898	900
900	1	900	901
901	4	901	902
902	2	901	903
903	1	903	904
904	6	904	905
905	2	904	906
906	1	906	907
907	4	907	908
908	2	907	909
909	1	909	910
910	5	910	911
911	2	910	912
912	1	912	913
913	6	913	914
914	2	913	915
915	1	915	916
916	3	916	917
917	2	916	918
918	1	918	919
919	5	919	920
920	2	919	921
921	1	921	922
922	5	922	923
923	2	922	924
924	1	924	925
925	4	925	926
926	2	925	927
927	1	927	928
928	5	928	929
929	2	928	930
930	1	930	931
931	3	931	932
932	2	931	933
933	1	933	934
934	4	934	935
935	2	934	936
936	1	936	937
937	4	937	938
938	2	937	939
939	1	939	940
940	6	940	941
941	2	940	942
942	1	942	943
943	4	943	944
944	2	943	945
945	1	945	946
946	6	946	947
947	2	946	948
948	1	948	949
949	6	949	950
950	2	949	951
951	1	951	952
952	3	952	953
953	2	952	954
954	1	954	955
955	5	955	956
956	2	955	957
957	1	957	958
958	5	958	959
959	2	958	960
960	1	960	961
961	6	961	962
962	2	961	963
963	1	963	964
964	5	964	965
965	2	964	966
966	1	966	967
967	5	967	968
968	2	967	969
969	1	969	970
970	6	970	971
971	2	970	972
972	1	972	973
973	5	973	974
974	2	973	975
975	1	975	976
976	5	976	977
977	2	976	978
978	1	978	979
979	6	979	980
980	2	979	981
981	1	981	982
982	5	982	983
983	2	982	984
984	1	984	985
985	5	985	986
986	2	985	987
987	1	987	988
988	6	988	989
989	2	988	990
990	1	990	991
991	6	991	992
992	2	991	993
993	1	993	994
994	3	994	995
995	2	994	996
996	1	996	997
997	5	997	998
998	2	997	999
999	1	999	1000
1000	4	1000	1001
1001	2	1000	1002
1002	1	1002	1003
1003	3	1003	1004
1004	2	1003	1005
1005	1	1005	1006
1006	6	1006	1007
1007	2	1006	1008
1008	1	1008	1009
1009	4	1009	1010
1010	2	1009	1011
1011	1	1011	1012
1012	4	1012	1013
1013	2	1012	1014
1014	1	1014	1015
1015	3	1015	1016
1016	2	1015	1017
1017	1	1017	1018
1018	6	1018	1019
1019	2	1018	1020
1020	1	1020	1021
1021	3	1021	1022
1022	2	1021	1023
1023	1	1023	1024
1024	4	1024	1025
1025	2	1024	1026
1026	1	1026	1027
1027	5	1027	1028
1028	2	1027	1029
1029	1	1029	1030
1030	6	1030	1031
1031	2	1030	1032
1032	1	1032	1033
1033	3	1033	1034
1034	2	1033	1035
1035	1	1035	1036
1036	6	1036	1037
1037	2	1036	1038
1038	1	1038	1039
1039	3	1039	1040
1040	2	1039	1041
1041	1	1041	1042
1042	5	1042	1043
1043	2	1042	1044
1044	1	1044	1045
1045	5	1045	1046
1046	2	1045	1047
1047	1	1047	1048
1048	3	1048	1049
1049	2	1048	1050
1050	1	1050	1051
1051	4	1051	1052
1052	2	1051	1053
1053	1	1053	1054
1054	5	1054	1055
1055	2	1054	1056
1056	1	1056	1057
1057	4	1057	1058
1058	2	1057	1059
1059	1	1059	1060
1060	3	1060	1061
1061	2	1060	1062
1062	1	1062	1063
1063	3	1063	1064
1064	2	1063	1065
1065	1	1065	1066
1066	6	1066	1067
1067	2	1066	1068
1068	1	1068	1069
1069	6	1069	1070
1070	2	1069	1071
1071	1	1071	1072
1072	4	1072	1073
1073	2	1072	1074
1074	1	1074	1075
1075	5	1075	1076
1076	2	1075	1077
1077	1	1077	1078
1078	6	1078	1079
1079	2	1078	1080
1080	1	1080	1081
1081	3	1081	1082
1082	2	1081	1083
1083	1	1083	1084
1084	5	1084	1085
1085	2	1084	1086
1086	1	1086	1087
1087	3	1087	1088
1088	2	1087	1089
1089	1	1089	1090
1090	4	1090	1091
1091	2	1090	1092
1092	1	1092	1093
1093	3	1093	1094
1094	2	1093	1095
1095	1	1095	1096
1096	6	1096	1097
1097	2	1096	1098
1098	1	1098	1099
1099	4	1099	1100
1100	2	1099	1101
1101	1	1101	1102
1102	3	1102	1103
1103	2	1102	1104
1104	1	1104	1105
1105	6	1105	1106
1106	2	1105	1107
1107	1	1107	1108
1108	6	1108	1109
1109	2	1108	1110
1110	1	1110	1111
1111	3	1111	1112
1112	2	1111	1113
1113	1	1113	1114
1114	3	1114	1115
1115	2	1114	1116
1116	1	1116	1117
1117	3	1117	1118
1118	2	1117	1119
1119	1	1119	1120
1120	3	1120	1121
1121	2	1120	1122
1122	1	1122	1123
1123	5	1123	1124
1124	2	1123	1125
1125	1	1125	1126
1126	4	1126	1127
1127	2	1126	1128
1128	1	1128	1129
1129	5	1129	1130
1130	2	1129	1131
1131	1	1131	1132
1132	4	1132	1133
1133	2	1132	1134
1134	1	1134	1135
1135	3	1135	1136
1136	2	1135	1137
1137	1	1137	1138
1138	4	1138	1139
1139	2	1138	1140
1140	1	1140	1141
1141	4	1141	1142
1142	2	1141	1143
1143	1	1143	1144
1144	4	1144	1145
1145	2	1144	1146
1146	1	1146	1147
1147	5	1147	1148
1148	2	1147	1149
1149	1	1149	1150
1150	5	1150	1151
1151	2	1150	1152
1152	1	1152	1153
1153	3	1153	1154
1154	2	1153	1155
1155	1	1155	1156
1156	3	1156	1157
1157	2	1156	1158
1158	1	1158	1159
1159	3	1159	1160
1160	2	1159	1161
1161	1	1161	1162
1162	6	1162	1163
1163	2	1162	1164
1164	1	1164	1165
1165	4	1165	1166
1166	2	1165	1167
1167	1	1167	1168
1168	5	1168	1169
1169	2	1168	1170
1170	1	1170	1171
1171	6	1171	1172
1172	2	1171	1173
1173	1	1173	1174
1174	4	1174	1175
1175	2	1174	1176
1176	1	1176	1177
1177	6	1177	1178
1178	2	1177	1179
1179	1	1179	1180
1180	6	1180	1181
1181	2	1180	1182
1182	1	1182	1183
1183	3	1183	1184
1184	2	1183	1185
1185	1	1185	1186
1186	4	1186	1187
1187	2	1186	1188
1188	1	1188	1189
1189	6	1189	1190
1190	2	1189	1191
1191	1	1191	1192
1192	3	1192	1193
1193	2	1192	1194
1194	1	1194	1195
1195	3	1195	1196
1196	2	1195	1197
1197	1	1197	1198
1198	3	1198	1199
1199	2	1198	1200
1200	1	1200	1201
1201	3	1201	1202
1202	2	1201	1203
1203	1	1203	1204
1204	5	1204	1205
1205	2	1204	1206
1206	1	1206	1207
1207	5	1207	1208
1208	2	1207	1209
1209	1	1209	1210
1210	6	1210	1211
1211	2	1210	1212
1212	1	1212	1213
1213	3	1213	1214
1214	2	1213	1215
1215	1	1215	1216
1216	4	1216	1217
1217	2	1216	1218
1218	1	1218	1219
1219	5	1219	1220
1220	2	1219	1221
1221	1	1221	1222
1222	4	1222	1223
1223	2	1222	1224
1224	1	1224	1225
1225	4	1225	1226
1226	2	1225	1227
1227	1	1227	1228
1228	6	1228	1229
1229	2	1228	1230
1230	1	1230	1231
1231	3	1231	1232
1232	2	1231	1233
1233	1	1233	1234
1234	5	1234	1235
1235	2	1234	1236
1236	1	1236	1237
1237	6	1237	1238
1238	2	1237	1239
1239	1	1239	1240
1240	4	1240	1241
1241	2	1240	1242
1242	1	1242	1243
1243	5	1243	1244
1244	2	1243	1245
1245	1	1245	1246
1246	5	1246	1247
1247	2	1246	1248
1248	1	1248	1249
1249	3	1249	1250
1250	2	1249	1251
1251	1	1251	1252
1252	4	1252	1253
1253	2	1252	1254
1254	1	1254	1255
1255	4	1255	1256
1256	2	1255	1257
1257	1	1257	1258
1258	6	1258	1259
1259	2	1258	1260
1260	1	1260	1261
1261	6	1261	1262
1262	2	1261	1263
1263	1	1263	1264
1264	3	1264	1265
1265	2	1264	1266
1266	1	1266	1267
1267	5	1267	1268
1268	2	1267	1269
1269	1	1269	1270
1270	6	1270	1271
1271	2	1270	1272
1272	1	1272	1273
1273	4	1273	1274
1274	2	1273	1275
1275	1	1275	1276
1276	5	1276	1277
1277	2	1276	1278
1278	1	1278	1279
1279	3	1279	1280
1280	2	1279	1281
1281	1	1281	1282
1282	3	1282	1283
1283	2	1282	1284
1284	1	1284	1285
1285	6	1285	1286
1286	2	1285	1287
1287	1	1287	1288
1288	3	1288	1289
1289	2	1288	1290
1290	1	1290	1291
1291	4	1291	1292
1292	2	1291	1293
1293	1	1293	1294
1294	5	1294	1295
1295	2	1294	1296
1296	1	1296	1297
1297	6	1297	1298
1298	2	1297	1299
1299	1	1299	1300
1300	6	1300	1301
1301	2	1300	1302
1302	1	1302	1303
1303	4	1303	1304
1304	2	1303	1305
1305	1	1305	1306
1306	4	1306	1307
1307	2	1306	1308
1308	1	1308	1309
1309	4	1309	1310
1310	2	1309	1311
1311	1	1311	1312
1312	4	1312	1313
1313	2	1312	1314
1314	1	1314	1315
1315	5	1315	1316
1316	2	1315	1317
1317	1	1317	1318
1318	3	1318	1319
1319	2	1318	1320
1320	1	1320	1321
1321	4	1321	1322
1322	2	1321	1323
1323	1	1323	1324
1324	5	1324	1325
1325	2	1324	1326
1326	1	1326	1327
1327	5	1327	1328
1328	2	1327	1329
1329	1	1329	1330
1330	3	1330	1331
1331	2	1330	1332
1332	1	1332	1333
1333	5	1333	1334
1334	2	1333	1335
1335	1	1335	1336
1336	6	1336	1337
1337	2	1336	1338
1338	1	1338	1339
1339	3	1339	1340
1340	2	1339	1341
1341	1	1341	1342
1342	5	1342	1343
1343	2	1342	1344
1344	1	1344	1345
1345	4	1345	1346
1346	2	1345	1347
1347	1	1347	1348
1348	4	1348	1349
1349	2	1348	1350
1350	1	1350	1351
1351	4	1351	1352
1352	2	1351	1353
1353	1	1353	1354
1354	6	1354	1355
1355	2	1354	1356
1356	1	1356	1357
1357	6	1357	1358
1358	2	1357	1359
1359	1	1359	1360
1360	3	1360	1361
1361	2	1360	1362
1362	1	1362	1363
1363	3	1363	1364
1364	2	1363	1365
1365	1	1365	1366
1366	3	1366	1367
1367	2	1366	1368
1368	1	1368	1369
1369	4	1369	1370
1370	2	1369	1371
1371	1	1371	1372
1372	3	1372	1373
1373	2	1372	1374
1374	1	1374	1375
1375	6	1375	1376
1376	2	1375	1377
1377	1	1377	1378
1378	3	1378	1379
1379	2	1378	1380
1380	1	1380	1381
1381	6	1381	1382
1382	2	1381	1383
1383	1	1383	1384
1384	4	1384	1385
1385	2	1384	1386
1386	1	1386	1387
1387	4	1387	1388
1388	2	1387	1389
1389	1	1389	1390
1390	4	1390	1391
1391	2	1390	1392
1392	1	1392	1393
1393	4	1393	1394
1394	2	1393	1395
1395	1	1395	1396
1396	5	1396	1397
1397	2	1396	1398
1398	1	1398	1399
1399	5	1399	1400
1400	2	1399	1401
1401	1	1401	1402
1402	4	1402	1403
1403	2	1402	1404
1404	1	1404	1405
1405	3	1405	1406
1406	2	1405	1407
1407	1	1407	1408
1408	5	1408	1409
1409	2	1408	1410
1410	1	1410	1411
1411	4	1411	1412
1412	2	1411	1413
1413	1	1413	1414
1414	3	1414	1415
1415	2	1414	1416
1416	1	1416	1417
1417	4	1417	1418
1418	2	1417	1419
1419	1	1419	1420
1420	6	1420	1421
1421	2	1420	1422
1422	1	1422	1423
1423	4	1423	1424
1424	2	1423	1425
1425	1	1425	1426
1426	5	1426	1427
1427	2	1426	1428
1428	1	1428	1429
1429	6	1429	1430
1430	2	1429	1431
1431	1	1431	1432
1432	3	1432	1433
1433	2	1432	1434
1434	1	1434	1435
1435	5	1435	1436
1436	2	1435	1437
1437	1	1437	1438
1438	5	1438	1439
1439	2	1438	1440
1440	1	1440	1441
1441	4	1441	1442
1442	2	1441	1443
1443	1	1443	1444
1444	5	1444	1445
1445	2	1444	1446
1446	1	1446	1447
1447	3	1447	1448
1448	2	1447	1449
1449	1	1449	1450
1450	4	1450	1451
1451	2	1450	1452
1452	1	1452	1453
1453	4	1453	1454
1454	2	1453	1455
1455	1	1455	1456
1456	6	1456	1457
1457	2	1456	1458
1458	1	1458	1459
1459	4	1459	1460
1460	2	1459	1461
1461	1	1461	1462
1462	6	1462	1463
1463	2	1462	1464
1464	1	1464	1465
1465	6	1465	1466
1466	2	1465	1467
1467	1	1467	1468
1468	3	1468	1469
1469	2	1468	1470
1470	1	1470	1471
1471	5	1471	1472
1472	2	1471	1473
1473	1	1473	1474
1474	5	1474	1475
1475	2	1474	1476
1476	1	1476	1477
1477	6	1477	1478
1478	2	1477	1479
1479	1	1479	1480
1480	5	1480	1481
1481	2	1480	1482
1482	1	1482	1483
1483	5	1483	1484
1484	2	1483	1485
1485	1	1485	1486
1486	6	1486	1487
1487	2	1486	1488
1488	1	1488	1489
1489	5	1489	1490
1490	2	1489	1491
1491	1	1491	1492
1492	5	1492	1493
1493	2	1492	1494
1494	1	1494	1495
1495	6	1495	1496
1496	2	1495	1497
1497	1	1497	1498
1498	5	1498	1499
1499	2	1498	1500
1500	1	1500	1501
1501	5	1501	1502
1502	2	1501	1503
1503	1	1503	1504
1504	6	1504	1505
1505	2	1504	1506
1506	1	1506	1507
1507	6	1507	1508
1508	2	1507	1509
1509	1	1509	1510
1510	3	1510	1511
1511	2	1510	1512
1512	1	1512	1513
1513	5	1513	1514
1514	2	1513	1515
1515	1	1515	1516
1516	4	1516	1517
1517	2	1516	1518
1518	1	1518	1519
1519	3	1519	1520
1520	2	1519	1521
1521	1	1521	1522
1522	6	1522	1523
1523	2	1522	1524
1524	1	1524	1525
1525	4	1525	1526
1526	2	1525	1527
1527	1	1527	1528
1528	4	1528	1529
1529	2	1528	1530
1530	1	1530	1531
1531	3	1531	1532
1532	2	1531	1533
1533	1	1533	1534
1534	6	1534	1535
1535	2	1534	1536
1536	1	1536	1537
1537	3	1537	1538
1538	2	1537	1539
1539	1	1539	1540
1540	4	1540	1541
1541	2	1540	1542
1542	1	1542	1543
1543	5	1543	1544
1544	2	1543	1545
1545	1	1545	1546
1546	6	1546	1547
1547	2	1546	1548
1548	1	1548	1549
1549	3	1549	1550
1550	2	1549	1551
1551	1	1551	1552
1552	6	1552	1553
1553	2	1552	1554
1554	1	1554	1555
1555	3	1555	1556
1556	2	1555	1557
1557	1	1557	1558
1558	5	1558	1559
1559	2	1558	1560
1560	1	1560	1561
1561	5	1561	1562
1562	2	1561	1563
1563	1	1563	1564
1564	3	1564	1565
1565	2	1564	1566
1566	1	1566	1567
1567	4	1567	1568
1568	2	1567	1569
1569	1	1569	1570
1570	5	1570	1571
1571	2	1570	1572
1572	1	1572	1573
1573	4	1573	1574
1574	2	1573	1575
1575	1	1575	1576
1576	3	1576	1577
1577	2	1576	1578
1578	1	1578	1579
1579	3	1579	1580
1580	2	1579	1581
1581	1	1581	1582
1582	6	1582	1583
1583	2	1582	1584
1584	1	1584	1585
1585	6	1585	1586
1586	2	1585	1587
1587	1	1587	1588
1588	4	1588	1589
1589	2	1588	1590
1590	1	1590	1591
1591	5	1591	1592
1592	2	1591	1593
1593	1	1593	1594
1594	6	1594	1595
1595	2	1594	1596
1596	1	1596	1597
1597	3	1597	1598
1598	2	1597	1599
1599	1	1599	1600
1600	5	1600	1601
1601	2	1600	1602
1602	1	1602	1603
1603	3	1603	1604
1604	2	1603	1605
1605	1	1605	1606
1606	4	1606	1607
1607	2	1606	1608
1608	1	1608	1609
1609	3	1609	1610
1610	2	1609	1611
1611	1	1611	1612
1612	6	1612	1613
1613	2	1612	1614
1614	1	1614	1615
1615	4	1615	1616
1616	2	1615	1617
1617	1	1617	1618
1618	3	1618	1619
1619	2	1618	1620
1620	1	1620	1621
1621	6	1621	1622
1622	2	1621	1623
1623	1	1623	1624
1624	6	1624	1625
1625	2	1624	1626
1626	1	1626	1627
1627	3	1627	1628
1628	2	1627	1629
1629	1	1629	1630
1630	3	1630	1631
1631	2	1630	1632
1632	1	1632	1633
1633	3	1633	1634
1634	2	1633	1635
1635	1	1635	1636
1636	3	1636	1637
1637	2	1636	1638
1638	1	1638	1639
1639	5	1639	1640
1640	2	1639	1641
1641	1	1641	1642
1642	4	1642	1643
1643	2	1642	1644
1644	1	1644	1645
1645	5	1645	1646
1646	2	1645	1647
1647	1	1647	1648
1648	4	1648	1649
1649	2	1648	1650
1650	1	1650	1651
1651	3	1651	1652
1652	2	1651	1653
1653	1	1653	1654
1654	4	1654	1655
1655	2	1654	1656
1656	1	1656	1657
1657	4	1657	1658
1658	2	1657	1659
1659	1	1659	1660
1660	4	1660	1661
1661	2	1660	1662
1662	1	1662	1663
1663	5	1663	1664
1664	2	1663	1665
1665	1	1665	1666
1666	5	1666	1667
1667	2	1666	1668
1668	1	1668	1669
1669	3	1669	1670
1670	2	1669	1671
1671	1	1671	1672
1672	3	1672	1673
1673	2	1672	1674
1674	1	1674	1675
1675	3	1675	1676
1676	2	1675	1677
1677	1	1677	1678
1678	6	1678	1679
1679	2	1678	1680
1680	1	1680	1681
1681	4	1681	1682
1682	2	1681	1683
1683	1	1683	1684
1684	5	1684	1685
1685	2	1684	1686
1686	1	1686	1687
1687	6	1687	1688
1688	2	1687	1689
1689	1	1689	1690
1690	4	1690	1691
1691	2	1690	1692
1692	1	1692	1693
1693	6	1693	1694
1694	2	1693	1695
1695	1	1695	1696
1696	6	1696	1697
1697	2	1696	1698
1698	1	1698	1699
1699	3	1699	1700
1700	2	1699	1701
1701	1	1701	1702
1702	4	1702	1703
1703	2	1702	1704
1704	1	1704	1705
1705	6	1705	1706
1706	2	1705	1707
1707	1	1707	1708
1708	3	1708	1709
1709	2	1708	1710
1710	1	1710	1711
1711	3	1711	1712
1712	2	1711	1713
1713	1	1713	1714
1714	3	1714	1715
1715	2	1714	1716
1716	1	1716	1717
1717	3	1717	1718
1718	2	1717	1719
1719	1	1719	1720
1720	5	1720	1721
1721	2	1720	1722
1722	1	1722	1723
1723	5	1723	1724
1724	2	1723	1725
1725	1	1725	1726
1726	6	1726	1727
1727	2	1726	1728
1728	1	1728	1729
1729	3	1729	1730
1730	2	1729	1731
1731	1	1731	1732
1732	4	1732	1733
1733	2	1732	1734
1734	1	1734	1735
1735	5	1735	1736
1736	2	1735	1737
1737	1	1737	1738
1738	4	1738	1739
1739	2	1738	1740
1740	1	1740	1741
1741	4	1741	1742
1742	2	1741	1743
1743	1	1743	1744
1744	6	1744	1745
1745	2	1744	1746
1746	1	1746	1747
1747	3	1747	1748
1748	2	1747	1749
1749	1	1749	1750
1750	5	1750	1751
1751	2	1750	1752
1752	1	1752	1753
1753	6	1753	1754
1754	2	1753	1755
1755	1	1755	1756
1756	4	1756	1757
1757	2	1756	1758
1758	1	1758	1759
1759	5	1759	1760
1760	2	1759	1761
1761	1	1761	1762
1762	5	1762	1763
1763	2	1762	1764
1764	1	1764	1765
1765	3	1765	1766
1766	2	1765	1767
1767	1	1767	1768
1768	4	1768	1769
1769	2	1768	1770
1770	1	1770	1771
1771	4	1771	1772
1772	2	1771	1773
1773	1	1773	1774
1774	6	1774	1775
1775	2	1774	1776
1776	1	1776	1777
1777	6	1777	1778
1778	2	1777	1779
1779	1	1779	1780
1780	3	1780	1781
1781	2	1780	1782
1782	1	1782	1783
1783	5	1783	1784
1784	2	1783	1785
1785	1	1785	1786
1786	6	1786	1787
1787	2	1786	1788
1788	1	1788	1789
1789	4	1789	1790
1790	2	1789	1791
1791	1	1791	1792
1792	5	1792	1793
1793	2	1792	1794
1794	1	1794	1795
1795	3	1795	1796
1796	2	1795	1797
1797	1	1797	1798
1798	3	1798	1799
1799	2	1798	1800
1800	1	1800	1801
1801	6	1801	1802
1802	2	1801	1803
1803	1	1803	1804
1804	3	1804	1805
1805	2	1804	1806
1806	1	1806	1807
1807	4	1807	1808
1808	2	1807	1809
1809	1	1809	1810
1810	5	1810	1811
1811	2	1810	1812
1812	1	1812	1813
1813	6	1813	1814
1814	2	1813	1815
1815	1	1815	1816
1816	6	1816	1817
1817	2	1816	1818
1818	1	1818	1819
1819	4	1819	1820
1820	2	1819	1821
1821	1	1821	1822
1822	4	1822	1823
1823	2	1822	1824
1824	1	1824	1825
1825	4	1825	1826
1826	2	1825	1827
1827	1	1827	1828
1828	4	1828	1829
1829	2	1828	1830
1830	1	1830	1831
1831	5	1831	1832
1832	2	1831	1833
1833	1	1833	1834
1834	3	1834	1835
1835	2	1834	1836
1836	1	1836	1837
1837	4	1837	1838
1838	2	1837	1839
1839	1	1839	1840
1840	5	1840	1841
1841	2	1840	1842
1842	1	1842	1843
1843	5	1843	1844
1844	2	1843	1845
1845	1	1845	1846
1846	3	1846	1847
1847	2	1846	1848
1848	1	1848	1849
1849	5	1849	1850
1850	2	1849	1851
1851	1	1851	1852
1852	6	1852	1853
1853	2	1852	1854
1854	1	1854	1855
1855	3	1855	1856
1856	2	1855	1857
1857	1	1857	1858
1858	5	1858	1859
1859	2	1858	1860
1860	1	1860	1861
1861	4	1861	1862
1862	2	1861	1863
1863	1	1863	1864
1864	4	1864	1865
1865	2	1864	1866
1866	1	1866	1867
1867	4	1867	1868
1868	2	1867	1869
1869	1	1869	1870
1870	6	1870	1871
1871	2	1870	1872
1872	1	1872	1873
1873	6	1873	1874
1874	2	1873	1875
1875	1	1875	1876
1876	3	1876	1877
1877	2	1876	1878
1878	1	1878	1879
1879	3	1879	1880
1880	2	1879	1881
1881	1	1881	1882
1882	3	1882	1883
1883	2	1882	1884
1884	1	1884	1885
1885	4	1885	1886
1886	2	1885	1887
1887	1	1887	1888
1888	3	1888	1889
1889	2	1888	1890
1890	1	1890	1891
1891	6	1891	1892
1892	2	1891	1893
1893	1	1893	1894
1894	3	1894	1895
1895	2	1894	1896
1896	1	1896	1897
1897	6	1897	1898
1898	2	1897	1899
1899	1	1899	1900
1900	4	1900	1901
1901	2	1900	1902
1902	1	1902	1903
1903	4	1903	1904
1904	2	1903	1905
1905	1	1905	1906
1906	4	1906	1907
1907	2	1906	1908
1908	1	1908	1909
1909	4	1909	1910
1910	2	1909	1911
1911	1	1911	1912
1912	5	1912	1913
1913	2	1912	1914
1914	1	1914	1915
1915	5	1915	1916
1916	2	1915	1917
1917	1	1917	1918
1918	4	1918	1919
1919	2	1918	1920
1920	1	1920	1921
1921	3	1921	1922
1922	2	1921	1923
1923	1	1923	1924
1924	5	1924	1925
1925	2	1924	1926
1926	1	1926	1927
1927	4	1927	1928
1928	2	1927	1929
1929	1	1929	1930
1930	3	1930	1931
1931	2	1930	1932
1932	1	1932	1933
1933	4	1933	1934
1934	2	1933	1935
1935	1	1935	1936
1936	6	1936	1937
1937	2	1936	1938
1938	1	1938	1939
1939	4	1939	1940
1940	2	1939	1941
1941	1	1941	1942
1942	5	1942	1943
1943	2	1942	1944
1944	1	1944	1945
1945	6	1945	1946
1946	2	1945	1947
1947	1	1947	1948
1948	3	1948	1949
1949	2	1948	1950
1950	1	1950	1951
1951	5	1951	1952
1952	2	1951	1953
1953	1	1953	1954
1954	5	1954	1955
1955	2	1954	1956
1956	1	1956	1957
1957	4	1957	1958
1958	2	1957	1959
1959	1	1959	1960
1960	5	1960	1961
1961	2	1960	1962
1962	1	1962	1963
1963	3	1963	1964
1964	2	1963	1965
1965	1	1965	1966
1966	4	1966	1967
1967	2	1966	1968
1968	1	1968	1969
1969	4	1969	1970
1970	2	1969	1971
1971	1	1971	1972
1972	6	1972	1973
1973	2	1972	1974
1974	1	1974	1975
1975	4	1975	1976
1976	2	1975	1977
1977	1	1977	1978
1978	6	1978	1979
1979	2	1978	1980
1980	1	1980	1981
1981	6	1981	1982
1982	2	1981	1983
1983	1	1983	1984
1984	3	1984	1985
1985	2	1984	1986
1986	1	1986	1987
1987	5	1987	1988
1988	6	1989	1990
1989	2	1989	1991
1990	1	1991	1992
1991	4	1992	1993
1992	2	1992	1994
1993	1	1994	1995
1994	5	1995	1996
1995	2	1995	1997
1996	1	1997	1998
1997	5	1998	1999
1998	2	1998	2000
1999	1	2000	2001
2000	3	2001	2002
2001	2	2001	2003
2002	1	2003	2004
2003	5	2004	2005
2004	2	2004	2006
2005	1	2006	2007
2006	3	2007	2008
2007	2	2007	2009
2008	1	2009	2010
2009	3	2010	2011
2010	2	2010	2012
2011	1	2012	2013
2012	4	2013	2014
2013	2	2013	2015
2014	1	2015	2016
2015	6	2016	2017
2016	2	2016	2018
2017	1	2018	2019
2018	3	2019	2020
2019	2	2019	2021
2020	1	2021	2022
2021	6	2022	2023
2022	2	2022	2024
2023	1	2024	2025
2024	6	2025	2026
2025	2	2025	2027
2026	1	2027	2028
2027	4	2028	2029
2028	2	2028	2030
2029	1	2030	2031
2030	5	2031	2032
2031	2	2031	2033
2032	1	2033	2034
2033	6	2034	2035
2034	2	2034	2036
2035	1	2036	2037
2036	3	2037	2038
2037	2	2037	2039
2038	1	2039	2040
2039	5	2040	2041
2040	2	2040	2042
2041	1	2042	2043
2042	3	2043	2044
2043	2	2043	2045
2044	1	2045	2046
2045	4	2046	2047
2046	2	2046	2048
2047	1	2048	2049
2048	3	2049	2050
2049	2	2049	2051
2050	1	2051	2052
2051	6	2052	2053
2052	2	2052	2054
2053	1	2054	2055
2054	4	2055	2056
2055	2	2055	2057
2056	1	2057	2058
2057	3	2058	2059
2058	2	2058	2060
2059	1	2060	2061
2060	6	2061	2062
2061	2	2061	2063
2062	1	2063	2064
2063	6	2064	2065
2064	2	2064	2066
2065	1	2066	2067
2066	3	2067	2068
2067	2	2067	2069
2068	1	2069	2070
2069	3	2070	2071
2070	2	2070	2072
2071	1	2072	2073
2072	3	2073	2074
2073	2	2073	2075
2074	1	2075	2076
2075	3	2076	2077
2076	2	2076	2078
2077	1	2078	2079
2078	5	2079	2080
2079	2	2079	2081
2080	1	2081	2082
2081	4	2082	2083
2082	2	2082	2084
2083	1	2084	2085
2084	5	2085	2086
2085	2	2085	2087
2086	1	2087	2088
2087	4	2088	2089
2088	2	2088	2090
2089	1	2090	2091
2090	3	2091	2092
2091	2	2091	2093
2092	1	2093	2094
2093	4	2094	2095
2094	2	2094	2096
2095	1	2096	2097
2096	4	2097	2098
2097	2	2097	2099
2098	1	2099	2100
2099	4	2100	2101
2100	2	2100	2102
2101	1	2102	2103
2102	5	2103	2104
2103	2	2103	2105
2104	1	2105	2106
2105	5	2106	2107
2106	2	2106	2108
2107	1	2108	2109
2108	3	2109	2110
2109	2	2109	2111
2110	1	2111	2112
2111	3	2112	2113
2112	2	2112	2114
2113	1	2114	2115
2114	3	2115	2116
2115	2	2115	2117
2116	1	2117	2118
2117	6	2118	2119
2118	2	2118	2120
2119	1	2120	2121
2120	4	2121	2122
2121	2	2121	2123
2122	1	2123	2124
2123	5	2124	2125
2124	2	2124	2126
2125	1	2126	2127
2126	6	2127	2128
2127	2	2127	2129
2128	1	2129	2130
2129	4	2130	2131
2130	2	2130	2132
2131	1	2132	2133
2132	6	2133	2134
2133	2	2133	2135
2134	1	2135	2136
2135	6	2136	2137
2136	2	2136	2138
2137	1	2138	2139
2138	3	2139	2140
2139	2	2139	2141
2140	1	2141	2142
2141	4	2142	2143
2142	2	2142	2144
2143	1	2144	2145
2144	6	2145	2146
2145	2	2145	2147
2146	1	2147	2148
2147	3	2148	2149
2148	2	2148	2150
2149	1	2150	2151
2150	3	2151	2152
2151	2	2151	2153
2152	1	2153	2154
2153	3	2154	2155
2154	2	2154	2156
2155	1	2156	2157
2156	3	2157	2158
2157	2	2157	2159
2158	1	2159	2160
2159	5	2160	2161
2160	2	2160	2162
2161	1	2162	2163
2162	5	2163	2164
2163	2	2163	2165
2164	1	2165	2166
2165	6	2166	2167
2166	2	2166	2168
2167	1	2168	2169
2168	3	2169	2170
2169	2	2169	2171
2170	1	2171	2172
2171	4	2172	2173
2172	2	2172	2174
2173	1	2174	2175
2174	5	2175	2176
2175	2	2175	2177
2176	1	2177	2178
2177	4	2178	2179
2178	2	2178	2180
2179	1	2180	2181
2180	4	2181	2182
2181	2	2181	2183
2182	1	2183	2184
2183	6	2184	2185
2184	2	2184	2186
2185	1	2186	2187
2186	3	2187	2188
2187	2	2187	2189
2188	1	2189	2190
2189	5	2190	2191
2190	2	2190	2192
2191	1	2192	2193
2192	6	2193	2194
2193	2	2193	2195
2194	1	2195	2196
2195	4	2196	2197
2196	2	2196	2198
2197	1	2198	2199
2198	5	2199	2200
2199	2	2199	2201
2200	1	2201	2202
2201	5	2202	2203
2202	2	2202	2204
2203	1	2204	2205
2204	3	2205	2206
2205	2	2205	2207
2206	1	2207	2208
2207	3	2208	2209
2208	2	2208	2210
2209	1	2210	2211
2210	4	2211	2212
2211	2	2211	2213
2212	1	2213	2214
2213	6	2214	2215
2214	2	2214	2216
2215	1	2216	2217
2216	6	2217	2218
2217	2	2217	2219
2218	1	2219	2220
2219	3	2220	2221
2220	2	2220	2222
2221	1	2222	2223
2222	5	2223	2224
2223	2	2223	2225
2224	1	2225	2226
2225	6	2226	2227
2226	2	2226	2228
2227	1	2228	2229
2228	4	2229	2230
2229	2	2229	2231
2230	1	2231	2232
2231	5	2232	2233
2232	2	2232	2234
2233	1	2234	2235
2234	3	2235	2236
2235	2	2235	2237
2236	1	2237	2238
2237	3	2238	2239
2238	2	2238	2240
2239	1	2240	2241
2240	6	2241	2242
2241	2	2241	2243
2242	1	2243	2244
2243	3	2244	2245
2244	2	2244	2246
2245	1	2246	2247
2246	4	2247	2248
2247	2	2247	2249
2248	1	2249	2250
2249	5	2250	2251
2250	2	2250	2252
2251	1	2252	2253
2252	6	2253	2254
2253	2	2253	2255
2254	1	2255	2256
2255	6	2256	2257
2256	2	2256	2258
2257	1	2258	2259
2258	4	2259	2260
2259	2	2259	2261
2260	1	2261	2262
2261	4	2262	2263
2262	2	2262	2264
2263	1	2264	2265
2264	4	2265	2266
2265	2	2265	2267
2266	1	2267	2268
2267	4	2268	2269
2268	2	2268	2270
2269	1	2270	2271
2270	5	2271	2272
2271	2	2271	2273
2272	1	2273	2274
2273	3	2274	2275
2274	2	2274	2276
2275	1	2276	2277
2276	4	2277	2278
2277	2	2277	2279
2278	1	2279	2280
2279	5	2280	2281
2280	2	2280	2282
2281	1	2282	2283
2282	5	2283	2284
2283	2	2283	2285
2284	1	2285	2286
2285	3	2286	2287
2286	2	2286	2288
2287	1	2288	2289
2288	5	2289	2290
2289	2	2289	2291
2290	1	2291	2292
2291	6	2292	2293
2292	2	2292	2294
2293	1	2294	2295
2294	3	2295	2296
2295	2	2295	2297
2296	1	2297	2298
2297	5	2298	2299
2298	2	2298	2300
2299	1	2300	2301
2300	4	2301	2302
2301	2	2301	2303
2302	1	2303	2304
2303	4	2304	2305
2304	2	2304	2306
2305	1	2306	2307
2306	4	2307	2308
2307	2	2307	2309
2308	1	2309	2310
2309	6	2310	2311
2310	2	2310	2312
2311	1	2312	2313
2312	6	2313	2314
2313	2	2313	2315
2314	1	2315	2316
2315	3	2316	2317
2316	2	2316	2318
2317	1	2318	2319
2318	3	2319	2320
2319	2	2319	2321
2320	1	2321	2322
2321	3	2322	2323
2322	2	2322	2324
2323	1	2324	2325
2324	4	2325	2326
2325	2	2325	2327
2326	1	2327	2328
2327	3	2328	2329
2328	2	2328	2330
2329	1	2330	2331
2330	6	2331	2332
2331	2	2331	2333
2332	1	2333	2334
2333	3	2334	2335
2334	2	2334	2336
2335	1	2336	2337
2336	6	2337	2338
2337	2	2337	2339
2338	1	2339	2340
2339	4	2340	2341
2340	2	2340	2342
2341	1	2342	2343
2342	4	2343	2344
2343	2	2343	2345
2344	1	2345	2346
2345	4	2346	2347
2346	2	2346	2348
2347	1	2348	2349
2348	4	2349	2350
2349	2	2349	2351
2350	1	2351	2352
2351	5	2352	2353
2352	2	2352	2354
2353	1	2354	2355
2354	5	2355	2356
2355	2	2355	2357
2356	1	2357	2358
2357	4	2358	2359
2358	2	2358	2360
2359	1	2360	2361
2360	3	2361	2362
2361	2	2361	2363
2362	1	2363	2364
2363	5	2364	2365
2364	2	2364	2366
2365	1	2366	2367
2366	4	2367	2368
2367	2	2367	2369
2368	1	2369	2370
2369	3	2370	2371
2370	2	2370	2372
2371	1	2372	2373
2372	4	2373	2374
2373	2	2373	2375
2374	1	2375	2376
2375	6	2376	2377
2376	2	2376	2378
2377	1	2378	2379
2378	4	2379	2380
2379	2	2379	2381
2380	1	2381	2382
2381	5	2382	2383
2382	2	2382	2384
2383	1	2384	2385
2384	6	2385	2386
2385	2	2385	2387
2386	1	2387	2388
2387	3	2388	2389
2388	2	2388	2390
2389	1	2390	2391
2390	5	2391	2392
2391	2	2391	2393
2392	1	2393	2394
2393	5	2394	2395
2394	2	2394	2396
2395	1	2396	2397
2396	4	2397	2398
2397	2	2397	2399
2398	1	2399	2400
2399	4	2400	2401
2400	2	2400	2402
2401	1	2402	2403
2402	3	2403	2404
2403	2	2403	2405
2404	1	2405	2406
2405	6	2406	2407
2406	2	2406	2408
2407	1	2408	2409
2408	3	2409	2410
2409	2	2409	2411
2410	1	2411	2412
2411	4	2412	2413
2412	2	2412	2414
2413	1	2414	2415
2414	6	2415	2416
2415	2	2415	2417
2416	1	2417	2418
2417	6	2418	2419
2418	2	2418	2420
2419	1	2420	2421
2420	4	2421	2422
2421	2	2421	2423
2422	1	2423	2424
2423	5	2424	2425
2424	2	2424	2426
2425	1	2426	2427
2426	4	2427	2428
2427	2	2427	2429
2428	1	2429	2430
2429	5	2430	2431
2430	2	2430	2432
2431	1	2432	2433
2432	6	2433	2434
2433	2	2433	2435
2434	1	2435	2436
2435	3	2436	2437
2436	2	2436	2438
2437	1	2438	2439
2438	4	2439	2440
2439	2	2439	2441
2440	1	2441	2442
2441	5	2442	2443
2442	2	2442	2444
2443	1	2444	2445
2444	4	2445	2446
2445	2	2445	2447
2446	1	2447	2448
2447	3	2448	2449
2448	2	2448	2450
2449	1	2450	2451
2450	3	2451	2452
2451	2	2451	2453
2452	1	2453	2454
2453	5	2454	2455
2454	2	2454	2456
2455	1	2456	2457
2456	4	2457	2458
2457	2	2457	2459
2458	1	2459	2460
2459	3	2460	2461
2460	2	2460	2462
2461	1	2462	2463
2462	6	2463	2464
2463	2	2463	2465
2464	1	2465	2466
2465	4	2466	2467
2466	2	2466	2468
2467	1	2468	2469
2468	5	2469	2470
2469	2	2469	2471
2470	1	2471	2472
2471	5	2472	2473
2472	2	2472	2474
2473	1	2474	2475
2474	6	2475	2476
2475	2	2475	2477
2476	1	2477	2478
2477	6	2478	2479
2478	2	2478	2480
2479	1	2480	2481
2480	5	2481	2482
2481	2	2481	2483
2482	1	2483	2484
2483	6	2484	2485
2484	2	2484	2486
2485	1	2486	2487
2486	6	2487	2488
2487	2	2487	2489
2488	1	2489	2490
2489	5	2490	2491
2490	2	2490	2492
2491	1	2492	2493
2492	6	2493	2494
2493	2	2493	2495
2494	1	2495	2496
2495	6	2496	2497
2496	2	2496	2498
2497	1	2498	2499
2498	5	2499	2500
2499	2	2499	2501
2500	1	2501	2502
2501	6	2502	2503
2502	2	2502	2504
2503	1	2504	2505
2504	6	2505	2506
2505	2	2505	2507
2506	1	2507	2508
2507	4	2508	2509
2508	2	2508	2510
2509	1	2510	2511
2510	5	2511	2512
2511	2	2511	2513
2512	1	2513	2514
2513	5	2514	2515
2514	2	2514	2516
2515	1	2516	2517
2516	3	2517	2518
2517	2	2517	2519
2518	1	2519	2520
2519	5	2520	2521
2520	2	2520	2522
2521	1	2522	2523
2522	3	2523	2524
2523	2	2523	2525
2524	1	2525	2526
2525	3	2526	2527
2526	2	2526	2528
2527	1	2528	2529
2528	4	2529	2530
2529	2	2529	2531
2530	1	2531	2532
2531	6	2532	2533
2532	2	2532	2534
2533	1	2534	2535
2534	3	2535	2536
2535	2	2535	2537
2536	1	2537	2538
2537	6	2538	2539
2538	2	2538	2540
2539	1	2540	2541
2540	6	2541	2542
2541	2	2541	2543
2542	1	2543	2544
2543	4	2544	2545
2544	2	2544	2546
2545	1	2546	2547
2546	5	2547	2548
2547	2	2547	2549
2548	1	2549	2550
2549	6	2550	2551
2550	2	2550	2552
2551	1	2552	2553
2552	3	2553	2554
2553	2	2553	2555
2554	1	2555	2556
2555	5	2556	2557
2556	2	2556	2558
2557	1	2558	2559
2558	3	2559	2560
2559	2	2559	2561
2560	1	2561	2562
2561	4	2562	2563
2562	2	2562	2564
2563	1	2564	2565
2564	3	2565	2566
2565	2	2565	2567
2566	1	2567	2568
2567	6	2568	2569
2568	2	2568	2570
2569	1	2570	2571
2570	4	2571	2572
2571	2	2571	2573
2572	1	2573	2574
2573	3	2574	2575
2574	2	2574	2576
2575	1	2576	2577
2576	6	2577	2578
2577	2	2577	2579
2578	1	2579	2580
2579	6	2580	2581
2580	2	2580	2582
2581	1	2582	2583
2582	3	2583	2584
2583	2	2583	2585
2584	1	2585	2586
2585	3	2586	2587
2586	2	2586	2588
2587	1	2588	2589
2588	3	2589	2590
2589	2	2589	2591
2590	1	2591	2592
2591	3	2592	2593
2592	2	2592	2594
2593	1	2594	2595
2594	5	2595	2596
2595	2	2595	2597
2596	1	2597	2598
2597	4	2598	2599
2598	2	2598	2600
2599	1	2600	2601
2600	5	2601	2602
2601	2	2601	2603
2602	1	2603	2604
2603	4	2604	2605
2604	2	2604	2606
2605	1	2606	2607
2606	3	2607	2608
2607	2	2607	2609
2608	1	2609	2610
2609	4	2610	2611
2610	2	2610	2612
2611	1	2612	2613
2612	4	2613	2614
2613	2	2613	2615
2614	1	2615	2616
2615	4	2616	2617
2616	2	2616	2618
2617	1	2618	2619
2618	5	2619	2620
2619	2	2619	2621
2620	1	2621	2622
2621	5	2622	2623
2622	2	2622	2624
2623	1	2624	2625
2624	3	2625	2626
2625	2	2625	2627
2626	1	2627	2628
2627	3	2628	2629
2628	2	2628	2630
2629	1	2630	2631
2630	3	2631	2632
2631	2	2631	2633
2632	1	2633	2634
2633	6	2634	2635
2634	2	2634	2636
2635	1	2636	2637
2636	4	2637	2638
2637	2	2637	2639
2638	1	2639	2640
2639	5	2640	2641
2640	2	2640	2642
2641	1	2642	2643
2642	6	2643	2644
2643	2	2643	2645
2644	1	2645	2646
2645	4	2646	2647
2646	2	2646	2648
2647	1	2648	2649
2648	6	2649	2650
2649	2	2649	2651
2650	1	2651	2652
2651	6	2652	2653
2652	2	2652	2654
2653	1	2654	2655
2654	3	2655	2656
2655	2	2655	2657
2656	1	2657	2658
2657	4	2658	2659
2658	2	2658	2660
2659	1	2660	2661
2660	6	2661	2662
2661	2	2661	2663
2662	1	2663	2664
2663	3	2664	2665
2664	2	2664	2666
2665	1	2666	2667
2666	3	2667	2668
2667	2	2667	2669
2668	1	2669	2670
2669	3	2670	2671
2670	2	2670	2672
2671	1	2672	2673
2672	3	2673	2674
2673	2	2673	2675
2674	1	2675	2676
2675	5	2676	2677
2676	2	2676	2678
2677	1	2678	2679
2678	5	2679	2680
2679	2	2679	2681
2680	1	2681	2682
2681	6	2682	2683
2682	2	2682	2684
2683	1	2684	2685
2684	3	2685	2686
2685	2	2685	2687
2686	1	2687	2688
2687	4	2688	2689
2688	2	2688	2690
2689	1	2690	2691
2690	5	2691	2692
2691	2	2691	2693
2692	1	2693	2694
2693	4	2694	2695
2694	2	2694	2696
2695	1	2696	2697
2696	4	2697	2698
2697	2	2697	2699
2698	1	2699	2700
2699	6	2700	2701
2700	2	2700	2702
2701	1	2702	2703
2702	3	2703	2704
2703	2	2703	2705
2704	1	2705	2706
2705	5	2706	2707
2706	2	2706	2708
2707	1	2708	2709
2708	6	2709	2710
2709	2	2709	2711
2710	1	2711	2712
2711	4	2712	2713
2712	2	2712	2714
2713	1	2714	2715
2714	5	2715	2716
2715	2	2715	2717
2716	1	2717	2718
2717	5	2718	2719
2718	2	2718	2720
2719	1	2720	2721
2720	3	2721	2722
2721	2	2721	2723
2722	1	2723	2724
2723	3	2724	2725
2724	2	2724	2726
2725	1	2726	2727
2726	4	2727	2728
2727	2	2727	2729
2728	1	2729	2730
2729	6	2730	2731
2730	2	2730	2732
2731	1	2732	2733
2732	6	2733	2734
2733	2	2733	2735
2734	1	2735	2736
2735	3	2736	2737
2736	2	2736	2738
2737	1	2738	2739
2738	5	2739	2740
2739	2	2739	2741
2740	1	2741	2742
2741	6	2742	2743
2742	2	2742	2744
2743	1	2744	2745
2744	4	2745	2746
2745	2	2745	2747
2746	1	2747	2748
2747	5	2748	2749
2748	2	2748	2750
2749	1	2750	2751
2750	3	2751	2752
2751	2	2751	2753
2752	1	2753	2754
2753	3	2754	2755
2754	2	2754	2756
2755	1	2756	2757
2756	6	2757	2758
2757	2	2757	2759
2758	1	2759	2760
2759	3	2760	2761
2760	2	2760	2762
2761	1	2762	2763
2762	4	2763	2764
2763	2	2763	2765
2764	1	2765	2766
2765	5	2766	2767
2766	2	2766	2768
2767	1	2768	2769
2768	6	2769	2770
2769	2	2769	2771
2770	1	2771	2772
2771	6	2772	2773
2772	2	2772	2774
2773	1	2774	2775
2774	4	2775	2776
2775	2	2775	2777
2776	1	2777	2778
2777	4	2778	2779
2778	2	2778	2780
2779	1	2780	2781
2780	4	2781	2782
2781	2	2781	2783
2782	1	2783	2784
2783	4	2784	2785
2784	2	2784	2786
2785	1	2786	2787
2786	5	2787	2788
2787	2	2787	2789
2788	1	2789	2790
2789	3	2790	2791
2790	2	2790	2792
2791	1	2792	2793
2792	4	2793	2794
2793	2	2793	2795
2794	1	2795	2796
2795	5	2796	2797
2796	2	2796	2798
2797	1	2798	2799
2798	5	2799	2800
2799	2	2799	2801
2800	1	2801	2802
2801	3	2802	2803
2802	2	2802	2804
2803	1	2804	2805
2804	5	2805	2806
2805	2	2805	2807
2806	1	2807	2808
2807	6	2808	2809
2808	2	2808	2810
2809	1	2810	2811
2810	3	2811	2812
2811	2	2811	2813
2812	1	2813	2814
2813	5	2814	2815
2814	2	2814	2816
2815	1	2816	2817
2816	4	2817	2818
2817	2	2817	2819
2818	1	2819	2820
2819	4	2820	2821
2820	2	2820	2822
2821	1	2822	2823
2822	4	2823	2824
2823	2	2823	2825
2824	1	2825	2826
2825	6	2826	2827
2826	2	2826	2828
2827	1	2828	2829
2828	6	2829	2830
2829	2	2829	2831
2830	1	2831	2832
2831	3	2832	2833
2832	2	2832	2834
2833	1	2834	2835
2834	3	2835	2836
2835	2	2835	2837
2836	1	2837	2838
2837	3	2838	2839
2838	2	2838	2840
2839	1	2840	2841
2840	4	2841	2842
2841	2	2841	2843
2842	1	2843	2844
2843	3	2844	2845
2844	2	2844	2846
2845	1	2846	2847
2846	6	2847	2848
2847	2	2847	2849
2848	1	2849	2850
2849	3	2850	2851
2850	2	2850	2852
2851	1	2852	2853
2852	6	2853	2854
2853	2	2853	2855
2854	1	2855	2856
2855	4	2856	2857
2856	2	2856	2858
2857	1	2858	2859
2858	4	2859	2860
2859	2	2859	2861
2860	1	2861	2862
2861	4	2862	2863
2862	2	2862	2864
2863	1	2864	2865
2864	4	2865	2866
2865	2	2865	2867
2866	1	2867	2868
2867	5	2868	2869
2868	2	2868	2870
2869	1	2870	2871
2870	5	2871	2872
2871	2	2871	2873
2872	1	2873	2874
2873	4	2874	2875
2874	2	2874	2876
2875	1	2876	2877
2876	3	2877	2878
2877	2	2877	2879
2878	1	2879	2880
2879	5	2880	2881
2880	2	2880	2882
2881	1	2882	2883
2882	4	2883	2884
2883	2	2883	2885
2884	1	2885	2886
2885	3	2886	2887
2886	2	2886	2888
2887	1	2888	2889
2888	4	2889	2890
2889	2	2889	2891
2890	1	2891	2892
2891	6	2892	2893
2892	2	2892	2894
2893	1	2894	2895
2894	4	2895	2896
2895	2	2895	2897
2896	1	2897	2898
2897	5	2898	2899
2898	2	2898	2900
2899	1	2900	2901
2900	6	2901	2902
2901	2	2901	2903
2902	1	2903	2904
2903	3	2904	2905
2904	2	2904	2906
2905	1	2906	2907
2906	5	2907	2908
2907	2	2907	2909
2908	1	2909	2910
2909	5	2910	2911
2910	2	2910	2912
2911	1	2912	2913
2912	4	2913	2914
2913	2	2913	2915
2914	1	2915	2916
2915	4	2916	2917
2916	2	2916	2918
2917	1	2918	2919
2918	3	2919	2920
2919	2	2919	2921
2920	1	2921	2922
2921	6	2922	2923
2922	2	2922	2924
2923	1	2924	2925
2924	3	2925	2926
2925	2	2925	2927
2926	1	2927	2928
2927	4	2928	2929
2928	2	2928	2930
2929	1	2930	2931
2930	6	2931	2932
2931	2	2931	2933
2932	1	2933	2934
2933	6	2934	2935
2934	2	2934	2936
2935	1	2936	2937
2936	4	2937	2938
2937	2	2937	2939
2938	1	2939	2940
2939	5	2940	2941
2940	2	2940	2942
2941	1	2942	2943
2942	4	2943	2944
2943	2	2943	2945
2944	1	2945	2946
2945	5	2946	2947
2946	2	2946	2948
2947	1	2948	2949
2948	6	2949	2950
2949	2	2949	2951
2950	1	2951	2952
2951	3	2952	2953
2952	2	2952	2954
2953	1	2954	2955
2954	4	2955	2956
2955	2	2955	2957
2956	1	2957	2958
2957	5	2958	2959
2958	2	2958	2960
2959	1	2960	2961
2960	4	2961	2962
2961	2	2961	2963
2962	1	2963	2964
2963	3	2964	2965
2964	2	2964	2966
2965	1	2966	2967
2966	3	2967	2968
2967	2	2967	2969
2968	1	2969	2970
2969	5	2970	2971
2970	2	2970	2972
2971	1	2972	2973
2972	4	2973	2974
2973	2	2973	2975
2974	1	2975	2976
2975	3	2976	2977
2976	2	2976	2978
2977	1	2978	2979
2978	6	2979	2980
2979	2	2979	2981
2980	1	2981	2982
2981	4	2982	2983
2982	2	2982	2984
2983	1	2984	2985
2984	5	2985	2986
2985	2	2985	2987
2986	1	2987	2988
2987	5	2988	2989
2988	2	2988	2990
2989	1	2990	2991
2990	6	2991	2992
2991	2	2991	2993
2992	1	2993	2994
2993	6	2994	2995
2994	2	2994	2996
2995	1	2996	2997
2996	5	2997	2998
2997	2	2997	2999
2998	1	2999	3000
2999	6	3000	3001
3000	2	3000	3002
3001	1	3002	3003
3002	6	3003	3004
3003	2	3003	3005
3004	1	3005	3006
3005	5	3006	3007
3006	2	3006	3008
3007	1	3008	3009
3008	6	3009	3010
3009	2	3009	3011
3010	1	3011	3012
3011	6	3012	3013
3012	2	3012	3014
3013	1	3014	3015
3014	5	3015	3016
3015	2	3015	3017
3016	1	3017	3018
3017	6	3018	3019
3018	2	3018	3020
3019	1	3020	3021
3020	6	3021	3022
3021	2	3021	3023
3022	1	3023	3024
3023	4	3024	3025
3024	2	3024	3026
3025	1	3026	3027
3026	5	3027	3028
3027	2	3027	3029
3028	1	3029	3030
3029	5	3030	3031
3030	2	3030	3032
3031	1	3032	3033
3032	3	3033	3034
3033	2	3033	3035
3034	1	3035	3036
3035	5	3036	3037
3036	2	3036	3038
3037	1	3038	3039
3038	3	3039	3040
3039	2	3039	3041
3040	1	3041	3042
3041	3	3042	3043
3042	2	3042	3044
3043	1	3044	3045
3044	4	3045	3046
3045	2	3045	3047
3046	1	3047	3048
3047	6	3048	3049
3048	2	3048	3050
3049	1	3050	3051
3050	3	3051	3052
3051	2	3051	3053
3052	1	3053	3054
3053	6	3054	3055
3054	2	3054	3056
3055	1	3056	3057
3056	6	3057	3058
3057	2	3057	3059
3058	1	3059	3060
3059	4	3060	3061
3060	2	3060	3062
3061	1	3062	3063
3062	5	3063	3064
3063	2	3063	3065
3064	1	3065	3066
3065	6	3066	3067
3066	2	3066	3068
3067	1	3068	3069
3068	3	3069	3070
3069	2	3069	3071
3070	1	3071	3072
3071	5	3072	3073
3072	2	3072	3074
3073	1	3074	3075
3074	3	3075	3076
3075	2	3075	3077
3076	1	3077	3078
3077	4	3078	3079
3078	2	3078	3080
3079	1	3080	3081
3080	3	3081	3082
3081	2	3081	3083
3082	1	3083	3084
3083	6	3084	3085
3084	2	3084	3086
3085	1	3086	3087
3086	4	3087	3088
3087	2	3087	3089
3088	1	3089	3090
3089	3	3090	3091
3090	2	3090	3092
3091	1	3092	3093
3092	6	3093	3094
3093	2	3093	3095
3094	1	3095	3096
3095	6	3096	3097
3096	2	3096	3098
3097	1	3098	3099
3098	3	3099	3100
3099	2	3099	3101
3100	1	3101	3102
3101	3	3102	3103
3102	2	3102	3104
3103	1	3104	3105
3104	3	3105	3106
3105	2	3105	3107
3106	1	3107	3108
3107	3	3108	3109
3108	2	3108	3110
3109	1	3110	3111
3110	5	3111	3112
3111	2	3111	3113
3112	1	3113	3114
3113	4	3114	3115
3114	2	3114	3116
3115	1	3116	3117
3116	5	3117	3118
3117	2	3117	3119
3118	1	3119	3120
3119	4	3120	3121
3120	2	3120	3122
3121	1	3122	3123
3122	3	3123	3124
3123	2	3123	3125
3124	1	3125	3126
3125	4	3126	3127
3126	2	3126	3128
3127	1	3128	3129
3128	4	3129	3130
3129	2	3129	3131
3130	1	3131	3132
3131	4	3132	3133
3132	2	3132	3134
3133	1	3134	3135
3134	5	3135	3136
3135	2	3135	3137
3136	1	3137	3138
3137	5	3138	3139
3138	2	3138	3140
3139	1	3140	3141
3140	3	3141	3142
3141	2	3141	3143
3142	1	3143	3144
3143	3	3144	3145
3144	2	3144	3146
3145	1	3146	3147
3146	3	3147	3148
3147	2	3147	3149
3148	1	3149	3150
3149	6	3150	3151
3150	2	3150	3152
3151	1	3152	3153
3152	4	3153	3154
3153	2	3153	3155
3154	1	3155	3156
3155	5	3156	3157
3156	2	3156	3158
3157	1	3158	3159
3158	6	3159	3160
3159	2	3159	3161
3160	1	3161	3162
3161	4	3162	3163
3162	2	3162	3164
3163	1	3164	3165
3164	6	3165	3166
3165	2	3165	3167
3166	1	3167	3168
3167	6	3168	3169
3168	2	3168	3170
3169	1	3170	3171
3170	3	3171	3172
3171	2	3171	3173
3172	1	3173	3174
3173	4	3174	3175
3174	2	3174	3176
3175	1	3176	3177
3176	6	3177	3178
3177	2	3177	3179
3178	1	3179	3180
3179	3	3180	3181
3180	2	3180	3182
3181	1	3182	3183
3182	3	3183	3184
3183	2	3183	3185
3184	1	3185	3186
3185	3	3186	3187
3186	2	3186	3188
3187	1	3188	3189
3188	3	3189	3190
3189	2	3189	3191
3190	1	3191	3192
3191	5	3192	3193
3192	2	3192	3194
3193	1	3194	3195
3194	5	3195	3196
3195	2	3195	3197
3196	1	3197	3198
3197	6	3198	3199
3198	2	3198	3200
3199	1	3200	3201
3200	3	3201	3202
3201	2	3201	3203
3202	1	3203	3204
3203	4	3204	3205
3204	2	3204	3206
3205	1	3206	3207
3206	5	3207	3208
3207	2	3207	3209
3208	1	3209	3210
3209	4	3210	3211
3210	2	3210	3212
3211	1	3212	3213
3212	4	3213	3214
3213	2	3213	3215
3214	1	3215	3216
3215	6	3216	3217
3216	2	3216	3218
3217	1	3218	3219
3218	3	3219	3220
3219	2	3219	3221
3220	1	3221	3222
3221	5	3222	3223
3222	2	3222	3224
3223	1	3224	3225
3224	6	3225	3226
3225	2	3225	3227
3226	1	3227	3228
3227	4	3228	3229
3228	2	3228	3230
3229	1	3230	3231
3230	5	3231	3232
3231	2	3231	3233
3232	1	3233	3234
3233	5	3234	3235
3234	2	3234	3236
3235	1	3236	3237
3236	3	3237	3238
3237	2	3237	3239
3238	1	3239	3240
3239	3	3240	3241
3240	2	3240	3242
3241	1	3242	3243
3242	4	3243	3244
3243	2	3243	3245
3244	1	3245	3246
3245	6	3246	3247
3246	2	3246	3248
3247	1	3248	3249
3248	6	3249	3250
3249	2	3249	3251
3250	1	3251	3252
3251	3	3252	3253
3252	2	3252	3254
3253	1	3254	3255
3254	5	3255	3256
3255	2	3255	3257
3256	1	3257	3258
3257	6	3258	3259
3258	2	3258	3260
3259	1	3260	3261
3260	4	3261	3262
3261	2	3261	3263
3262	1	3263	3264
3263	5	3264	3265
3264	2	3264	3266
3265	1	3266	3267
3266	3	3267	3268
3267	2	3267	3269
3268	1	3269	3270
3269	3	3270	3271
3270	2	3270	3272
3271	1	3272	3273
3272	6	3273	3274
3273	2	3273	3275
3274	1	3275	3276
3275	3	3276	3277
3276	2	3276	3278
3277	1	3278	3279
3278	4	3279	3280
3279	2	3279	3281
3280	1	3281	3282
3281	5	3282	3283
3282	2	3282	3284
3283	1	3284	3285
3284	6	3285	3286
3285	2	3285	3287
3286	1	3287	3288
3287	6	3288	3289
3288	2	3288	3290
3289	1	3290	3291
3290	4	3291	3292
3291	2	3291	3293
3292	1	3293	3294
3293	4	3294	3295
3294	2	3294	3296
3295	1	3296	3297
3296	4	3297	3298
3297	2	3297	3299
3298	1	3299	3300
3299	4	3300	3301
3300	2	3300	3302
3301	1	3302	3303
3302	5	3303	3304
3303	2	3303	3305
3304	1	3305	3306
3305	3	3306	3307
3306	2	3306	3308
3307	1	3308	3309
3308	4	3309	3310
3309	2	3309	3311
3310	1	3311	3312
3311	5	3312	3313
3312	2	3312	3314
3313	1	3314	3315
3314	5	3315	3316
3315	2	3315	3317
3316	1	3317	3318
3317	3	3318	3319
3318	2	3318	3320
3319	1	3320	3321
3320	5	3321	3322
3321	2	3321	3323
3322	1	3323	3324
3323	6	3324	3325
3324	2	3324	3326
3325	1	3326	3327
3326	3	3327	3328
3327	2	3327	3329
3328	1	3329	3330
3329	5	3330	3331
3330	2	3330	3332
3331	1	3332	3333
3332	4	3333	3334
3333	2	3333	3335
3334	1	3335	3336
3335	4	3336	3337
3336	2	3336	3338
3337	1	3338	3339
3338	4	3339	3340
3339	2	3339	3341
3340	1	3341	3342
3341	6	3342	3343
3342	2	3342	3344
3343	1	3344	3345
3344	6	3345	3346
3345	2	3345	3347
3346	1	3347	3348
3347	3	3348	3349
3348	2	3348	3350
3349	1	3350	3351
3350	3	3351	3352
3351	2	3351	3353
3352	1	3353	3354
3353	3	3354	3355
3354	2	3354	3356
3355	1	3356	3357
3356	4	3357	3358
3357	2	3357	3359
3358	1	3359	3360
3359	3	3360	3361
3360	2	3360	3362
3361	1	3362	3363
3362	6	3363	3364
3363	2	3363	3365
3364	1	3365	3366
3365	3	3366	3367
3366	2	3366	3368
3367	1	3368	3369
3368	6	3369	3370
3369	2	3369	3371
3370	1	3371	3372
3371	4	3372	3373
3372	2	3372	3374
3373	1	3374	3375
3374	4	3375	3376
3375	2	3375	3377
3376	1	3377	3378
3377	4	3378	3379
3378	2	3378	3380
3379	1	3380	3381
3380	4	3381	3382
3381	2	3381	3383
3382	1	3383	3384
3383	5	3384	3385
3384	2	3384	3386
3385	1	3386	3387
3386	5	3387	3388
3387	2	3387	3389
3388	1	3389	3390
3389	4	3390	3391
3390	2	3390	3392
3391	1	3392	3393
3392	3	3393	3394
3393	2	3393	3395
3394	1	3395	3396
3395	5	3396	3397
3396	2	3396	3398
3397	1	3398	3399
3398	4	3399	3400
3399	2	3399	3401
3400	1	3401	3402
3401	3	3402	3403
3402	2	3402	3404
3403	1	3404	3405
3404	4	3405	3406
3405	2	3405	3407
3406	1	3407	3408
3407	6	3408	3409
3408	2	3408	3410
3409	1	3410	3411
3410	4	3411	3412
3411	2	3411	3413
3412	1	3413	3414
3413	5	3414	3415
3414	2	3414	3416
3415	1	3416	3417
3416	6	3417	3418
3417	2	3417	3419
3418	1	3419	3420
3419	3	3420	3421
3420	2	3420	3422
3421	1	3422	3423
3422	5	3423	3424
3423	2	3423	3425
3424	1	3425	3426
3425	5	3426	3427
3426	2	3426	3428
3427	1	3428	3429
3428	4	3429	3430
3429	2	3429	3431
3430	1	3431	3432
3431	4	3432	3433
3432	2	3432	3434
3433	1	3434	3435
3434	3	3435	3436
3435	2	3435	3437
3436	1	3437	3438
3437	6	3438	3439
3438	2	3438	3440
3439	1	3440	3441
3440	3	3441	3442
3441	2	3441	3443
3442	1	3443	3444
3443	4	3444	3445
3444	2	3444	3446
3445	1	3446	3447
3446	6	3447	3448
3447	2	3447	3449
3448	1	3449	3450
3449	6	3450	3451
3450	2	3450	3452
3451	1	3452	3453
3452	4	3453	3454
3453	2	3453	3455
3454	1	3455	3456
3455	5	3456	3457
3456	2	3456	3458
3457	1	3458	3459
3458	4	3459	3460
3459	2	3459	3461
3460	1	3461	3462
3461	5	3462	3463
3462	2	3462	3464
3463	1	3464	3465
3464	6	3465	3466
3465	2	3465	3467
3466	1	3467	3468
3467	3	3468	3469
3468	2	3468	3470
3469	1	3470	3471
3470	4	3471	3472
3471	2	3471	3473
3472	1	3473	3474
3473	5	3474	3475
3474	2	3474	3476
3475	1	3476	3477
3476	4	3477	3478
3477	2	3477	3479
3478	1	3479	3480
3479	3	3480	3481
3480	2	3480	3482
3481	1	3482	3483
3482	3	3483	3484
3483	2	3483	3485
3484	1	3485	3486
3485	5	3486	3487
3486	2	3486	3488
3487	1	3488	3489
3488	4	3489	3490
3489	2	3489	3491
3490	1	3491	3492
3491	3	3492	3493
3492	2	3492	3494
3493	1	3494	3495
3494	6	3495	3496
3495	2	3495	3497
3496	1	3497	3498
3497	4	3498	3499
3498	2	3498	3500
3499	1	3500	3501
3500	5	3501	3502
3501	2	3501	3503
3502	1	3503	3504
3503	5	3504	3505
3504	2	3504	3506
3505	1	3506	3507
3506	6	3507	3508
3507	2	3507	3509
3508	1	3509	3510
3509	6	3510	3511
3510	2	3510	3512
3511	1	3512	3513
3512	5	3513	3514
3513	2	3513	3515
3514	1	3515	3516
3515	6	3516	3517
3516	2	3516	3518
3517	1	3518	3519
3518	6	3519	3520
3519	2	3519	3521
3520	1	3521	3522
3521	5	3522	3523
3522	2	3522	3524
3523	1	3524	3525
3524	6	3525	3526
3525	2	3525	3527
3526	1	3527	3528
3527	6	3528	3529
3528	2	3528	3530
3529	1	3530	3531
3530	5	3531	3532
3531	2	3531	3533
3532	1	3533	3534
3533	6	3534	3535
3534	2	3534	3536
3535	1	3536	3537
3536	6	3537	3538
3537	2	3537	3539
3538	1	3539	3540
3539	4	3540	3541
3540	2	3540	3542
3541	1	3542	3543
3542	5	3543	3544
3543	2	3543	3545
3544	1	3545	3546
3545	5	3546	3547
3546	2	3546	3548
3547	1	3548	3549
3548	3	3549	3550
3549	2	3549	3551
3550	1	3551	3552
3551	5	3552	3553
3552	2	3552	3554
3553	1	3554	3555
3554	3	3555	3556
3555	2	3555	3557
3556	1	3557	3558
3557	3	3558	3559
3558	2	3558	3560
3559	1	3560	3561
3560	4	3561	3562
3561	2	3561	3563
3562	1	3563	3564
3563	6	3564	3565
3564	2	3564	3566
3565	1	3566	3567
3566	3	3567	3568
3567	2	3567	3569
3568	1	3569	3570
3569	6	3570	3571
3570	2	3570	3572
3571	1	3572	3573
3572	6	3573	3574
3573	2	3573	3575
3574	1	3575	3576
3575	4	3576	3577
3576	2	3576	3578
3577	1	3578	3579
3578	5	3579	3580
3579	2	3579	3581
3580	1	3581	3582
3581	6	3582	3583
3582	2	3582	3584
3583	1	3584	3585
3584	3	3585	3586
3585	2	3585	3587
3586	1	3587	3588
3587	5	3588	3589
3588	2	3588	3590
3589	1	3590	3591
3590	3	3591	3592
3591	2	3591	3593
3592	1	3593	3594
3593	4	3594	3595
3594	2	3594	3596
3595	1	3596	3597
3596	3	3597	3598
3597	2	3597	3599
3598	1	3599	3600
3599	6	3600	3601
3600	2	3600	3602
3601	1	3602	3603
3602	4	3603	3604
3603	2	3603	3605
3604	1	3605	3606
3605	3	3606	3607
3606	2	3606	3608
3607	1	3608	3609
3608	6	3609	3610
3609	2	3609	3611
3610	1	3611	3612
3611	6	3612	3613
3612	2	3612	3614
3613	1	3614	3615
3614	3	3615	3616
3615	2	3615	3617
3616	1	3617	3618
3617	3	3618	3619
3618	2	3618	3620
3619	1	3620	3621
3620	3	3621	3622
3621	2	3621	3623
3622	1	3623	3624
3623	3	3624	3625
3624	2	3624	3626
3625	1	3626	3627
3626	5	3627	3628
3627	2	3627	3629
3628	1	3629	3630
3629	4	3630	3631
3630	2	3630	3632
3631	1	3632	3633
3632	5	3633	3634
3633	2	3633	3635
3634	1	3635	3636
3635	4	3636	3637
3636	2	3636	3638
3637	1	3638	3639
3638	3	3639	3640
3639	2	3639	3641
3640	1	3641	3642
3641	4	3642	3643
3642	2	3642	3644
3643	1	3644	3645
3644	4	3645	3646
3645	2	3645	3647
3646	1	3647	3648
3647	4	3648	3649
3648	2	3648	3650
3649	1	3650	3651
3650	5	3651	3652
3651	2	3651	3653
3652	1	3653	3654
3653	5	3654	3655
3654	2	3654	3656
3655	1	3656	3657
3656	3	3657	3658
3657	2	3657	3659
3658	1	3659	3660
3659	3	3660	3661
3660	2	3660	3662
3661	1	3662	3663
3662	3	3663	3664
3663	2	3663	3665
3664	1	3665	3666
3665	6	3666	3667
3666	2	3666	3668
3667	1	3668	3669
3668	4	3669	3670
3669	2	3669	3671
3670	1	3671	3672
3671	5	3672	3673
3672	2	3672	3674
3673	1	3674	3675
3674	6	3675	3676
3675	2	3675	3677
3676	1	3677	3678
3677	4	3678	3679
3678	2	3678	3680
3679	1	3680	3681
3680	6	3681	3682
3681	2	3681	3683
3682	1	3683	3684
3683	6	3684	3685
3684	2	3684	3686
3685	1	3686	3687
3686	3	3687	3688
3687	2	3687	3689
3688	1	3689	3690
3689	4	3690	3691
3690	2	3690	3692
3691	1	3692	3693
3692	6	3693	3694
3693	2	3693	3695
3694	1	3695	3696
3695	3	3696	3697
3696	2	3696	3698
3697	1	3698	3699
3698	3	3699	3700
3699	2	3699	3701
3700	1	3701	3702
3701	3	3702	3703
3702	2	3702	3704
3703	1	3704	3705
3704	3	3705	3706
3705	2	3705	3707
3706	1	3707	3708
3707	5	3708	3709
3708	2	3708	3710
3709	1	3710	3711
3710	5	3711	3712
3711	2	3711	3713
3712	1	3713	3714
3713	6	3714	3715
3714	2	3714	3716
3715	1	3716	3717
3716	3	3717	3718
3717	2	3717	3719
3718	1	3719	3720
3719	4	3720	3721
3720	2	3720	3722
3721	1	3722	3723
3722	5	3723	3724
3723	2	3723	3725
3724	1	3725	3726
3725	4	3726	3727
3726	2	3726	3728
3727	1	3728	3729
3728	4	3729	3730
3729	2	3729	3731
3730	1	3731	3732
3731	6	3732	3733
3732	2	3732	3734
3733	1	3734	3735
3734	3	3735	3736
3735	2	3735	3737
3736	1	3737	3738
3737	5	3738	3739
3738	2	3738	3740
3739	1	3740	3741
3740	6	3741	3742
3741	2	3741	3743
3742	1	3743	3744
3743	4	3744	3745
3744	2	3744	3746
3745	1	3746	3747
3746	5	3747	3748
3747	2	3747	3749
3748	1	3749	3750
3749	5	3750	3751
3750	2	3750	3752
3751	1	3752	3753
3752	3	3753	3754
3753	2	3753	3755
3754	1	3755	3756
3755	3	3756	3757
3756	2	3756	3758
3757	1	3758	3759
3758	4	3759	3760
3759	2	3759	3761
3760	1	3761	3762
3761	6	3762	3763
3762	2	3762	3764
3763	1	3764	3765
3764	6	3765	3766
3765	2	3765	3767
3766	1	3767	3768
3767	3	3768	3769
3768	2	3768	3770
3769	1	3770	3771
3770	5	3771	3772
3771	2	3771	3773
3772	1	3773	3774
3773	6	3774	3775
3774	2	3774	3776
3775	1	3776	3777
3776	4	3777	3778
3777	2	3777	3779
3778	1	3779	3780
3779	5	3780	3781
3780	2	3780	3782
3781	1	3782	3783
3782	3	3783	3784
3783	2	3783	3785
3784	1	3785	3786
3785	3	3786	3787
3786	2	3786	3788
3787	1	3788	3789
3788	6	3789	3790
3789	2	3789	3791
3790	1	3791	3792
3791	3	3792	3793
3792	2	3792	3794
3793	1	3794	3795
3794	4	3795	3796
3795	2	3795	3797
3796	1	3797	3798
3797	5	3798	3799
3798	2	3798	3800
3799	1	3800	3801
3800	6	3801	3802
3801	2	3801	3803
3802	1	3803	3804
3803	6	3804	3805
3804	2	3804	3806
3805	1	3806	3807
3806	4	3807	3808
3807	2	3807	3809
3808	1	3809	3810
3809	4	3810	3811
3810	2	3810	3812
3811	1	3812	3813
3812	4	3813	3814
3813	2	3813	3815
3814	1	3815	3816
3815	4	3816	3817
3816	2	3816	3818
3817	1	3818	3819
3818	5	3819	3820
3819	2	3819	3821
3820	1	3821	3822
3821	3	3822	3823
3822	2	3822	3824
3823	1	3824	3825
3824	4	3825	3826
3825	2	3825	3827
3826	1	3827	3828
3827	5	3828	3829
3828	2	3828	3830
3829	1	3830	3831
3830	5	3831	3832
3831	2	3831	3833
3832	1	3833	3834
3833	3	3834	3835
3834	2	3834	3836
3835	1	3836	3837
3836	5	3837	3838
3837	2	3837	3839
3838	1	3839	3840
3839	6	3840	3841
3840	2	3840	3842
3841	1	3842	3843
3842	3	3843	3844
3843	2	3843	3845
3844	1	3845	3846
3845	5	3846	3847
3846	2	3846	3848
3847	1	3848	3849
3848	4	3849	3850
3849	2	3849	3851
3850	1	3851	3852
3851	4	3852	3853
3852	2	3852	3854
3853	1	3854	3855
3854	4	3855	3856
3855	2	3855	3857
3856	1	3857	3858
3857	6	3858	3859
3858	2	3858	3860
3859	1	3860	3861
3860	6	3861	3862
3861	2	3861	3863
3862	1	3863	3864
3863	3	3864	3865
3864	2	3864	3866
3865	1	3866	3867
3866	3	3867	3868
3867	2	3867	3869
3868	1	3869	3870
3869	3	3870	3871
3870	2	3870	3872
3871	1	3872	3873
3872	4	3873	3874
3873	2	3873	3875
3874	1	3875	3876
3875	3	3876	3877
3876	2	3876	3878
3877	1	3878	3879
3878	6	3879	3880
3879	2	3879	3881
3880	1	3881	3882
3881	3	3882	3883
3882	2	3882	3884
3883	1	3884	3885
3884	6	3885	3886
3885	2	3885	3887
3886	1	3887	3888
3887	4	3888	3889
3888	2	3888	3890
3889	1	3890	3891
3890	4	3891	3892
3891	2	3891	3893
3892	1	3893	3894
3893	4	3894	3895
3894	2	3894	3896
3895	1	3896	3897
3896	4	3897	3898
3897	2	3897	3899
3898	1	3899	3900
3899	5	3900	3901
3900	2	3900	3902
3901	1	3902	3903
3902	5	3903	3904
3903	2	3903	3905
3904	1	3905	3906
3905	4	3906	3907
3906	2	3906	3908
3907	1	3908	3909
3908	3	3909	3910
3909	2	3909	3911
3910	1	3911	3912
3911	5	3912	3913
3912	2	3912	3914
3913	1	3914	3915
3914	4	3915	3916
3915	2	3915	3917
3916	1	3917	3918
3917	3	3918	3919
3918	2	3918	3920
3919	1	3920	3921
3920	4	3921	3922
3921	2	3921	3923
3922	1	3923	3924
3923	6	3924	3925
3924	2	3924	3926
3925	1	3926	3927
3926	4	3927	3928
3927	2	3927	3929
3928	1	3929	3930
3929	5	3930	3931
3930	2	3930	3932
3931	1	3932	3933
3932	6	3933	3934
3933	2	3933	3935
3934	1	3935	3936
3935	3	3936	3937
3936	2	3936	3938
3937	1	3938	3939
3938	5	3939	3940
3939	2	3939	3941
3940	1	3941	3942
3941	5	3942	3943
3942	2	3942	3944
3943	1	3944	3945
3944	4	3945	3946
3945	2	3945	3947
3946	1	3947	3948
3947	4	3948	3949
3948	2	3948	3950
3949	1	3950	3951
3950	3	3951	3952
3951	2	3951	3953
3952	1	3953	3954
3953	6	3954	3955
3954	2	3954	3956
3955	1	3956	3957
3956	3	3957	3958
3957	2	3957	3959
3958	1	3959	3960
3959	4	3960	3961
3960	2	3960	3962
3961	1	3962	3963
3962	6	3963	3964
3963	2	3963	3965
3964	1	3965	3966
3965	6	3966	3967
3966	2	3966	3968
3967	1	3968	3969
3968	4	3969	3970
3969	2	3969	3971
3970	1	3971	3972
3971	5	3972	3973
3972	2	3972	3974
3973	1	3974	3975
3974	4	3975	3976
