Dihedrals

1	1	1	3	4	6
2	2	3	4	6	7
3	1	4	6	7	9
4	2	6	7	9	10
5	1	7	9	10	12
6	2	9	10	12	13
7	1	10	12	13	15
8	2	12	13	15	16
9	1	13	15	16	18
10	2	15	16	18	19
11	1	16	18	19	21
12	2	18	19	21	22
13	1	19	21	22	24
14	2	21	22	24	25
15	1	22	24	25	27
16	2	24	25	27	28
17	1	25	27	28	30
18	2	27	28	30	31
19	1	28	30	31	33
20	2	30	31	33	34
21	1	31	33	34	36
22	2	33	34	36	37
23	1	34	36	37	39
24	2	36	37	39	40
25	1	37	39	40	42
26	2	39	40	42	43
27	1	40	42	43	45
28	2	42	43	45	46
29	1	43	45	46	48
30	2	45	46	48	49
31	1	46	48	49	51
32	2	48	49	51	52
33	1	49	51	52	54
34	2	51	52	54	55
35	1	52	54	55	57
36	2	54	55	57	58
37	1	55	57	58	60
38	2	57	58	60	61
39	1	58	60	61	63
40	2	60	61	63	64
41	1	61	63	64	66
42	2	63	64	66	67
43	1	64	66	67	69
44	2	66	67	69	70
45	1	67	69	70	72
46	2	69	70	72	73
47	1	70	72	73	75
48	2	72	73	75	76
49	1	73	75	76	78
50	2	75	76	78	79
51	1	76	78	79	81
52	2	78	79	81	82
53	1	79	81	82	84
54	2	81	82	84	85
55	1	82	84	85	87
56	2	84	85	87	88
57	1	85	87	88	90
58	2	87	88	90	91
59	1	88	90	91	93
60	2	90	91	93	94
61	1	91	93	94	96
62	2	93	94	96	97
63	1	94	96	97	99
64	2	96	97	99	100
65	1	97	99	100	102
66	2	99	100	102	103
67	1	100	102	103	105
68	2	102	103	105	106
69	1	103	105	106	108
70	2	105	106	108	109
71	1	106	108	109	111
72	2	108	109	111	112
73	1	109	111	112	114
74	2	111	112	114	115
75	1	112	114	115	117
76	2	114	115	117	118
77	1	115	117	118	120
78	2	117	118	120	121
79	1	118	120	121	123
80	2	120	121	123	124
81	1	121	123	124	126
82	2	123	124	126	127
83	1	124	126	127	129
84	2	126	127	129	130
85	1	127	129	130	132
86	2	129	130	132	133
87	1	130	132	133	135
88	2	132	133	135	136
89	1	133	135	136	138
90	2	135	136	138	139
91	1	136	138	139	141
92	2	138	139	141	142
93	1	139	141	142	144
94	2	141	142	144	145
95	1	142	144	145	147
96	2	144	145	147	148
97	1	145	147	148	150
98	2	147	148	150	151
99	1	148	150	151	153
100	2	150	151	153	154
101	1	151	153	154	156
102	2	153	154	156	157
103	1	154	156	157	159
104	2	156	157	159	160
105	1	157	159	160	162
106	2	159	160	162	163
107	1	160	162	163	165
108	2	162	163	165	166
109	1	163	165	166	168
110	2	165	166	168	169
111	1	166	168	169	171
112	2	168	169	171	172
113	1	169	171	172	174
114	2	171	172	174	175
115	1	172	174	175	177
116	2	174	175	177	178
117	1	175	177	178	180
118	2	177	178	180	181
119	1	178	180	181	183
120	2	180	181	183	184
121	1	181	183	184	186
122	2	183	184	186	187
123	1	184	186	187	189
124	2	186	187	189	190
125	1	187	189	190	192
126	2	189	190	192	193
127	1	190	192	193	195
128	2	192	193	195	196
129	1	193	195	196	198
130	2	195	196	198	199
131	1	196	198	199	201
132	2	198	199	201	202
133	1	199	201	202	204
134	2	201	202	204	205
135	1	202	204	205	207
136	2	204	205	207	208
137	1	205	207	208	210
138	2	207	208	210	211
139	1	208	210	211	213
140	2	210	211	213	214
141	1	211	213	214	216
142	2	213	214	216	217
143	1	214	216	217	219
144	2	216	217	219	220
145	1	217	219	220	222
146	2	219	220	222	223
147	1	220	222	223	225
148	2	222	223	225	226
149	1	223	225	226	228
150	2	225	226	228	229
151	1	226	228	229	231
152	2	228	229	231	232
153	1	229	231	232	234
154	2	231	232	234	235
155	1	232	234	235	237
156	2	234	235	237	238
157	1	235	237	238	240
158	2	237	238	240	241
159	1	238	240	241	243
160	2	240	241	243	244
161	1	241	243	244	246
162	2	243	244	246	247
163	1	244	246	247	249
164	2	246	247	249	250
165	1	247	249	250	252
166	2	249	250	252	253
167	1	250	252	253	255
168	2	252	253	255	256
169	1	253	255	256	258
170	2	255	256	258	259
171	1	256	258	259	261
172	2	258	259	261	262
173	1	259	261	262	264
174	2	261	262	264	265
175	1	262	264	265	267
176	2	264	265	267	268
177	1	265	267	268	270
178	2	267	268	270	271
179	1	268	270	271	273
180	2	270	271	273	274
181	1	271	273	274	276
182	2	273	274	276	277
183	1	274	276	277	279
184	2	276	277	279	280
185	1	277	279	280	282
186	2	279	280	282	283
187	1	280	282	283	285
188	2	282	283	285	286
189	1	283	285	286	288
190	2	285	286	288	289
191	1	286	288	289	291
192	2	288	289	291	292
193	1	289	291	292	294
194	2	291	292	294	295
195	1	292	294	295	297
196	2	294	295	297	298
197	1	295	297	298	300
198	2	297	298	300	301
199	1	298	300	301	303
200	2	300	301	303	304
201	1	301	303	304	306
202	2	303	304	306	307
203	1	304	306	307	309
204	2	306	307	309	310
205	1	307	309	310	312
206	2	309	310	312	313
207	1	310	312	313	315
208	2	312	313	315	316
209	1	313	315	316	318
210	2	315	316	318	319
211	1	316	318	319	321
212	2	318	319	321	322
213	1	319	321	322	324
214	2	321	322	324	325
215	1	322	324	325	327
216	2	324	325	327	328
217	1	325	327	328	330
218	2	327	328	330	331
219	1	328	330	331	333
220	2	330	331	333	334
221	1	331	333	334	336
222	2	333	334	336	337
223	1	334	336	337	339
224	2	336	337	339	340
225	1	337	339	340	342
226	2	339	340	342	343
227	1	340	342	343	345
228	2	342	343	345	346
229	1	343	345	346	348
230	2	345	346	348	349
231	1	346	348	349	351
232	2	348	349	351	352
233	1	349	351	352	354
234	2	351	352	354	355
235	1	352	354	355	357
236	2	354	355	357	358
237	1	355	357	358	360
238	2	357	358	360	361
239	1	358	360	361	363
240	2	360	361	363	364
241	1	361	363	364	366
242	2	363	364	366	367
243	1	364	366	367	369
244	2	366	367	369	370
245	1	367	369	370	372
246	2	369	370	372	373
247	1	370	372	373	375
248	2	372	373	375	376
249	1	373	375	376	378
250	2	375	376	378	379
251	1	376	378	379	381
252	2	378	379	381	382
253	1	379	381	382	384
254	2	381	382	384	385
255	1	382	384	385	387
256	2	384	385	387	388
257	1	385	387	388	390
258	2	387	388	390	391
259	1	388	390	391	393
260	2	390	391	393	394
261	1	391	393	394	396
262	2	393	394	396	397
263	1	394	396	397	399
264	2	396	397	399	400
265	1	397	399	400	402
266	2	399	400	402	403
267	1	400	402	403	405
268	2	402	403	405	406
269	1	403	405	406	408
270	2	405	406	408	409
271	1	406	408	409	411
272	2	408	409	411	412
273	1	409	411	412	414
274	2	411	412	414	415
275	1	412	414	415	417
276	2	414	415	417	418
277	1	415	417	418	420
278	2	417	418	420	421
279	1	418	420	421	423
280	2	420	421	423	424
281	1	421	423	424	426
282	2	423	424	426	427
283	1	424	426	427	429
284	2	426	427	429	430
285	1	427	429	430	432
286	2	429	430	432	433
287	1	430	432	433	435
288	2	432	433	435	436
289	1	433	435	436	438
290	2	435	436	438	439
291	1	436	438	439	441
292	2	438	439	441	442
293	1	439	441	442	444
294	2	441	442	444	445
295	1	442	444	445	447
296	2	444	445	447	448
297	1	445	447	448	450
298	2	447	448	450	451
299	1	448	450	451	453
300	2	450	451	453	454
301	1	451	453	454	456
302	2	453	454	456	457
303	1	454	456	457	459
304	2	456	457	459	460
305	1	457	459	460	462
306	2	459	460	462	463
307	1	460	462	463	465
308	2	462	463	465	466
309	1	463	465	466	468
310	2	465	466	468	469
311	1	466	468	469	471
312	2	468	469	471	472
313	1	469	471	472	474
314	2	471	472	474	475
315	1	472	474	475	477
316	2	474	475	477	478
317	1	475	477	478	480
318	2	477	478	480	481
319	1	478	480	481	483
320	2	480	481	483	484
321	1	481	483	484	486
322	2	483	484	486	487
323	1	484	486	487	489
324	2	486	487	489	490
325	1	487	489	490	492
326	2	489	490	492	493
327	1	490	492	493	495
328	2	492	493	495	496
329	1	493	495	496	498
330	2	495	496	498	499
331	1	496	498	499	501
332	2	498	499	501	502
333	1	499	501	502	504
334	2	501	502	504	505
335	1	502	504	505	507
336	2	504	505	507	508
337	1	505	507	508	510
338	2	507	508	510	511
339	1	508	510	511	513
340	2	510	511	513	514
341	1	511	513	514	516
342	2	513	514	516	517
343	1	514	516	517	519
344	2	516	517	519	520
345	1	517	519	520	522
346	2	519	520	522	523
347	1	520	522	523	525
348	2	522	523	525	526
349	1	523	525	526	528
350	2	525	526	528	529
351	1	526	528	529	531
352	2	528	529	531	532
353	1	529	531	532	534
354	2	531	532	534	535
355	1	532	534	535	537
356	2	534	535	537	538
357	1	535	537	538	540
358	2	537	538	540	541
359	1	538	540	541	543
360	2	540	541	543	544
361	1	541	543	544	546
362	2	543	544	546	547
363	1	544	546	547	549
364	2	546	547	549	550
365	1	547	549	550	552
366	2	549	550	552	553
367	1	550	552	553	555
368	2	552	553	555	556
369	1	553	555	556	558
370	2	555	556	558	559
371	1	556	558	559	561
372	2	558	559	561	562
373	1	559	561	562	564
374	2	561	562	564	565
375	1	562	564	565	567
376	2	564	565	567	568
377	1	565	567	568	570
378	2	567	568	570	571
379	1	568	570	571	573
380	2	570	571	573	574
381	1	571	573	574	576
382	2	573	574	576	577
383	1	574	576	577	579
384	2	576	577	579	580
385	1	577	579	580	582
386	2	579	580	582	583
387	1	580	582	583	585
388	2	582	583	585	586
389	1	583	585	586	588
390	2	585	586	588	589
391	1	586	588	589	591
392	2	588	589	591	592
393	1	589	591	592	594
394	2	591	592	594	595
395	1	592	594	595	597
396	2	594	595	597	598
397	1	595	597	598	600
398	2	597	598	600	601
399	1	598	600	601	603
400	2	600	601	603	604
401	1	601	603	604	606
402	2	603	604	606	607
403	1	604	606	607	609
404	2	606	607	609	610
405	1	607	609	610	612
406	2	609	610	612	613
407	1	610	612	613	615
408	2	612	613	615	616
409	1	613	615	616	618
410	2	615	616	618	619
411	1	616	618	619	621
412	2	618	619	621	622
413	1	619	621	622	624
414	2	621	622	624	625
415	1	622	624	625	627
416	2	624	625	627	628
417	1	625	627	628	630
418	2	627	628	630	631
419	1	628	630	631	633
420	2	630	631	633	634
421	1	631	633	634	636
422	2	633	634	636	637
423	1	634	636	637	639
424	2	636	637	639	640
425	1	637	639	640	642
426	2	639	640	642	643
427	1	640	642	643	645
428	2	642	643	645	646
429	1	643	645	646	648
430	2	645	646	648	649
431	1	646	648	649	651
432	2	648	649	651	652
433	1	649	651	652	654
434	2	651	652	654	655
435	1	652	654	655	657
436	2	654	655	657	658
437	1	655	657	658	660
438	2	657	658	660	661
439	1	658	660	661	663
440	2	660	661	663	664
441	1	661	663	664	666
442	2	663	664	666	667
443	1	664	666	667	669
444	2	666	667	669	670
445	1	667	669	670	672
446	2	669	670	672	673
447	1	670	672	673	675
448	2	672	673	675	676
449	1	673	675	676	678
450	2	675	676	678	679
451	1	676	678	679	681
452	2	678	679	681	682
453	1	679	681	682	684
454	2	681	682	684	685
455	1	682	684	685	687
456	2	684	685	687	688
457	1	685	687	688	690
458	2	687	688	690	691
459	1	688	690	691	693
460	2	690	691	693	694
461	1	691	693	694	696
462	2	693	694	696	697
463	1	694	696	697	699
464	2	696	697	699	700
465	1	697	699	700	702
466	2	699	700	702	703
467	1	700	702	703	705
468	2	702	703	705	706
469	1	703	705	706	708
470	2	705	706	708	709
471	1	706	708	709	711
472	2	708	709	711	712
473	1	709	711	712	714
474	2	711	712	714	715
475	1	712	714	715	717
476	2	714	715	717	718
477	1	715	717	718	720
478	2	717	718	720	721
479	1	718	720	721	723
480	2	720	721	723	724
481	1	721	723	724	726
482	2	723	724	726	727
483	1	724	726	727	729
484	2	726	727	729	730
485	1	727	729	730	732
486	2	729	730	732	733
487	1	730	732	733	735
488	2	732	733	735	736
489	1	733	735	736	738
490	2	735	736	738	739
491	1	736	738	739	741
492	2	738	739	741	742
493	1	739	741	742	744
494	2	741	742	744	745
495	1	742	744	745	747
496	2	744	745	747	748
497	1	745	747	748	750
498	2	747	748	750	751
499	1	748	750	751	753
500	2	750	751	753	754
501	1	751	753	754	756
502	2	753	754	756	757
503	1	754	756	757	759
504	2	756	757	759	760
505	1	757	759	760	762
506	2	759	760	762	763
507	1	760	762	763	765
508	2	762	763	765	766
509	1	763	765	766	768
510	2	765	766	768	769
511	1	766	768	769	771
512	2	768	769	771	772
513	1	769	771	772	774
514	2	771	772	774	775
515	1	772	774	775	777
516	2	774	775	777	778
517	1	775	777	778	780
518	2	777	778	780	781
519	1	778	780	781	783
520	2	780	781	783	784
521	1	781	783	784	786
522	2	783	784	786	787
523	1	784	786	787	789
524	2	786	787	789	790
525	1	787	789	790	792
526	2	789	790	792	793
527	1	790	792	793	795
528	2	792	793	795	796
529	1	793	795	796	798
530	2	795	796	798	799
531	1	796	798	799	801
532	2	798	799	801	802
533	1	799	801	802	804
534	2	801	802	804	805
535	1	802	804	805	807
536	2	804	805	807	808
537	1	805	807	808	810
538	2	807	808	810	811
539	1	808	810	811	813
540	2	810	811	813	814
541	1	811	813	814	816
542	2	813	814	816	817
543	1	814	816	817	819
544	2	816	817	819	820
545	1	817	819	820	822
546	2	819	820	822	823
547	1	820	822	823	825
548	2	822	823	825	826
549	1	823	825	826	828
550	2	825	826	828	829
551	1	826	828	829	831
552	2	828	829	831	832
553	1	829	831	832	834
554	2	831	832	834	835
555	1	832	834	835	837
556	2	834	835	837	838
557	1	835	837	838	840
558	2	837	838	840	841
559	1	838	840	841	843
560	2	840	841	843	844
561	1	841	843	844	846
562	2	843	844	846	847
563	1	844	846	847	849
564	2	846	847	849	850
565	1	847	849	850	852
566	2	849	850	852	853
567	1	850	852	853	855
568	2	852	853	855	856
569	1	853	855	856	858
570	2	855	856	858	859
571	1	856	858	859	861
572	2	858	859	861	862
573	1	859	861	862	864
574	2	861	862	864	865
575	1	862	864	865	867
576	2	864	865	867	868
577	1	865	867	868	870
578	2	867	868	870	871
579	1	868	870	871	873
580	2	870	871	873	874
581	1	871	873	874	876
582	2	873	874	876	877
583	1	874	876	877	879
584	2	876	877	879	880
585	1	877	879	880	882
586	2	879	880	882	883
587	1	880	882	883	885
588	2	882	883	885	886
589	1	883	885	886	888
590	2	885	886	888	889
591	1	886	888	889	891
592	2	888	889	891	892
593	1	889	891	892	894
594	2	891	892	894	895
595	1	892	894	895	897
596	2	894	895	897	898
597	1	895	897	898	900
598	2	897	898	900	901
599	1	898	900	901	903
600	2	900	901	903	904
601	1	901	903	904	906
602	2	903	904	906	907
603	1	904	906	907	909
604	2	906	907	909	910
605	1	907	909	910	912
606	2	909	910	912	913
607	1	910	912	913	915
608	2	912	913	915	916
609	1	913	915	916	918
610	2	915	916	918	919
611	1	916	918	919	921
612	2	918	919	921	922
613	1	919	921	922	924
614	2	921	922	924	925
615	1	922	924	925	927
616	2	924	925	927	928
617	1	925	927	928	930
618	2	927	928	930	931
619	1	928	930	931	933
620	2	930	931	933	934
621	1	931	933	934	936
622	2	933	934	936	937
623	1	934	936	937	939
624	2	936	937	939	940
625	1	937	939	940	942
626	2	939	940	942	943
627	1	940	942	943	945
628	2	942	943	945	946
629	1	943	945	946	948
630	2	945	946	948	949
631	1	946	948	949	951
632	2	948	949	951	952
633	1	949	951	952	954
634	2	951	952	954	955
635	1	952	954	955	957
636	2	954	955	957	958
637	1	955	957	958	960
638	2	957	958	960	961
639	1	958	960	961	963
640	2	960	961	963	964
641	1	961	963	964	966
642	2	963	964	966	967
643	1	964	966	967	969
644	2	966	967	969	970
645	1	967	969	970	972
646	2	969	970	972	973
647	1	970	972	973	975
648	2	972	973	975	976
649	1	973	975	976	978
650	2	975	976	978	979
651	1	976	978	979	981
652	2	978	979	981	982
653	1	979	981	982	984
654	2	981	982	984	985
655	1	982	984	985	987
656	2	984	985	987	988
657	1	985	987	988	990
658	2	987	988	990	991
659	1	988	990	991	993
660	2	990	991	993	994
661	1	991	993	994	996
662	2	993	994	996	997
663	1	994	996	997	999
664	2	996	997	999	1000
665	1	997	999	1000	1002
666	2	999	1000	1002	1003
667	1	1000	1002	1003	1005
668	2	1002	1003	1005	1006
669	1	1003	1005	1006	1008
670	2	1005	1006	1008	1009
671	1	1006	1008	1009	1011
672	2	1008	1009	1011	1012
673	1	1009	1011	1012	1014
674	2	1011	1012	1014	1015
675	1	1012	1014	1015	1017
676	2	1014	1015	1017	1018
677	1	1015	1017	1018	1020
678	2	1017	1018	1020	1021
679	1	1018	1020	1021	1023
680	2	1020	1021	1023	1024
681	1	1021	1023	1024	1026
682	2	1023	1024	1026	1027
683	1	1024	1026	1027	1029
684	2	1026	1027	1029	1030
685	1	1027	1029	1030	1032
686	2	1029	1030	1032	1033
687	1	1030	1032	1033	1035
688	2	1032	1033	1035	1036
689	1	1033	1035	1036	1038
690	2	1035	1036	1038	1039
691	1	1036	1038	1039	1041
692	2	1038	1039	1041	1042
693	1	1039	1041	1042	1044
694	2	1041	1042	1044	1045
695	1	1042	1044	1045	1047
696	2	1044	1045	1047	1048
697	1	1045	1047	1048	1050
698	2	1047	1048	1050	1051
699	1	1048	1050	1051	1053
700	2	1050	1051	1053	1054
701	1	1051	1053	1054	1056
702	2	1053	1054	1056	1057
703	1	1054	1056	1057	1059
704	2	1056	1057	1059	1060
705	1	1057	1059	1060	1062
706	2	1059	1060	1062	1063
707	1	1060	1062	1063	1065
708	2	1062	1063	1065	1066
709	1	1063	1065	1066	1068
710	2	1065	1066	1068	1069
711	1	1066	1068	1069	1071
712	2	1068	1069	1071	1072
713	1	1069	1071	1072	1074
714	2	1071	1072	1074	1075
715	1	1072	1074	1075	1077
716	2	1074	1075	1077	1078
717	1	1075	1077	1078	1080
718	2	1077	1078	1080	1081
719	1	1078	1080	1081	1083
720	2	1080	1081	1083	1084
721	1	1081	1083	1084	1086
722	2	1083	1084	1086	1087
723	1	1084	1086	1087	1089
724	2	1086	1087	1089	1090
725	1	1087	1089	1090	1092
726	2	1089	1090	1092	1093
727	1	1090	1092	1093	1095
728	2	1092	1093	1095	1096
729	1	1093	1095	1096	1098
730	2	1095	1096	1098	1099
731	1	1096	1098	1099	1101
732	2	1098	1099	1101	1102
733	1	1099	1101	1102	1104
734	2	1101	1102	1104	1105
735	1	1102	1104	1105	1107
736	2	1104	1105	1107	1108
737	1	1105	1107	1108	1110
738	2	1107	1108	1110	1111
739	1	1108	1110	1111	1113
740	2	1110	1111	1113	1114
741	1	1111	1113	1114	1116
742	2	1113	1114	1116	1117
743	1	1114	1116	1117	1119
744	2	1116	1117	1119	1120
745	1	1117	1119	1120	1122
746	2	1119	1120	1122	1123
747	1	1120	1122	1123	1125
748	2	1122	1123	1125	1126
749	1	1123	1125	1126	1128
750	2	1125	1126	1128	1129
751	1	1126	1128	1129	1131
752	2	1128	1129	1131	1132
753	1	1129	1131	1132	1134
754	2	1131	1132	1134	1135
755	1	1132	1134	1135	1137
756	2	1134	1135	1137	1138
757	1	1135	1137	1138	1140
758	2	1137	1138	1140	1141
759	1	1138	1140	1141	1143
760	2	1140	1141	1143	1144
761	1	1141	1143	1144	1146
762	2	1143	1144	1146	1147
763	1	1144	1146	1147	1149
764	2	1146	1147	1149	1150
765	1	1147	1149	1150	1152
766	2	1149	1150	1152	1153
767	1	1150	1152	1153	1155
768	2	1152	1153	1155	1156
769	1	1153	1155	1156	1158
770	2	1155	1156	1158	1159
771	1	1156	1158	1159	1161
772	2	1158	1159	1161	1162
773	1	1159	1161	1162	1164
774	2	1161	1162	1164	1165
775	1	1162	1164	1165	1167
776	2	1164	1165	1167	1168
777	1	1165	1167	1168	1170
778	2	1167	1168	1170	1171
779	1	1168	1170	1171	1173
780	2	1170	1171	1173	1174
781	1	1171	1173	1174	1176
782	2	1173	1174	1176	1177
783	1	1174	1176	1177	1179
784	2	1176	1177	1179	1180
785	1	1177	1179	1180	1182
786	2	1179	1180	1182	1183
787	1	1180	1182	1183	1185
788	2	1182	1183	1185	1186
789	1	1183	1185	1186	1188
790	2	1185	1186	1188	1189
791	1	1186	1188	1189	1191
792	2	1188	1189	1191	1192
793	1	1189	1191	1192	1194
794	2	1191	1192	1194	1195
795	1	1192	1194	1195	1197
796	2	1194	1195	1197	1198
797	1	1195	1197	1198	1200
798	2	1197	1198	1200	1201
799	1	1198	1200	1201	1203
800	2	1200	1201	1203	1204
801	1	1201	1203	1204	1206
802	2	1203	1204	1206	1207
803	1	1204	1206	1207	1209
804	2	1206	1207	1209	1210
805	1	1207	1209	1210	1212
806	2	1209	1210	1212	1213
807	1	1210	1212	1213	1215
808	2	1212	1213	1215	1216
809	1	1213	1215	1216	1218
810	2	1215	1216	1218	1219
811	1	1216	1218	1219	1221
812	2	1218	1219	1221	1222
813	1	1219	1221	1222	1224
814	2	1221	1222	1224	1225
815	1	1222	1224	1225	1227
816	2	1224	1225	1227	1228
817	1	1225	1227	1228	1230
818	2	1227	1228	1230	1231
819	1	1228	1230	1231	1233
820	2	1230	1231	1233	1234
821	1	1231	1233	1234	1236
822	2	1233	1234	1236	1237
823	1	1234	1236	1237	1239
824	2	1236	1237	1239	1240
825	1	1237	1239	1240	1242
826	2	1239	1240	1242	1243
827	1	1240	1242	1243	1245
828	2	1242	1243	1245	1246
829	1	1243	1245	1246	1248
830	2	1245	1246	1248	1249
831	1	1246	1248	1249	1251
832	2	1248	1249	1251	1252
833	1	1249	1251	1252	1254
834	2	1251	1252	1254	1255
835	1	1252	1254	1255	1257
836	2	1254	1255	1257	1258
837	1	1255	1257	1258	1260
838	2	1257	1258	1260	1261
839	1	1258	1260	1261	1263
840	2	1260	1261	1263	1264
841	1	1261	1263	1264	1266
842	2	1263	1264	1266	1267
843	1	1264	1266	1267	1269
844	2	1266	1267	1269	1270
845	1	1267	1269	1270	1272
846	2	1269	1270	1272	1273
847	1	1270	1272	1273	1275
848	2	1272	1273	1275	1276
849	1	1273	1275	1276	1278
850	2	1275	1276	1278	1279
851	1	1276	1278	1279	1281
852	2	1278	1279	1281	1282
853	1	1279	1281	1282	1284
854	2	1281	1282	1284	1285
855	1	1282	1284	1285	1287
856	2	1284	1285	1287	1288
857	1	1285	1287	1288	1290
858	2	1287	1288	1290	1291
859	1	1288	1290	1291	1293
860	2	1290	1291	1293	1294
861	1	1291	1293	1294	1296
862	2	1293	1294	1296	1297
863	1	1294	1296	1297	1299
864	2	1296	1297	1299	1300
865	1	1297	1299	1300	1302
866	2	1299	1300	1302	1303
867	1	1300	1302	1303	1305
868	2	1302	1303	1305	1306
869	1	1303	1305	1306	1308
870	2	1305	1306	1308	1309
871	1	1306	1308	1309	1311
872	2	1308	1309	1311	1312
873	1	1309	1311	1312	1314
874	2	1311	1312	1314	1315
875	1	1312	1314	1315	1317
876	2	1314	1315	1317	1318
877	1	1315	1317	1318	1320
878	2	1317	1318	1320	1321
879	1	1318	1320	1321	1323
880	2	1320	1321	1323	1324
881	1	1321	1323	1324	1326
882	2	1323	1324	1326	1327
883	1	1324	1326	1327	1329
884	2	1326	1327	1329	1330
885	1	1327	1329	1330	1332
886	2	1329	1330	1332	1333
887	1	1330	1332	1333	1335
888	2	1332	1333	1335	1336
889	1	1333	1335	1336	1338
890	2	1335	1336	1338	1339
891	1	1336	1338	1339	1341
892	2	1338	1339	1341	1342
893	1	1339	1341	1342	1344
894	2	1341	1342	1344	1345
895	1	1342	1344	1345	1347
896	2	1344	1345	1347	1348
897	1	1345	1347	1348	1350
898	2	1347	1348	1350	1351
899	1	1348	1350	1351	1353
900	2	1350	1351	1353	1354
901	1	1351	1353	1354	1356
902	2	1353	1354	1356	1357
903	1	1354	1356	1357	1359
904	2	1356	1357	1359	1360
905	1	1357	1359	1360	1362
906	2	1359	1360	1362	1363
907	1	1360	1362	1363	1365
908	2	1362	1363	1365	1366
909	1	1363	1365	1366	1368
910	2	1365	1366	1368	1369
911	1	1366	1368	1369	1371
912	2	1368	1369	1371	1372
913	1	1369	1371	1372	1374
914	2	1371	1372	1374	1375
915	1	1372	1374	1375	1377
916	2	1374	1375	1377	1378
917	1	1375	1377	1378	1380
918	2	1377	1378	1380	1381
919	1	1378	1380	1381	1383
920	2	1380	1381	1383	1384
921	1	1381	1383	1384	1386
922	2	1383	1384	1386	1387
923	1	1384	1386	1387	1389
924	2	1386	1387	1389	1390
925	1	1387	1389	1390	1392
926	2	1389	1390	1392	1393
927	1	1390	1392	1393	1395
928	2	1392	1393	1395	1396
929	1	1393	1395	1396	1398
930	2	1395	1396	1398	1399
931	1	1396	1398	1399	1401
932	2	1398	1399	1401	1402
933	1	1399	1401	1402	1404
934	2	1401	1402	1404	1405
935	1	1402	1404	1405	1407
936	2	1404	1405	1407	1408
937	1	1405	1407	1408	1410
938	2	1407	1408	1410	1411
939	1	1408	1410	1411	1413
940	2	1410	1411	1413	1414
941	1	1411	1413	1414	1416
942	2	1413	1414	1416	1417
943	1	1414	1416	1417	1419
944	2	1416	1417	1419	1420
945	1	1417	1419	1420	1422
946	2	1419	1420	1422	1423
947	1	1420	1422	1423	1425
948	2	1422	1423	1425	1426
949	1	1423	1425	1426	1428
950	2	1425	1426	1428	1429
951	1	1426	1428	1429	1431
952	2	1428	1429	1431	1432
953	1	1429	1431	1432	1434
954	2	1431	1432	1434	1435
955	1	1432	1434	1435	1437
956	2	1434	1435	1437	1438
957	1	1435	1437	1438	1440
958	2	1437	1438	1440	1441
959	1	1438	1440	1441	1443
960	2	1440	1441	1443	1444
961	1	1441	1443	1444	1446
962	2	1443	1444	1446	1447
963	1	1444	1446	1447	1449
964	2	1446	1447	1449	1450
965	1	1447	1449	1450	1452
966	2	1449	1450	1452	1453
967	1	1450	1452	1453	1455
968	2	1452	1453	1455	1456
969	1	1453	1455	1456	1458
970	2	1455	1456	1458	1459
971	1	1456	1458	1459	1461
972	2	1458	1459	1461	1462
973	1	1459	1461	1462	1464
974	2	1461	1462	1464	1465
975	1	1462	1464	1465	1467
976	2	1464	1465	1467	1468
977	1	1465	1467	1468	1470
978	2	1467	1468	1470	1471
979	1	1468	1470	1471	1473
980	2	1470	1471	1473	1474
981	1	1471	1473	1474	1476
982	2	1473	1474	1476	1477
983	1	1474	1476	1477	1479
984	2	1476	1477	1479	1480
985	1	1477	1479	1480	1482
986	2	1479	1480	1482	1483
987	1	1480	1482	1483	1485
988	2	1482	1483	1485	1486
989	1	1483	1485	1486	1488
990	2	1485	1486	1488	1489
991	1	1486	1488	1489	1491
992	2	1488	1489	1491	1492
993	1	1489	1491	1492	1494
994	2	1491	1492	1494	1495
995	1	1492	1494	1495	1497
996	2	1494	1495	1497	1498
997	1	1495	1497	1498	1500
998	2	1497	1498	1500	1501
999	1	1498	1500	1501	1503
1000	2	1500	1501	1503	1504
1001	1	1501	1503	1504	1506
1002	2	1503	1504	1506	1507
1003	1	1504	1506	1507	1509
1004	2	1506	1507	1509	1510
1005	1	1507	1509	1510	1512
1006	2	1509	1510	1512	1513
1007	1	1510	1512	1513	1515
1008	2	1512	1513	1515	1516
1009	1	1513	1515	1516	1518
1010	2	1515	1516	1518	1519
1011	1	1516	1518	1519	1521
1012	2	1518	1519	1521	1522
1013	1	1519	1521	1522	1524
1014	2	1521	1522	1524	1525
1015	1	1522	1524	1525	1527
1016	2	1524	1525	1527	1528
1017	1	1525	1527	1528	1530
1018	2	1527	1528	1530	1531
1019	1	1528	1530	1531	1533
1020	2	1530	1531	1533	1534
1021	1	1531	1533	1534	1536
1022	2	1533	1534	1536	1537
1023	1	1534	1536	1537	1539
1024	2	1536	1537	1539	1540
1025	1	1537	1539	1540	1542
1026	2	1539	1540	1542	1543
1027	1	1540	1542	1543	1545
1028	2	1542	1543	1545	1546
1029	1	1543	1545	1546	1548
1030	2	1545	1546	1548	1549
1031	1	1546	1548	1549	1551
1032	2	1548	1549	1551	1552
1033	1	1549	1551	1552	1554
1034	2	1551	1552	1554	1555
1035	1	1552	1554	1555	1557
1036	2	1554	1555	1557	1558
1037	1	1555	1557	1558	1560
1038	2	1557	1558	1560	1561
1039	1	1558	1560	1561	1563
1040	2	1560	1561	1563	1564
1041	1	1561	1563	1564	1566
1042	2	1563	1564	1566	1567
1043	1	1564	1566	1567	1569
1044	2	1566	1567	1569	1570
1045	1	1567	1569	1570	1572
1046	2	1569	1570	1572	1573
1047	1	1570	1572	1573	1575
1048	2	1572	1573	1575	1576
1049	1	1573	1575	1576	1578
1050	2	1575	1576	1578	1579
1051	1	1576	1578	1579	1581
1052	2	1578	1579	1581	1582
1053	1	1579	1581	1582	1584
1054	2	1581	1582	1584	1585
1055	1	1582	1584	1585	1587
1056	2	1584	1585	1587	1588
1057	1	1585	1587	1588	1590
1058	2	1587	1588	1590	1591
1059	1	1588	1590	1591	1593
1060	2	1590	1591	1593	1594
1061	1	1591	1593	1594	1596
1062	2	1593	1594	1596	1597
1063	1	1594	1596	1597	1599
1064	2	1596	1597	1599	1600
1065	1	1597	1599	1600	1602
1066	2	1599	1600	1602	1603
1067	1	1600	1602	1603	1605
1068	2	1602	1603	1605	1606
1069	1	1603	1605	1606	1608
1070	2	1605	1606	1608	1609
1071	1	1606	1608	1609	1611
1072	2	1608	1609	1611	1612
1073	1	1609	1611	1612	1614
1074	2	1611	1612	1614	1615
1075	1	1612	1614	1615	1617
1076	2	1614	1615	1617	1618
1077	1	1615	1617	1618	1620
1078	2	1617	1618	1620	1621
1079	1	1618	1620	1621	1623
1080	2	1620	1621	1623	1624
1081	1	1621	1623	1624	1626
1082	2	1623	1624	1626	1627
1083	1	1624	1626	1627	1629
1084	2	1626	1627	1629	1630
1085	1	1627	1629	1630	1632
1086	2	1629	1630	1632	1633
1087	1	1630	1632	1633	1635
1088	2	1632	1633	1635	1636
1089	1	1633	1635	1636	1638
1090	2	1635	1636	1638	1639
1091	1	1636	1638	1639	1641
1092	2	1638	1639	1641	1642
1093	1	1639	1641	1642	1644
1094	2	1641	1642	1644	1645
1095	1	1642	1644	1645	1647
1096	2	1644	1645	1647	1648
1097	1	1645	1647	1648	1650
1098	2	1647	1648	1650	1651
1099	1	1648	1650	1651	1653
1100	2	1650	1651	1653	1654
1101	1	1651	1653	1654	1656
1102	2	1653	1654	1656	1657
1103	1	1654	1656	1657	1659
1104	2	1656	1657	1659	1660
1105	1	1657	1659	1660	1662
1106	2	1659	1660	1662	1663
1107	1	1660	1662	1663	1665
1108	2	1662	1663	1665	1666
1109	1	1663	1665	1666	1668
1110	2	1665	1666	1668	1669
1111	1	1666	1668	1669	1671
1112	2	1668	1669	1671	1672
1113	1	1669	1671	1672	1674
1114	2	1671	1672	1674	1675
1115	1	1672	1674	1675	1677
1116	2	1674	1675	1677	1678
1117	1	1675	1677	1678	1680
1118	2	1677	1678	1680	1681
1119	1	1678	1680	1681	1683
1120	2	1680	1681	1683	1684
1121	1	1681	1683	1684	1686
1122	2	1683	1684	1686	1687
1123	1	1684	1686	1687	1689
1124	2	1686	1687	1689	1690
1125	1	1687	1689	1690	1692
1126	2	1689	1690	1692	1693
1127	1	1690	1692	1693	1695
1128	2	1692	1693	1695	1696
1129	1	1693	1695	1696	1698
1130	2	1695	1696	1698	1699
1131	1	1696	1698	1699	1701
1132	2	1698	1699	1701	1702
1133	1	1699	1701	1702	1704
1134	2	1701	1702	1704	1705
1135	1	1702	1704	1705	1707
1136	2	1704	1705	1707	1708
1137	1	1705	1707	1708	1710
1138	2	1707	1708	1710	1711
1139	1	1708	1710	1711	1713
1140	2	1710	1711	1713	1714
1141	1	1711	1713	1714	1716
1142	2	1713	1714	1716	1717
1143	1	1714	1716	1717	1719
1144	2	1716	1717	1719	1720
1145	1	1717	1719	1720	1722
1146	2	1719	1720	1722	1723
1147	1	1720	1722	1723	1725
1148	2	1722	1723	1725	1726
1149	1	1723	1725	1726	1728
1150	2	1725	1726	1728	1729
1151	1	1726	1728	1729	1731
1152	2	1728	1729	1731	1732
1153	1	1729	1731	1732	1734
1154	2	1731	1732	1734	1735
1155	1	1732	1734	1735	1737
1156	2	1734	1735	1737	1738
1157	1	1735	1737	1738	1740
1158	2	1737	1738	1740	1741
1159	1	1738	1740	1741	1743
1160	2	1740	1741	1743	1744
1161	1	1741	1743	1744	1746
1162	2	1743	1744	1746	1747
1163	1	1744	1746	1747	1749
1164	2	1746	1747	1749	1750
1165	1	1747	1749	1750	1752
1166	2	1749	1750	1752	1753
1167	1	1750	1752	1753	1755
1168	2	1752	1753	1755	1756
1169	1	1753	1755	1756	1758
1170	2	1755	1756	1758	1759
1171	1	1756	1758	1759	1761
1172	2	1758	1759	1761	1762
1173	1	1759	1761	1762	1764
1174	2	1761	1762	1764	1765
1175	1	1762	1764	1765	1767
1176	2	1764	1765	1767	1768
1177	1	1765	1767	1768	1770
1178	2	1767	1768	1770	1771
1179	1	1768	1770	1771	1773
1180	2	1770	1771	1773	1774
1181	1	1771	1773	1774	1776
1182	2	1773	1774	1776	1777
1183	1	1774	1776	1777	1779
1184	2	1776	1777	1779	1780
1185	1	1777	1779	1780	1782
1186	2	1779	1780	1782	1783
1187	1	1780	1782	1783	1785
1188	2	1782	1783	1785	1786
1189	1	1783	1785	1786	1788
1190	2	1785	1786	1788	1789
1191	1	1786	1788	1789	1791
1192	2	1788	1789	1791	1792
1193	1	1789	1791	1792	1794
1194	2	1791	1792	1794	1795
1195	1	1792	1794	1795	1797
1196	2	1794	1795	1797	1798
1197	1	1795	1797	1798	1800
1198	2	1797	1798	1800	1801
1199	1	1798	1800	1801	1803
1200	2	1800	1801	1803	1804
1201	1	1801	1803	1804	1806
1202	2	1803	1804	1806	1807
1203	1	1804	1806	1807	1809
1204	2	1806	1807	1809	1810
1205	1	1807	1809	1810	1812
1206	2	1809	1810	1812	1813
1207	1	1810	1812	1813	1815
1208	2	1812	1813	1815	1816
1209	1	1813	1815	1816	1818
1210	2	1815	1816	1818	1819
1211	1	1816	1818	1819	1821
1212	2	1818	1819	1821	1822
1213	1	1819	1821	1822	1824
1214	2	1821	1822	1824	1825
1215	1	1822	1824	1825	1827
1216	2	1824	1825	1827	1828
1217	1	1825	1827	1828	1830
1218	2	1827	1828	1830	1831
1219	1	1828	1830	1831	1833
1220	2	1830	1831	1833	1834
1221	1	1831	1833	1834	1836
1222	2	1833	1834	1836	1837
1223	1	1834	1836	1837	1839
1224	2	1836	1837	1839	1840
1225	1	1837	1839	1840	1842
1226	2	1839	1840	1842	1843
1227	1	1840	1842	1843	1845
1228	2	1842	1843	1845	1846
1229	1	1843	1845	1846	1848
1230	2	1845	1846	1848	1849
1231	1	1846	1848	1849	1851
1232	2	1848	1849	1851	1852
1233	1	1849	1851	1852	1854
1234	2	1851	1852	1854	1855
1235	1	1852	1854	1855	1857
1236	2	1854	1855	1857	1858
1237	1	1855	1857	1858	1860
1238	2	1857	1858	1860	1861
1239	1	1858	1860	1861	1863
1240	2	1860	1861	1863	1864
1241	1	1861	1863	1864	1866
1242	2	1863	1864	1866	1867
1243	1	1864	1866	1867	1869
1244	2	1866	1867	1869	1870
1245	1	1867	1869	1870	1872
1246	2	1869	1870	1872	1873
1247	1	1870	1872	1873	1875
1248	2	1872	1873	1875	1876
1249	1	1873	1875	1876	1878
1250	2	1875	1876	1878	1879
1251	1	1876	1878	1879	1881
1252	2	1878	1879	1881	1882
1253	1	1879	1881	1882	1884
1254	2	1881	1882	1884	1885
1255	1	1882	1884	1885	1887
1256	2	1884	1885	1887	1888
1257	1	1885	1887	1888	1890
1258	2	1887	1888	1890	1891
1259	1	1888	1890	1891	1893
1260	2	1890	1891	1893	1894
1261	1	1891	1893	1894	1896
1262	2	1893	1894	1896	1897
1263	1	1894	1896	1897	1899
1264	2	1896	1897	1899	1900
1265	1	1897	1899	1900	1902
1266	2	1899	1900	1902	1903
1267	1	1900	1902	1903	1905
1268	2	1902	1903	1905	1906
1269	1	1903	1905	1906	1908
1270	2	1905	1906	1908	1909
1271	1	1906	1908	1909	1911
1272	2	1908	1909	1911	1912
1273	1	1909	1911	1912	1914
1274	2	1911	1912	1914	1915
1275	1	1912	1914	1915	1917
1276	2	1914	1915	1917	1918
1277	1	1915	1917	1918	1920
1278	2	1917	1918	1920	1921
1279	1	1918	1920	1921	1923
1280	2	1920	1921	1923	1924
1281	1	1921	1923	1924	1926
1282	2	1923	1924	1926	1927
1283	1	1924	1926	1927	1929
1284	2	1926	1927	1929	1930
1285	1	1927	1929	1930	1932
1286	2	1929	1930	1932	1933
1287	1	1930	1932	1933	1935
1288	2	1932	1933	1935	1936
1289	1	1933	1935	1936	1938
1290	2	1935	1936	1938	1939
1291	1	1936	1938	1939	1941
1292	2	1938	1939	1941	1942
1293	1	1944	1946	1947	1949
1294	2	1946	1947	1949	1950
1295	1	1947	1949	1950	1952
1296	2	1949	1950	1952	1953
1297	1	1950	1952	1953	1955
1298	2	1952	1953	1955	1956
1299	1	1953	1955	1956	1958
1300	2	1955	1956	1958	1959
1301	1	1956	1958	1959	1961
1302	2	1958	1959	1961	1962
1303	1	1959	1961	1962	1964
1304	2	1961	1962	1964	1965
1305	1	1962	1964	1965	1967
1306	2	1964	1965	1967	1968
1307	1	1965	1967	1968	1970
1308	2	1967	1968	1970	1971
1309	1	1968	1970	1971	1973
1310	2	1970	1971	1973	1974
1311	1	1971	1973	1974	1976
1312	2	1973	1974	1976	1977
1313	1	1974	1976	1977	1979
1314	2	1976	1977	1979	1980
1315	1	1977	1979	1980	1982
1316	2	1979	1980	1982	1983
1317	1	1980	1982	1983	1985
1318	2	1982	1983	1985	1986
1319	1	1983	1985	1986	1988
1320	2	1985	1986	1988	1989
1321	1	1986	1988	1989	1991
1322	2	1988	1989	1991	1992
1323	1	1989	1991	1992	1994
1324	2	1991	1992	1994	1995
1325	1	1992	1994	1995	1997
1326	2	1994	1995	1997	1998
1327	1	1995	1997	1998	2000
1328	2	1997	1998	2000	2001
1329	1	1998	2000	2001	2003
1330	2	2000	2001	2003	2004
1331	1	2001	2003	2004	2006
1332	2	2003	2004	2006	2007
1333	1	2004	2006	2007	2009
1334	2	2006	2007	2009	2010
1335	1	2007	2009	2010	2012
1336	2	2009	2010	2012	2013
1337	1	2010	2012	2013	2015
1338	2	2012	2013	2015	2016
1339	1	2013	2015	2016	2018
1340	2	2015	2016	2018	2019
1341	1	2016	2018	2019	2021
1342	2	2018	2019	2021	2022
1343	1	2019	2021	2022	2024
1344	2	2021	2022	2024	2025
1345	1	2022	2024	2025	2027
1346	2	2024	2025	2027	2028
1347	1	2025	2027	2028	2030
1348	2	2027	2028	2030	2031
1349	1	2028	2030	2031	2033
1350	2	2030	2031	2033	2034
1351	1	2031	2033	2034	2036
1352	2	2033	2034	2036	2037
1353	1	2034	2036	2037	2039
1354	2	2036	2037	2039	2040
1355	1	2037	2039	2040	2042
1356	2	2039	2040	2042	2043
1357	1	2040	2042	2043	2045
1358	2	2042	2043	2045	2046
1359	1	2043	2045	2046	2048
1360	2	2045	2046	2048	2049
1361	1	2046	2048	2049	2051
1362	2	2048	2049	2051	2052
1363	1	2049	2051	2052	2054
1364	2	2051	2052	2054	2055
1365	1	2052	2054	2055	2057
1366	2	2054	2055	2057	2058
1367	1	2055	2057	2058	2060
1368	2	2057	2058	2060	2061
1369	1	2058	2060	2061	2063
1370	2	2060	2061	2063	2064
1371	1	2061	2063	2064	2066
1372	2	2063	2064	2066	2067
1373	1	2064	2066	2067	2069
1374	2	2066	2067	2069	2070
1375	1	2067	2069	2070	2072
1376	2	2069	2070	2072	2073
1377	1	2070	2072	2073	2075
1378	2	2072	2073	2075	2076
1379	1	2073	2075	2076	2078
1380	2	2075	2076	2078	2079
1381	1	2076	2078	2079	2081
1382	2	2078	2079	2081	2082
1383	1	2079	2081	2082	2084
1384	2	2081	2082	2084	2085
1385	1	2082	2084	2085	2087
1386	2	2084	2085	2087	2088
1387	1	2085	2087	2088	2090
1388	2	2087	2088	2090	2091
1389	1	2088	2090	2091	2093
1390	2	2090	2091	2093	2094
1391	1	2091	2093	2094	2096
1392	2	2093	2094	2096	2097
1393	1	2094	2096	2097	2099
1394	2	2096	2097	2099	2100
1395	1	2097	2099	2100	2102
1396	2	2099	2100	2102	2103
1397	1	2100	2102	2103	2105
1398	2	2102	2103	2105	2106
1399	1	2103	2105	2106	2108
1400	2	2105	2106	2108	2109
1401	1	2106	2108	2109	2111
1402	2	2108	2109	2111	2112
1403	1	2109	2111	2112	2114
1404	2	2111	2112	2114	2115
1405	1	2112	2114	2115	2117
1406	2	2114	2115	2117	2118
1407	1	2115	2117	2118	2120
1408	2	2117	2118	2120	2121
1409	1	2118	2120	2121	2123
1410	2	2120	2121	2123	2124
1411	1	2121	2123	2124	2126
1412	2	2123	2124	2126	2127
1413	1	2124	2126	2127	2129
1414	2	2126	2127	2129	2130
1415	1	2127	2129	2130	2132
1416	2	2129	2130	2132	2133
1417	1	2130	2132	2133	2135
1418	2	2132	2133	2135	2136
1419	1	2133	2135	2136	2138
1420	2	2135	2136	2138	2139
1421	1	2136	2138	2139	2141
1422	2	2138	2139	2141	2142
1423	1	2139	2141	2142	2144
1424	2	2141	2142	2144	2145
1425	1	2142	2144	2145	2147
1426	2	2144	2145	2147	2148
1427	1	2145	2147	2148	2150
1428	2	2147	2148	2150	2151
1429	1	2148	2150	2151	2153
1430	2	2150	2151	2153	2154
1431	1	2151	2153	2154	2156
1432	2	2153	2154	2156	2157
1433	1	2154	2156	2157	2159
1434	2	2156	2157	2159	2160
1435	1	2157	2159	2160	2162
1436	2	2159	2160	2162	2163
1437	1	2160	2162	2163	2165
1438	2	2162	2163	2165	2166
1439	1	2163	2165	2166	2168
1440	2	2165	2166	2168	2169
1441	1	2166	2168	2169	2171
1442	2	2168	2169	2171	2172
1443	1	2169	2171	2172	2174
1444	2	2171	2172	2174	2175
1445	1	2172	2174	2175	2177
1446	2	2174	2175	2177	2178
1447	1	2175	2177	2178	2180
1448	2	2177	2178	2180	2181
1449	1	2178	2180	2181	2183
1450	2	2180	2181	2183	2184
1451	1	2181	2183	2184	2186
1452	2	2183	2184	2186	2187
1453	1	2184	2186	2187	2189
1454	2	2186	2187	2189	2190
1455	1	2187	2189	2190	2192
1456	2	2189	2190	2192	2193
1457	1	2190	2192	2193	2195
1458	2	2192	2193	2195	2196
1459	1	2193	2195	2196	2198
1460	2	2195	2196	2198	2199
1461	1	2196	2198	2199	2201
1462	2	2198	2199	2201	2202
1463	1	2199	2201	2202	2204
1464	2	2201	2202	2204	2205
1465	1	2202	2204	2205	2207
1466	2	2204	2205	2207	2208
1467	1	2205	2207	2208	2210
1468	2	2207	2208	2210	2211
1469	1	2208	2210	2211	2213
1470	2	2210	2211	2213	2214
1471	1	2211	2213	2214	2216
1472	2	2213	2214	2216	2217
1473	1	2214	2216	2217	2219
1474	2	2216	2217	2219	2220
1475	1	2217	2219	2220	2222
1476	2	2219	2220	2222	2223
1477	1	2220	2222	2223	2225
1478	2	2222	2223	2225	2226
1479	1	2223	2225	2226	2228
1480	2	2225	2226	2228	2229
1481	1	2226	2228	2229	2231
1482	2	2228	2229	2231	2232
1483	1	2229	2231	2232	2234
1484	2	2231	2232	2234	2235
1485	1	2232	2234	2235	2237
1486	2	2234	2235	2237	2238
1487	1	2235	2237	2238	2240
1488	2	2237	2238	2240	2241
1489	1	2238	2240	2241	2243
1490	2	2240	2241	2243	2244
1491	1	2241	2243	2244	2246
1492	2	2243	2244	2246	2247
1493	1	2244	2246	2247	2249
1494	2	2246	2247	2249	2250
1495	1	2247	2249	2250	2252
1496	2	2249	2250	2252	2253
1497	1	2250	2252	2253	2255
1498	2	2252	2253	2255	2256
1499	1	2253	2255	2256	2258
1500	2	2255	2256	2258	2259
1501	1	2256	2258	2259	2261
1502	2	2258	2259	2261	2262
1503	1	2259	2261	2262	2264
1504	2	2261	2262	2264	2265
1505	1	2262	2264	2265	2267
1506	2	2264	2265	2267	2268
1507	1	2265	2267	2268	2270
1508	2	2267	2268	2270	2271
1509	1	2268	2270	2271	2273
1510	2	2270	2271	2273	2274
1511	1	2271	2273	2274	2276
1512	2	2273	2274	2276	2277
1513	1	2274	2276	2277	2279
1514	2	2276	2277	2279	2280
1515	1	2277	2279	2280	2282
1516	2	2279	2280	2282	2283
1517	1	2280	2282	2283	2285
1518	2	2282	2283	2285	2286
1519	1	2283	2285	2286	2288
1520	2	2285	2286	2288	2289
1521	1	2286	2288	2289	2291
1522	2	2288	2289	2291	2292
1523	1	2289	2291	2292	2294
1524	2	2291	2292	2294	2295
1525	1	2292	2294	2295	2297
1526	2	2294	2295	2297	2298
1527	1	2295	2297	2298	2300
1528	2	2297	2298	2300	2301
1529	1	2298	2300	2301	2303
1530	2	2300	2301	2303	2304
1531	1	2301	2303	2304	2306
1532	2	2303	2304	2306	2307
1533	1	2304	2306	2307	2309
1534	2	2306	2307	2309	2310
1535	1	2307	2309	2310	2312
1536	2	2309	2310	2312	2313
1537	1	2310	2312	2313	2315
1538	2	2312	2313	2315	2316
1539	1	2313	2315	2316	2318
1540	2	2315	2316	2318	2319
1541	1	2316	2318	2319	2321
1542	2	2318	2319	2321	2322
1543	1	2319	2321	2322	2324
1544	2	2321	2322	2324	2325
1545	1	2322	2324	2325	2327
1546	2	2324	2325	2327	2328
1547	1	2325	2327	2328	2330
1548	2	2327	2328	2330	2331
1549	1	2328	2330	2331	2333
1550	2	2330	2331	2333	2334
1551	1	2331	2333	2334	2336
1552	2	2333	2334	2336	2337
1553	1	2334	2336	2337	2339
1554	2	2336	2337	2339	2340
1555	1	2337	2339	2340	2342
1556	2	2339	2340	2342	2343
1557	1	2340	2342	2343	2345
1558	2	2342	2343	2345	2346
1559	1	2343	2345	2346	2348
1560	2	2345	2346	2348	2349
1561	1	2346	2348	2349	2351
1562	2	2348	2349	2351	2352
1563	1	2349	2351	2352	2354
1564	2	2351	2352	2354	2355
1565	1	2352	2354	2355	2357
1566	2	2354	2355	2357	2358
1567	1	2355	2357	2358	2360
1568	2	2357	2358	2360	2361
1569	1	2358	2360	2361	2363
1570	2	2360	2361	2363	2364
1571	1	2361	2363	2364	2366
1572	2	2363	2364	2366	2367
1573	1	2364	2366	2367	2369
1574	2	2366	2367	2369	2370
1575	1	2367	2369	2370	2372
1576	2	2369	2370	2372	2373
1577	1	2370	2372	2373	2375
1578	2	2372	2373	2375	2376
1579	1	2373	2375	2376	2378
1580	2	2375	2376	2378	2379
1581	1	2376	2378	2379	2381
1582	2	2378	2379	2381	2382
1583	1	2379	2381	2382	2384
1584	2	2381	2382	2384	2385
1585	1	2382	2384	2385	2387
1586	2	2384	2385	2387	2388
1587	1	2385	2387	2388	2390
1588	2	2387	2388	2390	2391
1589	1	2388	2390	2391	2393
1590	2	2390	2391	2393	2394
1591	1	2391	2393	2394	2396
1592	2	2393	2394	2396	2397
1593	1	2394	2396	2397	2399
1594	2	2396	2397	2399	2400
1595	1	2397	2399	2400	2402
1596	2	2399	2400	2402	2403
1597	1	2400	2402	2403	2405
1598	2	2402	2403	2405	2406
1599	1	2403	2405	2406	2408
1600	2	2405	2406	2408	2409
1601	1	2406	2408	2409	2411
1602	2	2408	2409	2411	2412
1603	1	2409	2411	2412	2414
1604	2	2411	2412	2414	2415
1605	1	2412	2414	2415	2417
1606	2	2414	2415	2417	2418
1607	1	2415	2417	2418	2420
1608	2	2417	2418	2420	2421
1609	1	2418	2420	2421	2423
1610	2	2420	2421	2423	2424
1611	1	2421	2423	2424	2426
1612	2	2423	2424	2426	2427
1613	1	2424	2426	2427	2429
1614	2	2426	2427	2429	2430
1615	1	2427	2429	2430	2432
1616	2	2429	2430	2432	2433
1617	1	2430	2432	2433	2435
1618	2	2432	2433	2435	2436
1619	1	2433	2435	2436	2438
1620	2	2435	2436	2438	2439
1621	1	2436	2438	2439	2441
1622	2	2438	2439	2441	2442
1623	1	2439	2441	2442	2444
1624	2	2441	2442	2444	2445
1625	1	2442	2444	2445	2447
1626	2	2444	2445	2447	2448
1627	1	2445	2447	2448	2450
1628	2	2447	2448	2450	2451
1629	1	2448	2450	2451	2453
1630	2	2450	2451	2453	2454
1631	1	2451	2453	2454	2456
1632	2	2453	2454	2456	2457
1633	1	2454	2456	2457	2459
1634	2	2456	2457	2459	2460
1635	1	2457	2459	2460	2462
1636	2	2459	2460	2462	2463
1637	1	2460	2462	2463	2465
1638	2	2462	2463	2465	2466
1639	1	2463	2465	2466	2468
1640	2	2465	2466	2468	2469
1641	1	2466	2468	2469	2471
1642	2	2468	2469	2471	2472
1643	1	2469	2471	2472	2474
1644	2	2471	2472	2474	2475
1645	1	2472	2474	2475	2477
1646	2	2474	2475	2477	2478
1647	1	2475	2477	2478	2480
1648	2	2477	2478	2480	2481
1649	1	2478	2480	2481	2483
1650	2	2480	2481	2483	2484
1651	1	2481	2483	2484	2486
1652	2	2483	2484	2486	2487
1653	1	2484	2486	2487	2489
1654	2	2486	2487	2489	2490
1655	1	2487	2489	2490	2492
1656	2	2489	2490	2492	2493
1657	1	2490	2492	2493	2495
1658	2	2492	2493	2495	2496
1659	1	2493	2495	2496	2498
1660	2	2495	2496	2498	2499
1661	1	2496	2498	2499	2501
1662	2	2498	2499	2501	2502
1663	1	2499	2501	2502	2504
1664	2	2501	2502	2504	2505
1665	1	2502	2504	2505	2507
1666	2	2504	2505	2507	2508
1667	1	2505	2507	2508	2510
1668	2	2507	2508	2510	2511
1669	1	2508	2510	2511	2513
1670	2	2510	2511	2513	2514
1671	1	2511	2513	2514	2516
1672	2	2513	2514	2516	2517
1673	1	2514	2516	2517	2519
1674	2	2516	2517	2519	2520
1675	1	2517	2519	2520	2522
1676	2	2519	2520	2522	2523
1677	1	2520	2522	2523	2525
1678	2	2522	2523	2525	2526
1679	1	2523	2525	2526	2528
1680	2	2525	2526	2528	2529
1681	1	2526	2528	2529	2531
1682	2	2528	2529	2531	2532
1683	1	2529	2531	2532	2534
1684	2	2531	2532	2534	2535
1685	1	2532	2534	2535	2537
1686	2	2534	2535	2537	2538
1687	1	2535	2537	2538	2540
1688	2	2537	2538	2540	2541
1689	1	2538	2540	2541	2543
1690	2	2540	2541	2543	2544
1691	1	2541	2543	2544	2546
1692	2	2543	2544	2546	2547
1693	1	2544	2546	2547	2549
1694	2	2546	2547	2549	2550
1695	1	2547	2549	2550	2552
1696	2	2549	2550	2552	2553
1697	1	2550	2552	2553	2555
1698	2	2552	2553	2555	2556
1699	1	2553	2555	2556	2558
1700	2	2555	2556	2558	2559
1701	1	2556	2558	2559	2561
1702	2	2558	2559	2561	2562
1703	1	2559	2561	2562	2564
1704	2	2561	2562	2564	2565
1705	1	2562	2564	2565	2567
1706	2	2564	2565	2567	2568
1707	1	2565	2567	2568	2570
1708	2	2567	2568	2570	2571
1709	1	2568	2570	2571	2573
1710	2	2570	2571	2573	2574
1711	1	2571	2573	2574	2576
1712	2	2573	2574	2576	2577
1713	1	2574	2576	2577	2579
1714	2	2576	2577	2579	2580
1715	1	2577	2579	2580	2582
1716	2	2579	2580	2582	2583
1717	1	2580	2582	2583	2585
1718	2	2582	2583	2585	2586
1719	1	2583	2585	2586	2588
1720	2	2585	2586	2588	2589
1721	1	2586	2588	2589	2591
1722	2	2588	2589	2591	2592
1723	1	2589	2591	2592	2594
1724	2	2591	2592	2594	2595
1725	1	2592	2594	2595	2597
1726	2	2594	2595	2597	2598
1727	1	2595	2597	2598	2600
1728	2	2597	2598	2600	2601
1729	1	2598	2600	2601	2603
1730	2	2600	2601	2603	2604
1731	1	2601	2603	2604	2606
1732	2	2603	2604	2606	2607
1733	1	2604	2606	2607	2609
1734	2	2606	2607	2609	2610
1735	1	2607	2609	2610	2612
1736	2	2609	2610	2612	2613
1737	1	2610	2612	2613	2615
1738	2	2612	2613	2615	2616
1739	1	2613	2615	2616	2618
1740	2	2615	2616	2618	2619
1741	1	2616	2618	2619	2621
1742	2	2618	2619	2621	2622
1743	1	2619	2621	2622	2624
1744	2	2621	2622	2624	2625
1745	1	2622	2624	2625	2627
1746	2	2624	2625	2627	2628
1747	1	2625	2627	2628	2630
1748	2	2627	2628	2630	2631
1749	1	2628	2630	2631	2633
1750	2	2630	2631	2633	2634
1751	1	2631	2633	2634	2636
1752	2	2633	2634	2636	2637
1753	1	2634	2636	2637	2639
1754	2	2636	2637	2639	2640
1755	1	2637	2639	2640	2642
1756	2	2639	2640	2642	2643
1757	1	2640	2642	2643	2645
1758	2	2642	2643	2645	2646
1759	1	2643	2645	2646	2648
1760	2	2645	2646	2648	2649
1761	1	2646	2648	2649	2651
1762	2	2648	2649	2651	2652
1763	1	2649	2651	2652	2654
1764	2	2651	2652	2654	2655
1765	1	2652	2654	2655	2657
1766	2	2654	2655	2657	2658
1767	1	2655	2657	2658	2660
1768	2	2657	2658	2660	2661
1769	1	2658	2660	2661	2663
1770	2	2660	2661	2663	2664
1771	1	2661	2663	2664	2666
1772	2	2663	2664	2666	2667
1773	1	2664	2666	2667	2669
1774	2	2666	2667	2669	2670
1775	1	2667	2669	2670	2672
1776	2	2669	2670	2672	2673
1777	1	2670	2672	2673	2675
1778	2	2672	2673	2675	2676
1779	1	2673	2675	2676	2678
1780	2	2675	2676	2678	2679
1781	1	2676	2678	2679	2681
1782	2	2678	2679	2681	2682
1783	1	2679	2681	2682	2684
1784	2	2681	2682	2684	2685
1785	1	2682	2684	2685	2687
1786	2	2684	2685	2687	2688
1787	1	2685	2687	2688	2690
1788	2	2687	2688	2690	2691
1789	1	2688	2690	2691	2693
1790	2	2690	2691	2693	2694
1791	1	2691	2693	2694	2696
1792	2	2693	2694	2696	2697
1793	1	2694	2696	2697	2699
1794	2	2696	2697	2699	2700
1795	1	2697	2699	2700	2702
1796	2	2699	2700	2702	2703
1797	1	2700	2702	2703	2705
1798	2	2702	2703	2705	2706
1799	1	2703	2705	2706	2708
1800	2	2705	2706	2708	2709
1801	1	2706	2708	2709	2711
1802	2	2708	2709	2711	2712
1803	1	2709	2711	2712	2714
1804	2	2711	2712	2714	2715
1805	1	2712	2714	2715	2717
1806	2	2714	2715	2717	2718
1807	1	2715	2717	2718	2720
1808	2	2717	2718	2720	2721
1809	1	2718	2720	2721	2723
1810	2	2720	2721	2723	2724
1811	1	2721	2723	2724	2726
1812	2	2723	2724	2726	2727
1813	1	2724	2726	2727	2729
1814	2	2726	2727	2729	2730
1815	1	2727	2729	2730	2732
1816	2	2729	2730	2732	2733
1817	1	2730	2732	2733	2735
1818	2	2732	2733	2735	2736
1819	1	2733	2735	2736	2738
1820	2	2735	2736	2738	2739
1821	1	2736	2738	2739	2741
1822	2	2738	2739	2741	2742
1823	1	2739	2741	2742	2744
1824	2	2741	2742	2744	2745
1825	1	2742	2744	2745	2747
1826	2	2744	2745	2747	2748
1827	1	2745	2747	2748	2750
1828	2	2747	2748	2750	2751
1829	1	2748	2750	2751	2753
1830	2	2750	2751	2753	2754
1831	1	2751	2753	2754	2756
1832	2	2753	2754	2756	2757
1833	1	2754	2756	2757	2759
1834	2	2756	2757	2759	2760
1835	1	2757	2759	2760	2762
1836	2	2759	2760	2762	2763
1837	1	2760	2762	2763	2765
1838	2	2762	2763	2765	2766
1839	1	2763	2765	2766	2768
1840	2	2765	2766	2768	2769
1841	1	2766	2768	2769	2771
1842	2	2768	2769	2771	2772
1843	1	2769	2771	2772	2774
1844	2	2771	2772	2774	2775
1845	1	2772	2774	2775	2777
1846	2	2774	2775	2777	2778
1847	1	2775	2777	2778	2780
1848	2	2777	2778	2780	2781
1849	1	2778	2780	2781	2783
1850	2	2780	2781	2783	2784
1851	1	2781	2783	2784	2786
1852	2	2783	2784	2786	2787
1853	1	2784	2786	2787	2789
1854	2	2786	2787	2789	2790
1855	1	2787	2789	2790	2792
1856	2	2789	2790	2792	2793
1857	1	2790	2792	2793	2795
1858	2	2792	2793	2795	2796
1859	1	2793	2795	2796	2798
1860	2	2795	2796	2798	2799
1861	1	2796	2798	2799	2801
1862	2	2798	2799	2801	2802
1863	1	2799	2801	2802	2804
1864	2	2801	2802	2804	2805
1865	1	2802	2804	2805	2807
1866	2	2804	2805	2807	2808
1867	1	2805	2807	2808	2810
1868	2	2807	2808	2810	2811
1869	1	2808	2810	2811	2813
1870	2	2810	2811	2813	2814
1871	1	2811	2813	2814	2816
1872	2	2813	2814	2816	2817
1873	1	2814	2816	2817	2819
1874	2	2816	2817	2819	2820
1875	1	2817	2819	2820	2822
1876	2	2819	2820	2822	2823
1877	1	2820	2822	2823	2825
1878	2	2822	2823	2825	2826
1879	1	2823	2825	2826	2828
1880	2	2825	2826	2828	2829
1881	1	2826	2828	2829	2831
1882	2	2828	2829	2831	2832
1883	1	2829	2831	2832	2834
1884	2	2831	2832	2834	2835
1885	1	2832	2834	2835	2837
1886	2	2834	2835	2837	2838
1887	1	2835	2837	2838	2840
1888	2	2837	2838	2840	2841
1889	1	2838	2840	2841	2843
1890	2	2840	2841	2843	2844
1891	1	2841	2843	2844	2846
1892	2	2843	2844	2846	2847
1893	1	2844	2846	2847	2849
1894	2	2846	2847	2849	2850
1895	1	2847	2849	2850	2852
1896	2	2849	2850	2852	2853
1897	1	2850	2852	2853	2855
1898	2	2852	2853	2855	2856
1899	1	2853	2855	2856	2858
1900	2	2855	2856	2858	2859
1901	1	2856	2858	2859	2861
1902	2	2858	2859	2861	2862
1903	1	2859	2861	2862	2864
1904	2	2861	2862	2864	2865
1905	1	2862	2864	2865	2867
1906	2	2864	2865	2867	2868
1907	1	2865	2867	2868	2870
1908	2	2867	2868	2870	2871
1909	1	2868	2870	2871	2873
1910	2	2870	2871	2873	2874
1911	1	2871	2873	2874	2876
1912	2	2873	2874	2876	2877
1913	1	2874	2876	2877	2879
1914	2	2876	2877	2879	2880
1915	1	2877	2879	2880	2882
1916	2	2879	2880	2882	2883
1917	1	2880	2882	2883	2885
1918	2	2882	2883	2885	2886
1919	1	2883	2885	2886	2888
1920	2	2885	2886	2888	2889
1921	1	2886	2888	2889	2891
1922	2	2888	2889	2891	2892
1923	1	2889	2891	2892	2894
1924	2	2891	2892	2894	2895
1925	1	2892	2894	2895	2897
1926	2	2894	2895	2897	2898
1927	1	2895	2897	2898	2900
1928	2	2897	2898	2900	2901
1929	1	2898	2900	2901	2903
1930	2	2900	2901	2903	2904
1931	1	2901	2903	2904	2906
1932	2	2903	2904	2906	2907
1933	1	2904	2906	2907	2909
1934	2	2906	2907	2909	2910
1935	1	2907	2909	2910	2912
1936	2	2909	2910	2912	2913
1937	1	2910	2912	2913	2915
1938	2	2912	2913	2915	2916
1939	1	2913	2915	2916	2918
1940	2	2915	2916	2918	2919
1941	1	2916	2918	2919	2921
1942	2	2918	2919	2921	2922
1943	1	2919	2921	2922	2924
1944	2	2921	2922	2924	2925
1945	1	2922	2924	2925	2927
1946	2	2924	2925	2927	2928
1947	1	2925	2927	2928	2930
1948	2	2927	2928	2930	2931
1949	1	2928	2930	2931	2933
1950	2	2930	2931	2933	2934
1951	1	2931	2933	2934	2936
1952	2	2933	2934	2936	2937
1953	1	2934	2936	2937	2939
1954	2	2936	2937	2939	2940
1955	1	2937	2939	2940	2942
1956	2	2939	2940	2942	2943
1957	1	2940	2942	2943	2945
1958	2	2942	2943	2945	2946
1959	1	2943	2945	2946	2948
1960	2	2945	2946	2948	2949
1961	1	2946	2948	2949	2951
1962	2	2948	2949	2951	2952
1963	1	2949	2951	2952	2954
1964	2	2951	2952	2954	2955
1965	1	2952	2954	2955	2957
1966	2	2954	2955	2957	2958
1967	1	2955	2957	2958	2960
1968	2	2957	2958	2960	2961
1969	1	2958	2960	2961	2963
1970	2	2960	2961	2963	2964
1971	1	2961	2963	2964	2966
1972	2	2963	2964	2966	2967
1973	1	2964	2966	2967	2969
1974	2	2966	2967	2969	2970
1975	1	2967	2969	2970	2972
1976	2	2969	2970	2972	2973
1977	1	2970	2972	2973	2975
1978	2	2972	2973	2975	2976
1979	1	2973	2975	2976	2978
1980	2	2975	2976	2978	2979
1981	1	2976	2978	2979	2981
1982	2	2978	2979	2981	2982
1983	1	2979	2981	2982	2984
1984	2	2981	2982	2984	2985
1985	1	2982	2984	2985	2987
1986	2	2984	2985	2987	2988
1987	1	2985	2987	2988	2990
1988	2	2987	2988	2990	2991
1989	1	2988	2990	2991	2993
1990	2	2990	2991	2993	2994
1991	1	2991	2993	2994	2996
1992	2	2993	2994	2996	2997
1993	1	2994	2996	2997	2999
1994	2	2996	2997	2999	3000
1995	1	2997	2999	3000	3002
1996	2	2999	3000	3002	3003
1997	1	3000	3002	3003	3005
1998	2	3002	3003	3005	3006
1999	1	3003	3005	3006	3008
2000	2	3005	3006	3008	3009
2001	1	3006	3008	3009	3011
2002	2	3008	3009	3011	3012
2003	1	3009	3011	3012	3014
2004	2	3011	3012	3014	3015
2005	1	3012	3014	3015	3017
2006	2	3014	3015	3017	3018
2007	1	3015	3017	3018	3020
2008	2	3017	3018	3020	3021
2009	1	3018	3020	3021	3023
2010	2	3020	3021	3023	3024
2011	1	3021	3023	3024	3026
2012	2	3023	3024	3026	3027
2013	1	3024	3026	3027	3029
2014	2	3026	3027	3029	3030
2015	1	3027	3029	3030	3032
2016	2	3029	3030	3032	3033
2017	1	3030	3032	3033	3035
2018	2	3032	3033	3035	3036
2019	1	3033	3035	3036	3038
2020	2	3035	3036	3038	3039
2021	1	3036	3038	3039	3041
2022	2	3038	3039	3041	3042
2023	1	3039	3041	3042	3044
2024	2	3041	3042	3044	3045
2025	1	3042	3044	3045	3047
2026	2	3044	3045	3047	3048
2027	1	3045	3047	3048	3050
2028	2	3047	3048	3050	3051
2029	1	3048	3050	3051	3053
2030	2	3050	3051	3053	3054
2031	1	3051	3053	3054	3056
2032	2	3053	3054	3056	3057
2033	1	3054	3056	3057	3059
2034	2	3056	3057	3059	3060
2035	1	3057	3059	3060	3062
2036	2	3059	3060	3062	3063
2037	1	3060	3062	3063	3065
2038	2	3062	3063	3065	3066
2039	1	3063	3065	3066	3068
2040	2	3065	3066	3068	3069
2041	1	3066	3068	3069	3071
2042	2	3068	3069	3071	3072
2043	1	3069	3071	3072	3074
2044	2	3071	3072	3074	3075
2045	1	3072	3074	3075	3077
2046	2	3074	3075	3077	3078
2047	1	3075	3077	3078	3080
2048	2	3077	3078	3080	3081
2049	1	3078	3080	3081	3083
2050	2	3080	3081	3083	3084
2051	1	3081	3083	3084	3086
2052	2	3083	3084	3086	3087
2053	1	3084	3086	3087	3089
2054	2	3086	3087	3089	3090
2055	1	3087	3089	3090	3092
2056	2	3089	3090	3092	3093
2057	1	3090	3092	3093	3095
2058	2	3092	3093	3095	3096
2059	1	3093	3095	3096	3098
2060	2	3095	3096	3098	3099
2061	1	3096	3098	3099	3101
2062	2	3098	3099	3101	3102
2063	1	3099	3101	3102	3104
2064	2	3101	3102	3104	3105
2065	1	3102	3104	3105	3107
2066	2	3104	3105	3107	3108
2067	1	3105	3107	3108	3110
2068	2	3107	3108	3110	3111
2069	1	3108	3110	3111	3113
2070	2	3110	3111	3113	3114
2071	1	3111	3113	3114	3116
2072	2	3113	3114	3116	3117
2073	1	3114	3116	3117	3119
2074	2	3116	3117	3119	3120
2075	1	3117	3119	3120	3122
2076	2	3119	3120	3122	3123
2077	1	3120	3122	3123	3125
2078	2	3122	3123	3125	3126
2079	1	3123	3125	3126	3128
2080	2	3125	3126	3128	3129
2081	1	3126	3128	3129	3131
2082	2	3128	3129	3131	3132
2083	1	3129	3131	3132	3134
2084	2	3131	3132	3134	3135
2085	1	3132	3134	3135	3137
2086	2	3134	3135	3137	3138
2087	1	3135	3137	3138	3140
2088	2	3137	3138	3140	3141
2089	1	3138	3140	3141	3143
2090	2	3140	3141	3143	3144
2091	1	3141	3143	3144	3146
2092	2	3143	3144	3146	3147
2093	1	3144	3146	3147	3149
2094	2	3146	3147	3149	3150
2095	1	3147	3149	3150	3152
2096	2	3149	3150	3152	3153
2097	1	3150	3152	3153	3155
2098	2	3152	3153	3155	3156
2099	1	3153	3155	3156	3158
2100	2	3155	3156	3158	3159
2101	1	3156	3158	3159	3161
2102	2	3158	3159	3161	3162
2103	1	3159	3161	3162	3164
2104	2	3161	3162	3164	3165
2105	1	3162	3164	3165	3167
2106	2	3164	3165	3167	3168
2107	1	3165	3167	3168	3170
2108	2	3167	3168	3170	3171
2109	1	3168	3170	3171	3173
2110	2	3170	3171	3173	3174
2111	1	3171	3173	3174	3176
2112	2	3173	3174	3176	3177
2113	1	3174	3176	3177	3179
2114	2	3176	3177	3179	3180
2115	1	3177	3179	3180	3182
2116	2	3179	3180	3182	3183
2117	1	3180	3182	3183	3185
2118	2	3182	3183	3185	3186
2119	1	3183	3185	3186	3188
2120	2	3185	3186	3188	3189
2121	1	3186	3188	3189	3191
2122	2	3188	3189	3191	3192
2123	1	3189	3191	3192	3194
2124	2	3191	3192	3194	3195
2125	1	3192	3194	3195	3197
2126	2	3194	3195	3197	3198
2127	1	3195	3197	3198	3200
2128	2	3197	3198	3200	3201
2129	1	3198	3200	3201	3203
2130	2	3200	3201	3203	3204
2131	1	3201	3203	3204	3206
2132	2	3203	3204	3206	3207
2133	1	3204	3206	3207	3209
2134	2	3206	3207	3209	3210
2135	1	3207	3209	3210	3212
2136	2	3209	3210	3212	3213
2137	1	3210	3212	3213	3215
2138	2	3212	3213	3215	3216
2139	1	3213	3215	3216	3218
2140	2	3215	3216	3218	3219
2141	1	3216	3218	3219	3221
2142	2	3218	3219	3221	3222
2143	1	3219	3221	3222	3224
2144	2	3221	3222	3224	3225
2145	1	3222	3224	3225	3227
2146	2	3224	3225	3227	3228
2147	1	3225	3227	3228	3230
2148	2	3227	3228	3230	3231
2149	1	3228	3230	3231	3233
2150	2	3230	3231	3233	3234
2151	1	3231	3233	3234	3236
2152	2	3233	3234	3236	3237
2153	1	3234	3236	3237	3239
2154	2	3236	3237	3239	3240
2155	1	3237	3239	3240	3242
2156	2	3239	3240	3242	3243
2157	1	3240	3242	3243	3245
2158	2	3242	3243	3245	3246
2159	1	3243	3245	3246	3248
2160	2	3245	3246	3248	3249
2161	1	3246	3248	3249	3251
2162	2	3248	3249	3251	3252
2163	1	3249	3251	3252	3254
2164	2	3251	3252	3254	3255
2165	1	3252	3254	3255	3257
2166	2	3254	3255	3257	3258
2167	1	3255	3257	3258	3260
2168	2	3257	3258	3260	3261
2169	1	3258	3260	3261	3263
2170	2	3260	3261	3263	3264
2171	1	3261	3263	3264	3266
2172	2	3263	3264	3266	3267
2173	1	3264	3266	3267	3269
2174	2	3266	3267	3269	3270
2175	1	3267	3269	3270	3272
2176	2	3269	3270	3272	3273
2177	1	3270	3272	3273	3275
2178	2	3272	3273	3275	3276
2179	1	3273	3275	3276	3278
2180	2	3275	3276	3278	3279
2181	1	3276	3278	3279	3281
2182	2	3278	3279	3281	3282
2183	1	3279	3281	3282	3284
2184	2	3281	3282	3284	3285
2185	1	3282	3284	3285	3287
2186	2	3284	3285	3287	3288
2187	1	3285	3287	3288	3290
2188	2	3287	3288	3290	3291
2189	1	3288	3290	3291	3293
2190	2	3290	3291	3293	3294
2191	1	3291	3293	3294	3296
2192	2	3293	3294	3296	3297
2193	1	3294	3296	3297	3299
2194	2	3296	3297	3299	3300
2195	1	3297	3299	3300	3302
2196	2	3299	3300	3302	3303
2197	1	3300	3302	3303	3305
2198	2	3302	3303	3305	3306
2199	1	3303	3305	3306	3308
2200	2	3305	3306	3308	3309
2201	1	3306	3308	3309	3311
2202	2	3308	3309	3311	3312
2203	1	3309	3311	3312	3314
2204	2	3311	3312	3314	3315
2205	1	3312	3314	3315	3317
2206	2	3314	3315	3317	3318
2207	1	3315	3317	3318	3320
2208	2	3317	3318	3320	3321
2209	1	3318	3320	3321	3323
2210	2	3320	3321	3323	3324
2211	1	3321	3323	3324	3326
2212	2	3323	3324	3326	3327
2213	1	3324	3326	3327	3329
2214	2	3326	3327	3329	3330
2215	1	3327	3329	3330	3332
2216	2	3329	3330	3332	3333
2217	1	3330	3332	3333	3335
2218	2	3332	3333	3335	3336
2219	1	3333	3335	3336	3338
2220	2	3335	3336	3338	3339
2221	1	3336	3338	3339	3341
2222	2	3338	3339	3341	3342
2223	1	3339	3341	3342	3344
2224	2	3341	3342	3344	3345
2225	1	3342	3344	3345	3347
2226	2	3344	3345	3347	3348
2227	1	3345	3347	3348	3350
2228	2	3347	3348	3350	3351
2229	1	3348	3350	3351	3353
2230	2	3350	3351	3353	3354
2231	1	3351	3353	3354	3356
2232	2	3353	3354	3356	3357
2233	1	3354	3356	3357	3359
2234	2	3356	3357	3359	3360
2235	1	3357	3359	3360	3362
2236	2	3359	3360	3362	3363
2237	1	3360	3362	3363	3365
2238	2	3362	3363	3365	3366
2239	1	3363	3365	3366	3368
2240	2	3365	3366	3368	3369
2241	1	3366	3368	3369	3371
2242	2	3368	3369	3371	3372
2243	1	3369	3371	3372	3374
2244	2	3371	3372	3374	3375
2245	1	3372	3374	3375	3377
2246	2	3374	3375	3377	3378
2247	1	3375	3377	3378	3380
2248	2	3377	3378	3380	3381
2249	1	3378	3380	3381	3383
2250	2	3380	3381	3383	3384
2251	1	3381	3383	3384	3386
2252	2	3383	3384	3386	3387
2253	1	3384	3386	3387	3389
2254	2	3386	3387	3389	3390
2255	1	3387	3389	3390	3392
2256	2	3389	3390	3392	3393
2257	1	3390	3392	3393	3395
2258	2	3392	3393	3395	3396
2259	1	3393	3395	3396	3398
2260	2	3395	3396	3398	3399
2261	1	3396	3398	3399	3401
2262	2	3398	3399	3401	3402
2263	1	3399	3401	3402	3404
2264	2	3401	3402	3404	3405
2265	1	3402	3404	3405	3407
2266	2	3404	3405	3407	3408
2267	1	3405	3407	3408	3410
2268	2	3407	3408	3410	3411
2269	1	3408	3410	3411	3413
2270	2	3410	3411	3413	3414
2271	1	3411	3413	3414	3416
2272	2	3413	3414	3416	3417
2273	1	3414	3416	3417	3419
2274	2	3416	3417	3419	3420
2275	1	3417	3419	3420	3422
2276	2	3419	3420	3422	3423
2277	1	3420	3422	3423	3425
2278	2	3422	3423	3425	3426
2279	1	3423	3425	3426	3428
2280	2	3425	3426	3428	3429
2281	1	3426	3428	3429	3431
2282	2	3428	3429	3431	3432
2283	1	3429	3431	3432	3434
2284	2	3431	3432	3434	3435
2285	1	3432	3434	3435	3437
2286	2	3434	3435	3437	3438
2287	1	3435	3437	3438	3440
2288	2	3437	3438	3440	3441
2289	1	3438	3440	3441	3443
2290	2	3440	3441	3443	3444
2291	1	3441	3443	3444	3446
2292	2	3443	3444	3446	3447
2293	1	3444	3446	3447	3449
2294	2	3446	3447	3449	3450
2295	1	3447	3449	3450	3452
2296	2	3449	3450	3452	3453
2297	1	3450	3452	3453	3455
2298	2	3452	3453	3455	3456
2299	1	3453	3455	3456	3458
2300	2	3455	3456	3458	3459
2301	1	3456	3458	3459	3461
2302	2	3458	3459	3461	3462
2303	1	3459	3461	3462	3464
2304	2	3461	3462	3464	3465
2305	1	3462	3464	3465	3467
2306	2	3464	3465	3467	3468
2307	1	3465	3467	3468	3470
2308	2	3467	3468	3470	3471
2309	1	3468	3470	3471	3473
2310	2	3470	3471	3473	3474
2311	1	3471	3473	3474	3476
2312	2	3473	3474	3476	3477
2313	1	3474	3476	3477	3479
2314	2	3476	3477	3479	3480
2315	1	3477	3479	3480	3482
2316	2	3479	3480	3482	3483
2317	1	3480	3482	3483	3485
2318	2	3482	3483	3485	3486
2319	1	3483	3485	3486	3488
2320	2	3485	3486	3488	3489
2321	1	3486	3488	3489	3491
2322	2	3488	3489	3491	3492
2323	1	3489	3491	3492	3494
2324	2	3491	3492	3494	3495
2325	1	3492	3494	3495	3497
2326	2	3494	3495	3497	3498
2327	1	3495	3497	3498	3500
2328	2	3497	3498	3500	3501
2329	1	3498	3500	3501	3503
2330	2	3500	3501	3503	3504
2331	1	3501	3503	3504	3506
2332	2	3503	3504	3506	3507
2333	1	3504	3506	3507	3509
2334	2	3506	3507	3509	3510
2335	1	3507	3509	3510	3512
2336	2	3509	3510	3512	3513
2337	1	3510	3512	3513	3515
2338	2	3512	3513	3515	3516
2339	1	3513	3515	3516	3518
2340	2	3515	3516	3518	3519
2341	1	3516	3518	3519	3521
2342	2	3518	3519	3521	3522
2343	1	3519	3521	3522	3524
2344	2	3521	3522	3524	3525
2345	1	3522	3524	3525	3527
2346	2	3524	3525	3527	3528
2347	1	3525	3527	3528	3530
2348	2	3527	3528	3530	3531
2349	1	3528	3530	3531	3533
2350	2	3530	3531	3533	3534
2351	1	3531	3533	3534	3536
2352	2	3533	3534	3536	3537
2353	1	3534	3536	3537	3539
2354	2	3536	3537	3539	3540
2355	1	3537	3539	3540	3542
2356	2	3539	3540	3542	3543
2357	1	3540	3542	3543	3545
2358	2	3542	3543	3545	3546
2359	1	3543	3545	3546	3548
2360	2	3545	3546	3548	3549
2361	1	3546	3548	3549	3551
2362	2	3548	3549	3551	3552
2363	1	3549	3551	3552	3554
2364	2	3551	3552	3554	3555
2365	1	3552	3554	3555	3557
2366	2	3554	3555	3557	3558
2367	1	3555	3557	3558	3560
2368	2	3557	3558	3560	3561
2369	1	3558	3560	3561	3563
2370	2	3560	3561	3563	3564
2371	1	3561	3563	3564	3566
2372	2	3563	3564	3566	3567
2373	1	3564	3566	3567	3569
2374	2	3566	3567	3569	3570
2375	1	3567	3569	3570	3572
2376	2	3569	3570	3572	3573
2377	1	3570	3572	3573	3575
2378	2	3572	3573	3575	3576
2379	1	3573	3575	3576	3578
2380	2	3575	3576	3578	3579
2381	1	3576	3578	3579	3581
2382	2	3578	3579	3581	3582
2383	1	3579	3581	3582	3584
2384	2	3581	3582	3584	3585
2385	1	3582	3584	3585	3587
2386	2	3584	3585	3587	3588
2387	1	3585	3587	3588	3590
2388	2	3587	3588	3590	3591
2389	1	3588	3590	3591	3593
2390	2	3590	3591	3593	3594
2391	1	3591	3593	3594	3596
2392	2	3593	3594	3596	3597
2393	1	3594	3596	3597	3599
2394	2	3596	3597	3599	3600
2395	1	3597	3599	3600	3602
2396	2	3599	3600	3602	3603
2397	1	3600	3602	3603	3605
2398	2	3602	3603	3605	3606
2399	1	3603	3605	3606	3608
2400	2	3605	3606	3608	3609
2401	1	3606	3608	3609	3611
2402	2	3608	3609	3611	3612
2403	1	3609	3611	3612	3614
2404	2	3611	3612	3614	3615
2405	1	3612	3614	3615	3617
2406	2	3614	3615	3617	3618
2407	1	3615	3617	3618	3620
2408	2	3617	3618	3620	3621
2409	1	3618	3620	3621	3623
2410	2	3620	3621	3623	3624
2411	1	3621	3623	3624	3626
2412	2	3623	3624	3626	3627
2413	1	3624	3626	3627	3629
2414	2	3626	3627	3629	3630
2415	1	3627	3629	3630	3632
2416	2	3629	3630	3632	3633
2417	1	3630	3632	3633	3635
2418	2	3632	3633	3635	3636
2419	1	3633	3635	3636	3638
2420	2	3635	3636	3638	3639
2421	1	3636	3638	3639	3641
2422	2	3638	3639	3641	3642
2423	1	3639	3641	3642	3644
2424	2	3641	3642	3644	3645
2425	1	3642	3644	3645	3647
2426	2	3644	3645	3647	3648
2427	1	3645	3647	3648	3650
2428	2	3647	3648	3650	3651
2429	1	3648	3650	3651	3653
2430	2	3650	3651	3653	3654
2431	1	3651	3653	3654	3656
2432	2	3653	3654	3656	3657
2433	1	3654	3656	3657	3659
2434	2	3656	3657	3659	3660
2435	1	3657	3659	3660	3662
2436	2	3659	3660	3662	3663
2437	1	3660	3662	3663	3665
2438	2	3662	3663	3665	3666
2439	1	3663	3665	3666	3668
2440	2	3665	3666	3668	3669
2441	1	3666	3668	3669	3671
2442	2	3668	3669	3671	3672
2443	1	3669	3671	3672	3674
2444	2	3671	3672	3674	3675
2445	1	3672	3674	3675	3677
2446	2	3674	3675	3677	3678
2447	1	3675	3677	3678	3680
2448	2	3677	3678	3680	3681
2449	1	3678	3680	3681	3683
2450	2	3680	3681	3683	3684
2451	1	3681	3683	3684	3686
2452	2	3683	3684	3686	3687
2453	1	3684	3686	3687	3689
2454	2	3686	3687	3689	3690
2455	1	3687	3689	3690	3692
2456	2	3689	3690	3692	3693
2457	1	3690	3692	3693	3695
2458	2	3692	3693	3695	3696
2459	1	3693	3695	3696	3698
2460	2	3695	3696	3698	3699
2461	1	3696	3698	3699	3701
2462	2	3698	3699	3701	3702
2463	1	3699	3701	3702	3704
2464	2	3701	3702	3704	3705
2465	1	3702	3704	3705	3707
2466	2	3704	3705	3707	3708
2467	1	3705	3707	3708	3710
2468	2	3707	3708	3710	3711
2469	1	3708	3710	3711	3713
2470	2	3710	3711	3713	3714
2471	1	3711	3713	3714	3716
2472	2	3713	3714	3716	3717
2473	1	3714	3716	3717	3719
2474	2	3716	3717	3719	3720
2475	1	3717	3719	3720	3722
2476	2	3719	3720	3722	3723
2477	1	3720	3722	3723	3725
2478	2	3722	3723	3725	3726
2479	1	3723	3725	3726	3728
2480	2	3725	3726	3728	3729
2481	1	3726	3728	3729	3731
2482	2	3728	3729	3731	3732
2483	1	3729	3731	3732	3734
2484	2	3731	3732	3734	3735
2485	1	3732	3734	3735	3737
2486	2	3734	3735	3737	3738
2487	1	3735	3737	3738	3740
2488	2	3737	3738	3740	3741
2489	1	3738	3740	3741	3743
2490	2	3740	3741	3743	3744
2491	1	3741	3743	3744	3746
2492	2	3743	3744	3746	3747
2493	1	3744	3746	3747	3749
2494	2	3746	3747	3749	3750
2495	1	3747	3749	3750	3752
2496	2	3749	3750	3752	3753
2497	1	3750	3752	3753	3755
2498	2	3752	3753	3755	3756
2499	1	3753	3755	3756	3758
2500	2	3755	3756	3758	3759
2501	1	3756	3758	3759	3761
2502	2	3758	3759	3761	3762
2503	1	3759	3761	3762	3764
2504	2	3761	3762	3764	3765
2505	1	3762	3764	3765	3767
2506	2	3764	3765	3767	3768
2507	1	3765	3767	3768	3770
2508	2	3767	3768	3770	3771
2509	1	3768	3770	3771	3773
2510	2	3770	3771	3773	3774
2511	1	3771	3773	3774	3776
2512	2	3773	3774	3776	3777
2513	1	3774	3776	3777	3779
2514	2	3776	3777	3779	3780
2515	1	3777	3779	3780	3782
2516	2	3779	3780	3782	3783
2517	1	3780	3782	3783	3785
2518	2	3782	3783	3785	3786
2519	1	3783	3785	3786	3788
2520	2	3785	3786	3788	3789
2521	1	3786	3788	3789	3791
2522	2	3788	3789	3791	3792
2523	1	3789	3791	3792	3794
2524	2	3791	3792	3794	3795
2525	1	3792	3794	3795	3797
2526	2	3794	3795	3797	3798
2527	1	3795	3797	3798	3800
2528	2	3797	3798	3800	3801
2529	1	3798	3800	3801	3803
2530	2	3800	3801	3803	3804
2531	1	3801	3803	3804	3806
2532	2	3803	3804	3806	3807
2533	1	3804	3806	3807	3809
2534	2	3806	3807	3809	3810
2535	1	3807	3809	3810	3812
2536	2	3809	3810	3812	3813
2537	1	3810	3812	3813	3815
2538	2	3812	3813	3815	3816
2539	1	3813	3815	3816	3818
2540	2	3815	3816	3818	3819
2541	1	3816	3818	3819	3821
2542	2	3818	3819	3821	3822
2543	1	3819	3821	3822	3824
2544	2	3821	3822	3824	3825
2545	1	3822	3824	3825	3827
2546	2	3824	3825	3827	3828
2547	1	3825	3827	3828	3830
2548	2	3827	3828	3830	3831
2549	1	3828	3830	3831	3833
2550	2	3830	3831	3833	3834
2551	1	3831	3833	3834	3836
2552	2	3833	3834	3836	3837
2553	1	3834	3836	3837	3839
2554	2	3836	3837	3839	3840
2555	1	3837	3839	3840	3842
2556	2	3839	3840	3842	3843
2557	1	3840	3842	3843	3845
2558	2	3842	3843	3845	3846
2559	1	3843	3845	3846	3848
2560	2	3845	3846	3848	3849
2561	1	3846	3848	3849	3851
2562	2	3848	3849	3851	3852
2563	1	3849	3851	3852	3854
2564	2	3851	3852	3854	3855
2565	1	3852	3854	3855	3857
2566	2	3854	3855	3857	3858
2567	1	3855	3857	3858	3860
2568	2	3857	3858	3860	3861
2569	1	3858	3860	3861	3863
2570	2	3860	3861	3863	3864
2571	1	3861	3863	3864	3866
2572	2	3863	3864	3866	3867
2573	1	3864	3866	3867	3869
2574	2	3866	3867	3869	3870
2575	1	3867	3869	3870	3872
2576	2	3869	3870	3872	3873
2577	1	3870	3872	3873	3875
2578	2	3872	3873	3875	3876
2579	1	3873	3875	3876	3878
2580	2	3875	3876	3878	3879
2581	1	3876	3878	3879	3881
2582	2	3878	3879	3881	3882
2583	1	3879	3881	3882	3884
2584	2	3881	3882	3884	3885
