  648 base-pairs
...     1 A-T ...
    0.0000    0.0000    0.0000
    1.0000    0.0000    0.0000
    0.0000    1.0000    0.0000
    0.0000    0.0000    1.0000
...     2 C-G ...
    0.3695   -0.4371    3.3912
    0.8523    0.5227   -0.0183
   -0.5228    0.8524   -0.0064
    0.0123    0.0151    0.9998
...     3 A-T ...
    0.2842   -0.2554    6.7738
    0.3934    0.9118   -0.1177
   -0.9159    0.3998    0.0356
    0.0795    0.0938    0.9924
...     4 G-C ...
    0.8017    0.2438   10.0896
   -0.1739    0.9749   -0.1387
   -0.9829   -0.1633    0.0850
    0.0602    0.1511    0.9867
...     5 G-C ...
    1.3678    1.0192   13.2611
   -0.6862    0.7148   -0.1350
   -0.7271   -0.6678    0.1593
    0.0237    0.2075    0.9779
...     6 A-T ...
    1.5771    1.6279   16.5598
   -0.9775    0.1905   -0.0907
   -0.2054   -0.9574    0.2029
   -0.0482    0.2169    0.9750
...     7 T-A ...
    1.4183    2.9115   19.7431
   -0.9433   -0.3281    0.0504
    0.3311   -0.9190    0.2141
   -0.0240    0.2187    0.9755
...     8 G-C ...
    1.1765    3.3114   23.0993
   -0.5760   -0.8147    0.0674
    0.8104   -0.5583    0.1779
   -0.1073    0.1571    0.9817
...     9 T-A ...
    0.3509    4.1916   26.3197
   -0.0660   -0.9882    0.1384
    0.9902   -0.0477    0.1312
   -0.1230    0.1457    0.9816
...    10 A-T ...
    0.0067    4.5397   29.6238
    0.5413   -0.8345    0.1031
    0.8348    0.5480    0.0522
   -0.1001    0.0578    0.9933
...    11 A-T ...
   -0.4421    4.6246   32.8689
    0.9262   -0.3657    0.0921
    0.3706    0.9278   -0.0434
   -0.0696    0.0743    0.9948
...    12 C-G ...
   -0.4978    4.3360   36.2955
    0.9844    0.1719    0.0376
   -0.1679    0.9816   -0.0915
   -0.0526    0.0838    0.9951
...    13 C-G ...
   -0.3406    4.2392   39.6039
    0.7335    0.6749   -0.0809
   -0.6796    0.7301   -0.0714
    0.0109    0.1073    0.9942
...    14 T-A ...
   -0.0480    4.4194   42.9794
    0.2425    0.9582   -0.1517
   -0.9682    0.2489    0.0243
    0.0611    0.1410    0.9881
...    15 G-C ...
   -0.0404    5.2164   46.2728
   -0.3628    0.9086   -0.2070
   -0.9302   -0.3399    0.1384
    0.0554    0.2428    0.9685
...    16 C-G ...
    0.1892    6.0937   49.5297
   -0.8253    0.5552   -0.1035
   -0.5627   -0.7927    0.2344
    0.0481    0.2517    0.9666
...    17 A-T ...
    0.2847    6.7825   52.8461
   -0.9986   -0.0267   -0.0459
    0.0127   -0.9597    0.2807
   -0.0515    0.2797    0.9587
...    18 G-C ...
   -0.1595    7.8705   56.0290
   -0.8256   -0.5613    0.0568
    0.5560   -0.7922    0.2515
   -0.0962    0.2392    0.9662
...    19 A-T ...
   -0.3738    8.7863   59.2557
   -0.3529   -0.9279    0.1198
    0.9283   -0.3312    0.1692
   -0.1173    0.1709    0.9783
...    20 T-A ...
   -1.3215    9.4448   62.4920
    0.1764   -0.9610    0.2129
    0.9776    0.1964    0.0762
   -0.1151    0.1947    0.9741
...    21 A-T ...
   -1.6071    9.9785   65.7769
    0.7279   -0.6731    0.1312
    0.6820    0.7305   -0.0362
   -0.0714    0.1159    0.9907
...    22 C-G ...
   -1.8785    9.8034   69.2008
    0.9781   -0.1940    0.0747
    0.2013    0.9738   -0.1059
   -0.0522    0.1186    0.9916
...    23 T-A ...
   -2.0553    9.8915   72.5880
    0.9307    0.3635   -0.0402
   -0.3657    0.9264   -0.0894
    0.0047    0.0979    0.9952
...    24 A-T ...
   -1.9407   10.3379   75.8962
    0.5316    0.8295   -0.1715
   -0.8437    0.5365   -0.0202
    0.0753    0.1554    0.9850
...    25 C-G ...
   -1.1203   10.9369   79.1819
    0.0108    0.9846   -0.1747
   -0.9976    0.0226    0.0661
    0.0690    0.1736    0.9824
...    26 C-G ...
   -0.4681   11.7544   82.3261
   -0.5407    0.8236   -0.1712
   -0.8393   -0.5144    0.1762
    0.0571    0.2390    0.9693
...    27 A-T ...
   -0.4026   12.4389   85.6442
   -0.9261    0.3524   -0.1346
   -0.3765   -0.8856    0.2718
   -0.0234    0.3024    0.9529
...    28 A-T ...
   -0.4387   13.5766   88.7172
   -0.9727   -0.2308    0.0259
    0.2289   -0.9340    0.2742
   -0.0391    0.2726    0.9613
...    29 A-T ...
   -0.6233   14.6122   91.8209
   -0.6606   -0.7339    0.1580
    0.7500   -0.6356    0.1831
   -0.0340    0.2394    0.9703
...    30 A-T ...
   -0.8672   15.4815   94.9712
   -0.1051   -0.9714    0.2130
    0.9944   -0.1005    0.0322
   -0.0099    0.2152    0.9765
...    31 G-C ...
   -1.0844   15.9634   98.3227
    0.4538   -0.8805    0.1371
    0.8908    0.4438   -0.0981
    0.0255    0.1667    0.9857
...    32 T-A ...
   -1.5325   16.2888  101.7170
    0.8522   -0.5205    0.0535
    0.5225    0.8410   -0.1404
    0.0281    0.1476    0.9886
...    33 G-C ...
   -1.0697   16.8755  105.0221
    0.9900    0.0431   -0.1343
   -0.0586    0.9917   -0.1141
    0.1283    0.1208    0.9844
...    34 T-A ...
   -0.6248   16.7010  108.4279
    0.8116    0.5537   -0.1861
   -0.5655    0.8247   -0.0122
    0.1467    0.1152    0.9824
...    35 A-T ...
   -0.0678   17.2233  111.6796
    0.3058    0.9208   -0.2422
   -0.9307    0.3427    0.1278
    0.2006    0.1863    0.9618
...    36 T-A ...
    1.1586   17.7684  114.8426
   -0.2160    0.9692   -0.1184
   -0.9558   -0.1851    0.2285
    0.1995    0.1625    0.9663
...    37 T-A ...
    1.9943   18.4884  117.9285
   -0.7298    0.6829    0.0303
   -0.6477   -0.7050    0.2889
    0.2186    0.1913    0.9569
...    38 T-A ...
    2.7445   19.3769  120.9923
   -0.9711    0.1487    0.1865
   -0.0990   -0.9626    0.2520
    0.2171    0.2263    0.9496
...    39 G-C ...
    3.1903   19.9174  124.3077
   -0.8686   -0.4522    0.2025
    0.4816   -0.8667    0.1302
    0.1166    0.2106    0.9706
...    40 G-C ...
    3.1846   20.8683  127.4819
   -0.4699   -0.8650    0.1756
    0.8795   -0.4757    0.0104
    0.0745    0.1594    0.9844
...    41 A-T ...
    3.4781   21.5522  130.7594
    0.1102   -0.9908    0.0786
    0.9900    0.1024   -0.0967
    0.0878    0.0885    0.9922
...    42 A-T ...
    3.6106   21.8050  134.0241
    0.6598   -0.7513   -0.0139
    0.7414    0.6539   -0.1507
    0.1223    0.0891    0.9885
...    43 A-T ...
    3.9071   21.9773  137.2832
    0.9639   -0.2373   -0.1205
    0.2200    0.9652   -0.1411
    0.1498    0.1095    0.9826
...    44 C-G ...
    4.6752   21.8390  140.6326
    0.9338    0.3002   -0.1945
   -0.3174    0.9462   -0.0636
    0.1649    0.1211    0.9788
...    45 T-A ...
    5.3893   21.9754  143.9467
    0.6008    0.7619   -0.2418
   -0.7675    0.6344    0.0921
    0.2236    0.1303    0.9659
...    46 G-C ...
    6.0938   22.7887  147.1599
    0.0278    0.9705   -0.2394
   -0.9656    0.0880    0.2447
    0.2586    0.2244    0.9396
...    47 C-G ...
    7.0279   23.5801  150.3112
   -0.5252    0.8481   -0.0699
   -0.8117   -0.4746    0.3404
    0.2556    0.2355    0.9377
...    48 T-A ...
    8.1084   24.5756  153.3695
   -0.8939    0.4401    0.0848
   -0.3841   -0.8497    0.3612
    0.2310    0.2903    0.9286
...    49 C-G ...
    8.5162   25.6783  156.5181
   -0.9645   -0.1409    0.2232
    0.2038   -0.9349    0.2905
    0.1677    0.3257    0.9305
...    50 C-G ...
    8.7259   27.1048  159.5016
   -0.7044   -0.6492    0.2870
    0.7019   -0.6973    0.1454
    0.1057    0.3039    0.9468
...    51 A-T ...
    9.2363   28.0348  162.7198
   -0.1822   -0.9576    0.2230
    0.9815   -0.1906   -0.0163
    0.0582    0.2159    0.9747
...    52 T-A ...
    8.8729   28.7652  166.0575
    0.3541   -0.9125    0.2050
    0.9335    0.3317   -0.1359
    0.0560    0.2394    0.9693
...    53 C-G ...
    9.2378   29.2253  169.3668
    0.8198   -0.5716    0.0356
    0.5675    0.8025   -0.1841
    0.0767    0.1711    0.9823
...    54 A-T ...
    9.5656   29.9697  172.6563
    0.9845   -0.0230   -0.1738
   -0.0018    0.9899   -0.1414
    0.1753    0.1395    0.9746
...    55 A-T ...
   10.1600   30.2689  175.8651
    0.7984    0.5499   -0.2453
   -0.5752    0.8170   -0.0408
    0.1779    0.1737    0.9686
...    56 A-T ...
   10.8503   30.7192  179.0369
    0.3152    0.9167   -0.2454
   -0.9354    0.3438    0.0828
    0.1602    0.2034    0.9659
...    57 A-T ...
   11.5297   31.3496  182.1802
   -0.2866    0.9421   -0.1740
   -0.9494   -0.2549    0.1837
    0.1287    0.2179    0.9675
...    58 G-C ...
   12.0361   32.3786  185.3734
   -0.7642    0.6366   -0.1038
   -0.6404   -0.7296    0.2401
    0.0771    0.2499    0.9652
...    59 G-C ...
   12.3876   33.6386  188.4178
   -0.9930    0.1164   -0.0197
   -0.1173   -0.9557    0.2698
    0.0126    0.2702    0.9627
...    60 C-G ...
   12.3980   34.6149  191.6545
   -0.8859   -0.4467    0.1253
    0.4639   -0.8536    0.2371
    0.0011    0.2682    0.9634
...    61 A-T ...
   12.5192   35.3884  194.9514
   -0.4558   -0.8787    0.1422
    0.8872   -0.4356    0.1518
   -0.0714    0.1954    0.9781
...    62 T-A ...
   11.7381   36.1929  198.1992
    0.0683   -0.9724    0.2231
    0.9954    0.0813    0.0498
   -0.0665    0.2187    0.9735
...    63 G-C ...
   11.8021   36.6928  201.5501
    0.6319   -0.7666    0.1141
    0.7745    0.6301   -0.0557
   -0.0292    0.1236    0.9919
...    64 T-A ...
   11.2327   36.7600  204.9411
    0.9439   -0.3255    0.0560
    0.3295    0.9397   -0.0922
   -0.0226    0.1055    0.9942
...    65 T-A ...
   11.2275   36.8417  208.2172
    0.9608    0.2771   -0.0130
   -0.2773    0.9581   -0.0723
   -0.0076    0.0731    0.9973
...    66 C-G ...
   11.5625   37.2348  211.5383
    0.6291    0.7697   -0.1082
   -0.7747    0.6323   -0.0067
    0.0633    0.0880    0.9941
...    67 A-T ...
   11.6140   37.6146  214.9051
    0.0625    0.9797   -0.1905
   -0.9930    0.0802    0.0867
    0.1002    0.1837    0.9779
...    68 G-C ...
   12.1247   38.4858  218.1442
   -0.4941    0.8525   -0.1709
   -0.8672   -0.4690    0.1676
    0.0628    0.2310    0.9709
...    69 C-G ...
   12.3702   39.3290  221.4089
   -0.8981    0.4361   -0.0572
   -0.4365   -0.8676    0.2382
    0.0542    0.2389    0.9695
...    70 T-A ...
   12.6312   40.4312  224.6071
   -0.9921   -0.1192    0.0381
    0.1251   -0.9547    0.2699
    0.0042    0.2726    0.9621
...    71 G-C ...
   12.4155   41.0585  227.9302
   -0.7365   -0.6704    0.0907
    0.6704   -0.7054    0.2302
   -0.0903    0.2303    0.9689
...    72 G-C ...
   11.6815   41.9598  231.0331
   -0.2427   -0.9604    0.1370
    0.9628   -0.2212    0.1553
   -0.1188    0.1696    0.9783
...    73 A-T ...
   11.2881   42.6842  234.2915
    0.3577   -0.9248    0.1298
    0.9296    0.3658    0.0443
   -0.0884    0.1048    0.9905
...    74 T-A ...
   10.5164   42.7356  237.6392
    0.7854   -0.5987    0.1571
    0.6104    0.7913   -0.0358
   -0.1028    0.1240    0.9869
...    75 T-A ...
   10.1613   42.8699  240.8943
    0.9943   -0.0318    0.1021
    0.0405    0.9956   -0.0850
   -0.0990    0.0887    0.9911
...    76 C-G ...
   10.2181   43.1969  244.2389
    0.8431    0.5373   -0.0208
   -0.5370    0.8395   -0.0828
   -0.0270    0.0810    0.9963
...    77 C-G ...
   10.5787   43.2473  247.5324
    0.4121    0.9025   -0.1250
   -0.9109    0.4114   -0.0322
    0.0224    0.1271    0.9916
...    78 A-T ...
   10.4762   43.7147  250.8870
   -0.1880    0.9576   -0.2184
   -0.9816   -0.1756    0.0753
    0.0337    0.2286    0.9729
...    79 G-C ...
   10.6933   44.7715  254.1038
   -0.6935    0.6921   -0.2002
   -0.7203   -0.6716    0.1734
   -0.0145    0.2645    0.9643
...    80 C-G ...
   10.6609   45.7338  257.3445
   -0.9789    0.1889   -0.0781
   -0.2029   -0.9442    0.2595
   -0.0247    0.2699    0.9626
...    81 T-A ...
   10.5781   46.9486  260.5113
   -0.9288   -0.3693    0.0326
    0.3616   -0.8831    0.2988
   -0.0816    0.2893    0.9538
...    82 G-C ...
   10.1545   47.5852  263.8125
   -0.5410   -0.8346    0.1035
    0.8252   -0.5031    0.2568
   -0.1622    0.2244    0.9609
...    83 A-T ...
    9.6659   48.4835  267.0142
    0.0382   -0.9861    0.1614
    0.9872    0.0622    0.1468
   -0.1548    0.1538    0.9759
...    84 A-T ...
    9.0033   48.9564  270.1886
    0.6048   -0.7722    0.1947
    0.7872    0.6167    0.0005
   -0.1204    0.1530    0.9809
...    85 C-G ...
    8.4744   48.9201  273.5866
    0.9292   -0.3387    0.1482
    0.3556    0.9284   -0.1077
   -0.1011    0.1528    0.9831
...    86 A-T ...
    8.1585   49.6155  276.8880
    0.9699    0.2405   -0.0384
   -0.2435    0.9593   -0.1432
    0.0024    0.1483    0.9889
...    87 T-A ...
    8.4084   49.6168  280.3149
    0.7031    0.7061   -0.0839
   -0.7108    0.6949   -0.1091
   -0.0187    0.1363    0.9905
...    88 G-C ...
    8.3398   50.4521  283.5981
    0.1674    0.9591   -0.2284
   -0.9854    0.1697   -0.0096
    0.0295    0.2267    0.9735
...    89 C-G ...
    8.5064   51.2459  286.8801
   -0.4186    0.8848   -0.2048
   -0.9077   -0.4007    0.1244
    0.0280    0.2380    0.9709
...    90 C-G ...
    8.8734   52.4276  289.9540
   -0.8476    0.5048   -0.1637
   -0.5306   -0.8126    0.2412
   -0.0113    0.2913    0.9566
...    91 T-A ...
    8.9454   53.6941  293.1008
   -0.9982   -0.0341   -0.0488
    0.0161   -0.9439    0.3298
   -0.0573    0.3284    0.9428
...    92 T-A ...
    8.6029   54.9758  296.0974
   -0.8049   -0.5753    0.1458
    0.5877   -0.7385    0.3305
   -0.0825    0.3517    0.9325
...    93 T-A ...
    8.0778   56.2046  299.0897
   -0.3166   -0.8982    0.3050
    0.9412   -0.2576    0.2184
   -0.1176    0.3562    0.9270
...    94 T-A ...
    7.4319   57.2899  302.1137
    0.2864   -0.8837    0.3701
    0.9463    0.3213    0.0348
   -0.1497    0.3403    0.9283
...    95 G-C ...
    7.2607   58.2878  305.3474
    0.7896   -0.5691    0.2297
    0.6068    0.7799   -0.1536
   -0.0917    0.2606    0.9611
...    96 A-T ...
    6.8112   59.2245  308.5438
    0.9987   -0.0412    0.0312
    0.0479    0.9638   -0.2621
   -0.0193    0.2633    0.9645
...    97 T-A ...
    6.8302   59.5818  311.9611
    0.8782    0.4703   -0.0866
   -0.4763    0.8440   -0.2467
   -0.0430    0.2578    0.9652
...    98 G-C ...
    6.7901   60.8039  315.1213
    0.4466    0.8405   -0.3068
   -0.8943    0.4307   -0.1217
    0.0299    0.3287    0.9440
...    99 G-C ...
    7.3551   61.8870  318.2015
   -0.1176    0.9152   -0.3854
   -0.9925   -0.0948    0.0777
    0.0346    0.3917    0.9195
...   100 A-T ...
    7.5221   63.0642  321.3452
   -0.6636    0.6674   -0.3380
   -0.7479   -0.6023    0.2791
   -0.0173    0.4380    0.8988
...   101 G-C ...
    7.4024   64.8174  324.2475
   -0.9613    0.2044   -0.1849
   -0.2645   -0.8728    0.4101
   -0.0775    0.4431    0.8931
...   102 C-G ...
    7.1184   66.3765  327.2338
   -0.9418   -0.3291    0.0690
    0.3242   -0.8343    0.4460
   -0.0892    0.4424    0.8924
...   103 A-T ...
    6.9116   67.7380  330.3299
   -0.5723   -0.7892    0.2229
    0.8020   -0.4818    0.3530
   -0.1712    0.3808    0.9087
...   104 G-C ...
    6.0541   68.8881  333.4046
   -0.0322   -0.9455    0.3241
    0.9859    0.0233    0.1659
   -0.1644    0.3249    0.9314
...   105 T-A ...
    4.9184   69.9983  336.4550
    0.4900   -0.7977    0.3516
    0.8547    0.5189   -0.0139
   -0.1713    0.3073    0.9360
...   106 T-A ...
    4.2393   70.7630  339.5685
    0.8948   -0.3526    0.2738
    0.4080    0.8948   -0.1813
   -0.1811    0.2739    0.9445
...   107 T-A ...
    3.6913   71.4008  342.7359
    0.9670    0.2281    0.1135
   -0.1905    0.9431   -0.2725
   -0.1692    0.2419    0.9554
...   108 C-G ...
    3.4929   72.3379  345.9575
    0.6929    0.7116   -0.1166
   -0.7144    0.6555   -0.2449
   -0.0979    0.2530    0.9625
...   109 C-G ...
    3.6572   73.0753  349.1838
    0.1941    0.9367   -0.2914
   -0.9791    0.1667   -0.1164
   -0.0605    0.3079    0.9495
...   110 A-T ...
    3.2707   74.1096  352.3874
   -0.3963    0.8274   -0.3980
   -0.9153   -0.3902    0.1002
   -0.0724    0.4040    0.9119
...   111 A-T ...
    3.1706   75.5110  355.3481
   -0.8504    0.4407   -0.2873
   -0.5155   -0.8072    0.2875
   -0.1052    0.3926    0.9137
...   112 A-T ...
    2.8904   76.9332  358.2872
   -0.9893   -0.1154   -0.0888
    0.0740   -0.9235    0.3763
   -0.1254    0.3657    0.9222
...   113 T-A ...
    2.3147   78.6684  361.1964
   -0.8105   -0.5686    0.1406
    0.5767   -0.7325    0.3618
   -0.1028    0.3743    0.9216
...   114 A-T ...
    1.9054   79.7842  364.3179
   -0.3021   -0.9210    0.2460
    0.9403   -0.2456    0.2355
   -0.1564    0.3025    0.9402
...   115 C-G ...
    0.8522   80.5769  367.4944
    0.2368   -0.9189    0.3155
    0.9605    0.2702    0.0660
   -0.1459    0.2874    0.9466
...   116 A-T ...
    0.5197   81.6340  370.6966
    0.7569   -0.6219    0.2008
    0.6471    0.7561   -0.0977
   -0.0910    0.2039    0.9747
...   117 C-G ...
    0.2078   81.7653  374.1191
    0.9851   -0.1386    0.1022
    0.1565    0.9683   -0.1946
   -0.0720    0.2077    0.9755
...   118 T-A ...
   -0.0214   82.1594  377.4812
    0.9130    0.4029   -0.0648
   -0.4078    0.8953   -0.1793
   -0.0142    0.1901    0.9817
...   119 T-A ...
    0.1636   82.6382  380.7179
    0.5093    0.8453   -0.1618
   -0.8604    0.5042   -0.0740
    0.0190    0.1769    0.9840
...   120 T-A ...
    0.4986   83.2300  383.9237
   -0.0819    0.9802   -0.1802
   -0.9952   -0.0707    0.0680
    0.0539    0.1849    0.9813
...   121 T-A ...
    0.8880   83.9987  387.0855
   -0.6424    0.7580   -0.1130
   -0.7624   -0.6172    0.1942
    0.0775    0.2109    0.9744
...   122 G-C ...
    0.7713   84.7432  390.3892
   -0.9670    0.2429   -0.0769
   -0.2546   -0.9328    0.2550
   -0.0098    0.2662    0.9639
...   123 G-C ...
    0.6341   86.0552  393.4289
   -0.9459   -0.3244    0.0110
    0.3154   -0.9104    0.2676
   -0.0768    0.2566    0.9635
...   124 T-A ...
    0.2115   87.4676  396.5360
   -0.6404   -0.7557    0.1375
    0.7620   -0.6027    0.2369
   -0.0962    0.2565    0.9618
...   125 A-T ...
   -0.1385   88.1747  399.7816
   -0.0568   -0.9844    0.1664
    0.9899   -0.0339    0.1376
   -0.1298    0.1725    0.9764
...   126 G-C ...
   -0.7471   88.4987  403.1037
    0.4989   -0.8526    0.1555
    0.8618    0.5071    0.0156
   -0.0922    0.1262    0.9877
...   127 T-A ...
   -1.5780   88.6492  406.4376
    0.8769   -0.4631    0.1286
    0.4724    0.8798   -0.0531
   -0.0885    0.1073    0.9903
...   128 A-T ...
   -1.7182   89.0112  409.7551
    0.9904    0.1372   -0.0141
   -0.1379    0.9863   -0.0905
    0.0015    0.0916    0.9958
...   129 T-A ...
   -1.5271   88.7941  413.1788
    0.7754    0.6304   -0.0357
   -0.6311    0.7719   -0.0766
   -0.0207    0.0819    0.9964
...   130 C-G ...
   -1.3232   89.3456  416.4880
    0.2760    0.9524   -0.1293
   -0.9604    0.2787    0.0027
    0.0386    0.1234    0.9916
...   131 T-A ...
   -0.8790   89.7367  419.8289
   -0.2947    0.9435   -0.1516
   -0.9534   -0.2797    0.1127
    0.0639    0.1778    0.9820
...   132 G-C ...
   -1.0007   90.5104  423.1257
   -0.7919    0.5904   -0.1558
   -0.6106   -0.7634    0.2105
    0.0054    0.2618    0.9651
...   133 C-G ...
   -0.9765   91.4653  426.3687
   -0.9984    0.0532   -0.0204
   -0.0567   -0.9626    0.2650
   -0.0056    0.2658    0.9640
...   134 A-T ...
   -0.9658   92.1914  429.6785
   -0.8446   -0.5339    0.0395
    0.5248   -0.8112    0.2581
   -0.1058    0.2388    0.9653
...   135 G-C ...
   -1.6320   92.9816  432.9101
   -0.4149   -0.9025    0.1156
    0.9015   -0.3907    0.1860
   -0.1227    0.1814    0.9757
...   136 G-C ...
   -2.4977   93.5418  436.0592
    0.1542   -0.9790    0.1332
    0.9801    0.1686    0.1047
   -0.1250    0.1144    0.9855
...   137 T-A ...
   -3.5010   93.8543  439.3339
    0.6454   -0.7477    0.1562
    0.7530    0.6571    0.0345
   -0.1285    0.0954    0.9871
...   138 G-C ...
   -3.5578   94.1547  442.7086
    0.9690   -0.2420    0.0496
    0.2436    0.9694   -0.0295
   -0.0409    0.0407    0.9983
...   139 A-T ...
   -3.8524   94.2965  446.0537
    0.9353    0.3505   -0.0484
   -0.3530    0.9339   -0.0577
    0.0250    0.0710    0.9972
...   140 T-A ...
   -3.4696   94.0621  449.4602
    0.6174    0.7852   -0.0479
   -0.7866    0.6166   -0.0308
    0.0054    0.0567    0.9984
...   141 T-A ...
   -3.1795   94.2266  452.7203
    0.0490    0.9969   -0.0623
   -0.9980    0.0514    0.0380
    0.0410    0.0603    0.9973
...   142 C-G ...
   -3.0669   94.8166  456.0272
   -0.5319    0.8425   -0.0857
   -0.8454   -0.5223    0.1120
    0.0496    0.1320    0.9900
...   143 T-A ...
   -2.6724   95.4768  459.3317
   -0.9086    0.4141   -0.0555
   -0.4170   -0.8908    0.1804
    0.0253    0.1871    0.9820
...   144 C-G ...
   -2.9584   96.2229  462.5963
   -0.9837   -0.1799    0.0021
    0.1758   -0.9585    0.2244
   -0.0384    0.2211    0.9745
...   145 C-G ...
   -3.4168   97.3065  465.6940
   -0.7228   -0.6881    0.0635
    0.6835   -0.6985    0.2119
   -0.1015    0.1966    0.9752
...   146 A-T ...
   -3.6100   97.8748  469.0290
   -0.1872   -0.9794    0.0763
    0.9708   -0.1725    0.1669
   -0.1503    0.1053    0.9830
...   147 G-C ...
   -4.3201   97.9946  472.3446
    0.3806   -0.9198    0.0957
    0.9170    0.3888    0.0893
   -0.1193    0.0538    0.9914
...   148 G-C ...
   -5.0080   97.8100  475.5807
    0.8267   -0.5592    0.0628
    0.5581    0.8290    0.0349
   -0.0715    0.0062    0.9974
...   149 G-C ...
   -5.2936   97.3657  478.8519
    0.9999   -0.0145    0.0051
    0.0144    0.9999    0.0074
   -0.0052   -0.0073    1.0000
...   150 C-G ...
   -5.2726   97.2794  482.2314
    0.8333    0.5527   -0.0028
   -0.5527    0.8333    0.0067
    0.0060   -0.0040    1.0000
...   151 G-C ...
   -5.6103   97.7272  485.7229
    0.3735    0.9250   -0.0700
   -0.9261    0.3762    0.0292
    0.0533    0.0539    0.9971
...   152 G-C ...
   -4.9711   97.9497  488.9666
   -0.1975    0.9742   -0.1088
   -0.9789   -0.1901    0.0752
    0.0526    0.1214    0.9912
...   153 C-G ...
   -4.7415   98.4101  492.3079
   -0.7163    0.6953   -0.0584
   -0.6962   -0.7066    0.1269
    0.0470    0.1316    0.9902
...   154 C-G ...
   -4.4803   99.3233  495.4824
   -0.9817    0.1860   -0.0413
   -0.1903   -0.9680    0.1638
   -0.0095    0.1687    0.9856
...   155 A-T ...
   -4.5073   99.7146  498.8482
   -0.9071   -0.4192   -0.0376
    0.4056   -0.8945    0.1878
   -0.1123    0.1551    0.9815
...   156 G-C ...
   -5.1938  100.2661  502.1249
   -0.5316   -0.8469    0.0119
    0.8358   -0.5223    0.1689
   -0.1369    0.0997    0.9856
...   157 T-A ...
   -6.1358  100.9315  505.3649
   -0.0144   -0.9962    0.0863
    0.9883   -0.0011    0.1526
   -0.1520    0.0875    0.9845
...   158 A-T ...
   -6.5696  101.0880  508.6730
    0.5841   -0.8083    0.0737
    0.8021    0.5887    0.1003
   -0.1245    0.0005    0.9922
...   159 C-G ...
   -7.1265  100.5336  512.0212
    0.9193   -0.3813    0.0971
    0.3791    0.9244    0.0406
   -0.1052   -0.0005    0.9944
...   160 T-A ...
   -7.5408  100.2226  515.3743
    0.9810    0.1853    0.0583
   -0.1868    0.9822    0.0214
   -0.0533   -0.0319    0.9981
...   161 T-A ...
   -7.5234   99.9237  518.6377
    0.6927    0.7191    0.0545
   -0.7208    0.6929    0.0191
   -0.0241   -0.0525    0.9983
...   162 A-T ...
   -7.5642   99.8989  521.9775
    0.1337    0.9905   -0.0318
   -0.9909    0.1341    0.0116
    0.0158    0.0299    0.9994
...   163 C-G ...
   -7.0281  100.3078  525.3499
   -0.4043    0.9138   -0.0393
   -0.9146   -0.4038    0.0201
    0.0025    0.0441    0.9990
...   164 A-T ...
   -7.1661  100.3489  528.7354
   -0.8528    0.5085   -0.1195
   -0.5180   -0.8525    0.0693
   -0.0667    0.1210    0.9904
...   165 T-A ...
   -7.2016  101.2848  532.0413
   -0.9991   -0.0042   -0.0431
   -0.0008   -0.9934    0.1147
   -0.0433    0.1146    0.9925
...   166 G-C ...
   -7.6135  101.4004  535.4027
   -0.8095   -0.5833   -0.0673
    0.5697   -0.8080    0.1505
   -0.1421    0.0835    0.9863
...   167 C-G ...
   -8.1607  101.7087  538.7246
   -0.3448   -0.9385    0.0184
    0.9268   -0.3372    0.1656
   -0.1492    0.0741    0.9860
...   168 A-T ...
   -8.4871  101.9369  542.0897
    0.2645   -0.9643    0.0120
    0.9522    0.2631    0.1551
   -0.1527   -0.0296    0.9878
...   169 C-G ...
   -9.3236  101.3652  545.3762
    0.7259   -0.6839    0.0732
    0.6744    0.7286    0.1196
   -0.1351   -0.0374    0.9901
...   170 A-T ...
   -9.6897  101.3952  548.7448
    0.9903   -0.1360    0.0299
    0.1330    0.9874    0.0861
   -0.0412   -0.0813    0.9958
...   171 G-C ...
   -9.5839  100.9295  552.1039
    0.9035    0.4283    0.0121
   -0.4284    0.9024    0.0468
    0.0091   -0.0475    0.9988
...   172 G-C ...
   -9.1801  100.4937  555.3638
    0.5198    0.8537   -0.0308
   -0.8525    0.5207    0.0451
    0.0545    0.0028    0.9985
...   173 A-T ...
   -9.0490  100.3545  558.7194
   -0.0633    0.9954   -0.0718
   -0.9970   -0.0599    0.0495
    0.0449    0.0747    0.9962
...   174 T-A ...
   -8.3549  100.7511  562.0610
   -0.5696    0.8218   -0.0125
   -0.8202   -0.5674    0.0730
    0.0529    0.0518    0.9973
...   175 G-C ...
   -8.5506  100.9902  565.4355
   -0.9384    0.3391   -0.0667
   -0.3444   -0.9336    0.0989
   -0.0287    0.1157    0.9929
...   176 T-A ...
   -8.4227  101.9227  568.7433
   -0.9795   -0.2005   -0.0173
    0.1964   -0.9713    0.1341
   -0.0437    0.1279    0.9908
...   177 A-T ...
   -8.6869  102.2485  572.0570
   -0.6672   -0.7446   -0.0211
    0.7347   -0.6624    0.1466
   -0.1231    0.0824    0.9890
...   178 A-T ...
   -9.2203  102.6076  575.2704
   -0.1173   -0.9921    0.0454
    0.9881   -0.1120    0.1055
   -0.0996    0.0572    0.9934
...   179 C-G ...
  -10.0332  102.4840  578.6098
    0.4183   -0.9052    0.0756
    0.9042    0.4228    0.0598
   -0.0861    0.0434    0.9953
...   180 C-G ...
  -10.5891  102.2091  581.8649
    0.8490   -0.5273    0.0336
    0.5263    0.8496    0.0345
   -0.0467   -0.0116    0.9988
...   181 T-A ...
  -10.8556  101.8745  585.2307
    0.9997    0.0228    0.0017
   -0.0228    0.9984    0.0510
   -0.0005   -0.0510    0.9987
...   182 G-C ...
  -10.5976  101.9794  588.6078
    0.8008    0.5950   -0.0679
   -0.5908    0.8035    0.0728
    0.0979   -0.0182    0.9950
...   183 C-G ...
  -10.1990  101.8925  591.9638
    0.3262    0.9449   -0.0261
   -0.9395    0.3271    0.1019
    0.1048   -0.0088    0.9945
...   184 A-T ...
  -10.0244  101.8835  595.3478
   -0.2825    0.9573   -0.0615
   -0.9534   -0.2731    0.1286
    0.1063    0.0949    0.9898
...   185 G-C ...
   -9.5919  102.5040  598.6554
   -0.7616    0.6468   -0.0409
   -0.6458   -0.7520    0.1323
    0.0548    0.1271    0.9904
...   186 A-T ...
   -9.2694  102.8561  601.9823
   -0.9952    0.0927   -0.0298
   -0.0957   -0.9873    0.1269
   -0.0177    0.1291    0.9915
...   187 T-A ...
   -9.3872  103.8475  605.2699
   -0.9010   -0.4293    0.0634
    0.4339   -0.8933    0.1175
    0.0062    0.1334    0.9910
...   188 A-T ...
   -9.4562  104.1662  608.5941
   -0.4684   -0.8828    0.0340
    0.8815   -0.4644    0.0857
   -0.0599    0.0701    0.9957
...   189 C-G ...
  -10.2177  104.2806  611.9460
    0.0625   -0.9965    0.0555
    0.9967    0.0653    0.0489
   -0.0523    0.0523    0.9973
...   190 T-A ...
  -10.6978  104.3739  615.3034
    0.5985   -0.8007    0.0279
    0.7991    0.5990    0.0510
   -0.0576   -0.0082    0.9983
...   191 A-T ...
  -10.7477  104.2830  618.6419
    0.9566   -0.2893   -0.0343
    0.2908    0.9553    0.0531
    0.0174   -0.0608    0.9980
...   192 C-G ...
  -10.4622  103.5523  621.9904
    0.9670    0.2538   -0.0198
   -0.2524    0.9660    0.0568
    0.0335   -0.0500    0.9982
...   193 C-G ...
   -9.9915  103.0455  625.2310
    0.6674    0.7432   -0.0479
   -0.7387    0.6688    0.0842
    0.0946   -0.0209    0.9953
...   194 A-T ...
   -9.8291  103.0643  628.6156
    0.1112    0.9898   -0.0894
   -0.9844    0.1220    0.1266
    0.1363    0.0739    0.9879
...   195 A-T ...
   -9.2247  103.3075  631.8273
   -0.4809    0.8765   -0.0219
   -0.8707   -0.4746    0.1287
    0.1024    0.0810    0.9914
...   196 A-T ...
   -8.7613  103.6661  635.0516
   -0.8977    0.4393    0.0343
   -0.4349   -0.8959    0.0913
    0.0708    0.0670    0.9952
...   197 A-T ...
   -8.4792  104.0368  638.2955
   -0.9853   -0.1605    0.0584
    0.1624   -0.9863    0.0282
    0.0531    0.0373    0.9979
...   198 G-C ...
   -8.5897  104.2739  641.6782
   -0.7394   -0.6733    0.0044
    0.6731   -0.7393   -0.0174
    0.0149   -0.0099    0.9998
...   199 T-A ...
   -8.9167  104.6913  645.0763
   -0.2785   -0.9603   -0.0176
    0.9604   -0.2785   -0.0020
   -0.0030   -0.0175    0.9998
...   200 G-C ...
   -8.7403  104.3015  648.4378
    0.3233   -0.9394   -0.1141
    0.9463    0.3208    0.0404
   -0.0014   -0.1210    0.9926
...   201 T-A ...
   -9.3090  103.7259  651.7804
    0.7704   -0.6315   -0.0882
    0.6376    0.7626    0.1090
   -0.0016   -0.1403    0.9901
...   202 A-T ...
   -9.1609  103.2299  655.0801
    0.9947   -0.0455   -0.0927
    0.0607    0.9839    0.1682
    0.0836   -0.1729    0.9814
...   203 T-A ...
   -8.8006  102.0972  658.3039
    0.8838    0.4668    0.0308
   -0.4640    0.8662    0.1855
    0.0599   -0.1782    0.9822
...   204 T-A ...
   -8.3653  101.3894  661.4739
    0.4527    0.8826    0.1271
   -0.8867    0.4306    0.1683
    0.0938   -0.1888    0.9775
...   205 T-A ...
   -7.7888  100.8091  664.6473
   -0.1437    0.9701    0.1957
   -0.9813   -0.1653    0.0985
    0.1279   -0.1779    0.9757
...   206 G-C ...
   -7.6625  100.4234  668.0115
   -0.6913    0.7126    0.1195
   -0.7178   -0.6963   -0.0000
    0.0831   -0.0858    0.9928
...   207 G-C ...
   -7.2433  100.5851  671.2945
   -0.9748    0.2204    0.0337
   -0.2219   -0.9736   -0.0529
    0.0211   -0.0590    0.9980
...   208 A-T ...
   -7.0150  100.3851  674.6417
   -0.9263   -0.3693   -0.0747
    0.3742   -0.9249   -0.0678
   -0.0441   -0.0907    0.9949
...   209 A-T ...
   -7.2379  100.2272  677.9074
   -0.5388   -0.8335   -0.1224
    0.8418   -0.5385   -0.0385
   -0.0338   -0.1238    0.9917
...   210 A-T ...
   -7.4931   99.8903  681.1572
    0.0473   -0.9884   -0.1443
    0.9989    0.0459    0.0130
   -0.0062   -0.1447    0.9895
...   211 C-G ...
   -7.9332   99.0141  684.4536
    0.5625   -0.8158   -0.1343
    0.8267    0.5569    0.0801
    0.0095   -0.1561    0.9877
...   212 T-A ...
   -8.1206   98.2633  687.7571
    0.9214   -0.3718   -0.1135
    0.3871    0.9043    0.1801
    0.0357   -0.2099    0.9771
...   213 G-C ...
   -7.6506   97.7029  691.0658
    0.9681    0.2356   -0.0856
   -0.2089    0.9470    0.2438
    0.1385   -0.2181    0.9660
...   214 C-G ...
   -7.1313   96.9171  694.3126
    0.6794    0.7316    0.0562
   -0.7186    0.6478    0.2529
    0.1486   -0.2122    0.9659
...   215 T-A ...
   -6.3646   96.0466  697.5011
    0.1697    0.9753    0.1413
   -0.9659    0.1362    0.2204
    0.1957   -0.1738    0.9651
...   216 C-G ...
   -5.6876   95.8504  700.7873
   -0.4234    0.8864    0.1870
   -0.8807   -0.4511    0.1444
    0.2124   -0.1035    0.9717
...   217 C-G ...
   -4.7294   95.9352  703.9582
   -0.8483    0.5000    0.1743
   -0.5006   -0.8646    0.0439
    0.1727   -0.0500    0.9837
...   218 A-T ...
   -4.2004   95.5925  707.2876
   -0.9941   -0.0828    0.0696
    0.0806   -0.9962   -0.0339
    0.0721   -0.0281    0.9970
...   219 T-A ...
   -4.1108   96.0363  710.6936
   -0.8065   -0.5876    0.0652
    0.5835   -0.8089   -0.0716
    0.0948   -0.0197    0.9953
...   220 C-G ...
   -4.0816   95.7076  714.0384
   -0.3329   -0.9420   -0.0436
    0.9424   -0.3307   -0.0506
    0.0332   -0.0580    0.9978
...   221 A-T ...
   -3.7885   95.4901  717.4072
    0.2650   -0.9503   -0.1634
    0.9638    0.2664    0.0138
    0.0304   -0.1611    0.9865
...   222 A-T ...
   -3.8364   94.9007  720.6305
    0.7723   -0.6180   -0.1474
    0.6320    0.7709    0.0795
    0.0645   -0.1546    0.9859
...   223 A-T ...
   -3.7094   94.2596  723.8418
    0.9938   -0.0555   -0.0964
    0.0674    0.9900    0.1238
    0.0886   -0.1296    0.9876
...   224 A-T ...
   -3.4095   93.6773  727.0528
    0.8479    0.5294   -0.0292
   -0.5219    0.8430    0.1305
    0.0937   -0.0954    0.9910
...   225 G-C ...
   -2.7835   93.3653  730.3728
    0.4199    0.9075   -0.0129
   -0.9008    0.4185    0.1163
    0.1109   -0.0372    0.9931
...   226 G-C ...
   -1.9556   93.2678  733.5798
   -0.1488    0.9888   -0.0133
   -0.9823   -0.1463    0.1169
    0.1136    0.0305    0.9931
...   227 C-G ...
   -1.5176   93.4189  736.9287
   -0.6788    0.7330    0.0439
   -0.7263   -0.6789    0.1074
    0.1085    0.0410    0.9932
...   228 A-T ...
   -1.2525   93.4079  740.3068
   -0.9789    0.2041   -0.0013
   -0.2034   -0.9747    0.0931
    0.0178    0.0913    0.9957
...   229 T-A ...
   -1.1890   94.2767  743.6305
   -0.9419   -0.3283    0.0704
    0.3331   -0.9400    0.0737
    0.0420    0.0929    0.9948
...   230 G-C ...
   -1.2079   94.2474  747.0189
   -0.5803   -0.8144    0.0014
    0.8134   -0.5794    0.0520
   -0.0415    0.0313    0.9986
...   231 T-A ...
   -1.8123   94.7139  750.3722
   -0.0688   -0.9975    0.0162
    0.9960   -0.0678    0.0586
   -0.0574    0.0201    0.9982
...   232 T-A ...
   -2.2363   94.6435  753.6210
    0.5199   -0.8532    0.0417
    0.8500    0.5216    0.0738
   -0.0847   -0.0029    0.9964
...   233 C-G ...
   -2.2805   94.3257  756.9667
    0.9159   -0.4010    0.0200
    0.3982    0.9136    0.0822
   -0.0512   -0.0673    0.9964
...   234 A-T ...
   -2.4195   94.2763  760.3520
    0.9785    0.2031   -0.0354
   -0.1995    0.9761    0.0861
    0.0521   -0.0772    0.9957
...   235 G-C ...
   -1.9495   93.9172  763.6930
    0.7072    0.7058   -0.0425
   -0.7015    0.7079    0.0824
    0.0883   -0.0285    0.9957
...   236 C-G ...
   -1.5803   93.8057  767.0516
    0.1865    0.9825    0.0003
   -0.9780    0.1856    0.0955
    0.0938   -0.0181    0.9954
...   237 T-A ...
   -0.9501   93.7494  770.3850
   -0.3817    0.9242    0.0072
   -0.9172   -0.3798    0.1201
    0.1137    0.0392    0.9927
...   238 G-C ...
   -0.9174   94.0242  773.7623
   -0.8470    0.5311   -0.0233
   -0.5295   -0.8389    0.1260
    0.0474    0.1191    0.9918
...   239 G-C ...
   -0.7272   94.8773  776.9585
   -0.9996   -0.0227   -0.0166
    0.0203   -0.9912    0.1306
   -0.0194    0.1303    0.9913
...   240 A-T ...
   -0.6391   95.3509  780.2848
   -0.8058   -0.5921   -0.0109
    0.5874   -0.8015    0.1116
   -0.0748    0.0836    0.9937
...   241 T-A ...
   -1.3056   96.0096  783.5904
   -0.3864   -0.9196    0.0717
    0.9204   -0.3793    0.0947
   -0.0598    0.1026    0.9929
...   242 T-A ...
   -1.7687   96.2910  786.8224
    0.2171   -0.9702    0.1079
    0.9717    0.2253    0.0709
   -0.0931    0.0894    0.9916
...   243 C-G ...
   -1.9531   96.2233  790.1777
    0.7378   -0.6711    0.0729
    0.6700    0.7412    0.0419
   -0.0821    0.0179    0.9965
...   244 C-G ...
   -2.3128   95.7914  793.4433
    0.9875   -0.1562    0.0215
    0.1558    0.9876    0.0211
   -0.0245   -0.0175    0.9995
...   245 A-T ...
   -2.4071   95.9140  796.8283
    0.8954    0.4397   -0.0695
   -0.4383    0.8981    0.0354
    0.0780   -0.0012    0.9970
...   246 G-C ...
   -1.8346   95.8876  800.1724
    0.5062    0.8568   -0.0988
   -0.8565    0.5128    0.0585
    0.1007    0.0550    0.9934
...   247 C-G ...
   -1.4218   96.0761  803.5226
   -0.0671    0.9960   -0.0596
   -0.9924   -0.0604    0.1075
    0.1034    0.0664    0.9924
...   248 T-A ...
   -0.7706   96.3819  806.8383
   -0.6022    0.7975   -0.0362
   -0.7909   -0.5899    0.1626
    0.1083    0.1266    0.9860
...   249 G-C ...
   -0.7807   96.8602  810.1929
   -0.9536    0.2991   -0.0337
   -0.3000   -0.9357    0.1855
    0.0240    0.1870    0.9821
...   250 A-T ...
   -0.5435   97.4730  813.4891
   -0.9536   -0.3010    0.0070
    0.2979   -0.9399    0.1665
   -0.0436    0.1609    0.9860
...   251 A-T ...
   -0.7533   98.1424  816.6902
   -0.6051   -0.7922    0.0798
    0.7954   -0.5969    0.1056
   -0.0360    0.1274    0.9912
...   252 C-G ...
   -1.4466   98.5424  820.0349
   -0.0994   -0.9895    0.1050
    0.9946   -0.0954    0.0419
   -0.0314    0.1086    0.9936
...   253 A-T ...
   -1.3723   98.9323  823.4002
    0.4914   -0.8709    0.0110
    0.8709    0.4915    0.0044
   -0.0092    0.0074    0.9999
...   254 T-A ...
   -1.8283   98.5903  826.7885
    0.8711   -0.4898    0.0350
    0.4903    0.8715   -0.0085
   -0.0264    0.0246    0.9993
...   255 G-C ...
   -1.5525   98.7791  830.1605
    0.9924    0.0977   -0.0749
   -0.0976    0.9952    0.0050
    0.0750    0.0023    0.9972
...   256 C-G ...
   -1.2538   98.7301  833.5277
    0.7631    0.6425   -0.0701
   -0.6406    0.7662    0.0498
    0.0857    0.0069    0.9963
...   257 C-G ...
   -0.5009   98.5963  836.7518
    0.2815    0.9550   -0.0936
   -0.9509    0.2907    0.1058
    0.1283    0.0592    0.9900
...   258 T-A ...
    0.2435   98.7670  840.0576
   -0.2891    0.9551   -0.0655
   -0.9449   -0.2737    0.1796
    0.1536    0.1138    0.9816
...   259 T-A ...
    0.9157   99.3458  843.2124
   -0.7829    0.6205    0.0451
   -0.5983   -0.7708    0.2190
    0.1707    0.1445    0.9747
...   260 T-A ...
    1.4900  100.0869  846.3525
   -0.9856    0.0600    0.1582
   -0.0297   -0.9819    0.1871
    0.1665    0.1797    0.9695
...   261 T-A ...
    1.8907  100.9058  849.5003
   -0.8223   -0.5196    0.2320
    0.5509   -0.8291    0.0956
    0.1427    0.2064    0.9680
...   262 G-C ...
    2.3018  101.2378  852.8474
   -0.3681   -0.9179    0.1481
    0.9266   -0.3754   -0.0234
    0.0771    0.1286    0.9887
...   263 A-T ...
    2.5867  101.8232  856.1447
    0.2202   -0.9748    0.0365
    0.9705    0.2151   -0.1088
    0.0983    0.0594    0.9934
...   264 T-A ...
    2.4100  101.7977  859.5760
    0.6933   -0.7206   -0.0020
    0.7154    0.6886   -0.1185
    0.0868    0.0807    0.9930
...   265 G-C ...
    3.0805  102.0645  862.8869
    0.9653   -0.2004   -0.1673
    0.1922    0.9793   -0.0641
    0.1767    0.0298    0.9838
...   266 G-C ...
    3.7908  101.7135  866.1043
    0.8992    0.3656   -0.2402
   -0.3647    0.9298    0.0501
    0.2417    0.0425    0.9694
...   267 A-T ...
    4.4758  101.7692  869.3943
    0.5116    0.8255   -0.2383
   -0.8140    0.5545    0.1733
    0.2752    0.1053    0.9556
...   268 G-C ...
    5.6704  102.2600  872.5318
   -0.0313    0.9862   -0.1625
   -0.9637    0.0133    0.2666
    0.2650    0.1649    0.9500
...   269 C-G ...
    6.6237  102.8557  875.7201
   -0.5730    0.8195    0.0058
   -0.7768   -0.5453    0.3150
    0.2613    0.1760    0.9491
...   270 A-T ...
    7.3927  103.3217  878.9872
   -0.9369    0.3376    0.0909
   -0.3006   -0.9106    0.2836
    0.1786    0.2384    0.9546
...   271 G-C ...
    7.7915  104.3603  882.1925
   -0.9583   -0.2273    0.1731
    0.2576   -0.9495    0.1794
    0.1236    0.2165    0.9684
...   272 T-A ...
    8.0824  105.6573  885.3644
   -0.6837   -0.6928    0.2295
    0.7223   -0.6873    0.0770
    0.1044    0.2184    0.9703
...   273 T-A ...
    8.1554  106.4213  888.5504
   -0.1409   -0.9638    0.2265
    0.9876   -0.1527   -0.0354
    0.0687    0.2187    0.9734
...   274 T-A ...
    8.1341  107.0239  891.7716
    0.4556   -0.8758    0.1591
    0.8893    0.4399   -0.1252
    0.0397    0.1986    0.9793
...   275 C-G ...
    8.4819  107.3664  895.0969
    0.8786   -0.4775    0.0035
    0.4727    0.8686   -0.1488
    0.0680    0.1325    0.9889
...   276 C-G ...
    8.7347  107.3066  898.4003
    0.9878    0.0679   -0.1402
   -0.0825    0.9915   -0.1009
    0.1322    0.1113    0.9850
...   277 A-T ...
    9.1282  107.8566  901.7207
    0.7438    0.6116   -0.2696
   -0.6289    0.7770    0.0275
    0.2262    0.1491    0.9626
...   278 A-T ...
    9.9839  108.2342  904.8615
    0.2386    0.9445   -0.2256
   -0.9489    0.2762    0.1526
    0.2065    0.1777    0.9622
...   279 A-T ...
   10.8153  108.7917  907.9820
   -0.3580    0.9263   -0.1175
   -0.9173   -0.3255    0.2293
    0.1742    0.1899    0.9662
...   280 T-A ...
   11.8709  109.7173  911.1180
   -0.7773    0.6278    0.0409
   -0.6002   -0.7595    0.2507
    0.1885    0.1703    0.9672
...   281 A-T ...
   12.3484  110.3133  914.3697
   -0.9945    0.0418    0.0965
   -0.0211   -0.9784    0.2058
    0.1030    0.2026    0.9738
...   282 C-G ...
   12.3396  111.4435  917.6178
   -0.8605   -0.4795    0.1720
    0.5013   -0.8571    0.1187
    0.0905    0.1883    0.9779
...   283 A-T ...
   12.7692  111.9474  920.9410
   -0.4226   -0.8995    0.1110
    0.9060   -0.4222    0.0285
    0.0212    0.1126    0.9934
...   284 C-G ...
   12.2890  112.1815  924.3384
    0.1129   -0.9894    0.0913
    0.9932    0.1096   -0.0401
    0.0297    0.0952    0.9950
...   285 T-A ...
   12.0901  112.4068  927.7180
    0.6350   -0.7725    0.0094
    0.7720    0.6341   -0.0431
    0.0274    0.0347    0.9990
...   286 T-A ...
   12.1007  112.2586  930.9917
    0.9643   -0.2639   -0.0227
    0.2639    0.9645   -0.0052
    0.0232   -0.0009    0.9997
...   287 T-A ...
   12.2632  111.9965  934.2543
    0.9392    0.3422   -0.0269
   -0.3409    0.9391    0.0442
    0.0404   -0.0323    0.9987
...   288 T-A ...
   12.6153  111.7296  937.5015
    0.5691    0.8223   -0.0018
   -0.8191    0.5671    0.0870
    0.0725   -0.0480    0.9962
...   289 G-C ...
   12.7888  111.9403  940.8791
   -0.0127    0.9987   -0.0499
   -0.9945   -0.0074    0.1042
    0.1037    0.0510    0.9933
...   290 G-C ...
   13.5376  112.3279  944.0836
   -0.5607    0.8264   -0.0508
   -0.8244   -0.5516    0.1270
    0.0769    0.1131    0.9906
...   291 T-A ...
   14.2962  113.0151  947.3669
   -0.9099    0.4146    0.0109
   -0.4085   -0.9004    0.1497
    0.0719    0.1318    0.9887
...   292 A-T ...
   14.3813  113.4426  950.6785
   -0.9778   -0.2091    0.0110
    0.2085   -0.9676    0.1425
   -0.0191    0.1417    0.9897
...   293 G-C ...
   14.0214  114.0165  954.0030
   -0.7037   -0.7100    0.0274
    0.7084   -0.6981    0.1044
   -0.0550    0.0929    0.9942
...   294 T-A ...
   13.4359  114.7587  957.3097
   -0.2287   -0.9713    0.0657
    0.9708   -0.2225    0.0897
   -0.0725    0.0843    0.9938
...   295 A-T ...
   13.2368  114.8909  960.6413
    0.3948   -0.9186    0.0192
    0.9165    0.3952    0.0619
   -0.0644   -0.0068    0.9979
...   296 T-A ...
   12.5577  114.5483  963.9920
    0.8109   -0.5808    0.0718
    0.5798    0.8139    0.0365
   -0.0796    0.0121    0.9968
...   297 C-G ...
   12.6315  114.3989  967.3488
    0.9997   -0.0118    0.0234
    0.0110    0.9993    0.0344
   -0.0237   -0.0341    0.9991
...   298 T-A ...
   12.6111  113.9746  970.7150
    0.8436    0.5369   -0.0070
   -0.5357    0.8425    0.0565
    0.0362   -0.0439    0.9984
...   299 G-C ...
   12.8121  114.1980  974.0902
    0.3765    0.9236   -0.0718
   -0.9206    0.3817    0.0822
    0.1034    0.0351    0.9940
...   300 C-G ...
   13.2325  114.3300  977.4421
   -0.2102    0.9774   -0.0239
   -0.9721   -0.2064    0.1118
    0.1044    0.0468    0.9934
...   301 A-T ...
   13.4212  114.4127  980.8244
   -0.7378    0.6729   -0.0539
   -0.6730   -0.7271    0.1355
    0.0520    0.1363    0.9893
...   302 G-C ...
   13.5039  115.1675  984.1313
   -0.9868    0.1593   -0.0308
   -0.1620   -0.9777    0.1340
   -0.0088    0.1372    0.9905
...   303 G-C ...
   13.3275  116.0566  987.3184
   -0.9118   -0.4102   -0.0184
    0.4038   -0.9039    0.1414
   -0.0746    0.1215    0.9898
...   304 T-A ...
   12.8595  117.0094  990.5897
   -0.5652   -0.8237    0.0461
    0.8196   -0.5542    0.1450
   -0.0939    0.1198    0.9883
...   305 G-C ...
   12.6152  117.0433  993.9693
    0.0183   -0.9996    0.0231
    0.9920    0.0210    0.1241
   -0.1245    0.0207    0.9920
...   306 A-T ...
   12.1614  117.2658  997.2921
    0.5886   -0.8083    0.0178
    0.8047    0.5878    0.0836
   -0.0781   -0.0349    0.9963
...   307 T-A ...
   11.5192  116.7342 1000.6253
    0.9183   -0.3873    0.0818
    0.3838    0.9217    0.0558
   -0.0971   -0.0198    0.9951
...   308 T-A ...
   11.2547  116.4013 1003.8747
    0.9717    0.2169    0.0937
   -0.2208    0.9748    0.0335
   -0.0840   -0.0532    0.9950
...   309 C-G ...
   11.3412  116.3502 1007.2342
    0.6746    0.7371    0.0397
   -0.7380    0.6745    0.0194
   -0.0124   -0.0424    0.9990
...   310 T-A ...
   11.5695  116.0456 1010.6057
    0.1625    0.9867   -0.0015
   -0.9861    0.1624    0.0350
    0.0348   -0.0042    0.9994
...   311 C-G ...
   11.7058  116.4211 1013.9429
   -0.4318    0.9012   -0.0377
   -0.9005   -0.4283    0.0751
    0.0515    0.0663    0.9965
...   312 C-G ...
   12.1432  117.0566 1017.1654
   -0.8561    0.5141   -0.0527
   -0.5167   -0.8492    0.1092
    0.0114    0.1207    0.9926
...   313 A-T ...
   12.1239  117.2938 1020.5456
   -0.9937   -0.0794   -0.0788
    0.0670   -0.9864    0.1498
   -0.0896    0.1436    0.9856
...   314 G-C ...
   11.5438  117.9120 1023.8309
   -0.7898   -0.6119   -0.0436
    0.5991   -0.7846    0.1595
   -0.1318    0.0999    0.9862
...   315 G-C ...
   10.6918  118.4311 1026.9907
   -0.3234   -0.9461   -0.0148
    0.9317   -0.3211    0.1697
   -0.1654    0.0411    0.9854
...   316 G-C ...
    9.6936  118.4929 1030.1497
    0.2499   -0.9682    0.0148
    0.9548    0.2489    0.1626
   -0.1611   -0.0265    0.9866
...   317 C-G ...
    9.1009  118.3499 1033.4750
    0.7472   -0.6581    0.0930
    0.6463    0.7520    0.1292
   -0.1550   -0.0364    0.9872
...   318 G-C ...
    8.9047  118.6901 1036.9893
    0.9903   -0.1148    0.0788
    0.1088    0.9911    0.0760
   -0.0868   -0.0667    0.9940
...   319 G-C ...
    8.7903  118.0363 1040.2357
    0.8921    0.4500    0.0412
   -0.4514    0.8917    0.0330
   -0.0219   -0.0481    0.9986
...   320 C-G ...
    8.7791  117.8371 1043.6106
    0.4815    0.8754    0.0415
   -0.8763    0.4817    0.0074
   -0.0135   -0.0400    0.9991
...   321 C-G ...
    9.2330  117.7316 1046.8912
   -0.0762    0.9968   -0.0237
   -0.9971   -0.0760    0.0094
    0.0076    0.0244    0.9997
...   322 A-T ...
    9.0844  117.7610 1050.2764
   -0.6334    0.7656   -0.1130
   -0.7732   -0.6321    0.0516
   -0.0319    0.1201    0.9922
...   323 G-C ...
    8.9275  118.4712 1053.5904
   -0.9488    0.2895   -0.1260
   -0.3021   -0.9484    0.0959
   -0.0918    0.1291    0.9874
...   324 T-A ...
    8.8172  119.4588 1056.8829
   -0.9656   -0.2507   -0.0694
    0.2370   -0.9578    0.1625
   -0.1072    0.1404    0.9843
...   325 A-T ...
    8.3462  119.8204 1060.1698
   -0.6265   -0.7781   -0.0456
    0.7574   -0.6216    0.2001
   -0.1840    0.0908    0.9787
...   326 C-G ...
    7.1596  120.1126 1063.3845
   -0.1348   -0.9897    0.0478
    0.9744   -0.1236    0.1881
   -0.1802    0.0719    0.9810
...   327 T-A ...
    6.2418  120.3310 1066.6436
    0.4270   -0.8989    0.0981
    0.8826    0.4379    0.1712
   -0.1969    0.0135    0.9803
...   328 T-A ...
    5.4634  120.1391 1069.8211
    0.8597   -0.4804    0.1737
    0.4662    0.8768    0.1177
   -0.2089   -0.0202    0.9777
...   329 A-T ...
    4.9190  120.0731 1073.1159
    0.9834    0.1326    0.1239
   -0.1362    0.9905    0.0204
   -0.1200   -0.0369    0.9921
...   330 C-G ...
    4.9350  119.5640 1076.5172
    0.7692    0.6314    0.0981
   -0.6294    0.7752   -0.0538
   -0.1100   -0.0204    0.9937
...   331 A-T ...
    4.4206  119.6078 1079.8662
    0.2769    0.9596   -0.0494
   -0.9594    0.2732   -0.0700
   -0.0537    0.0668    0.9963
...   332 T-A ...
    4.7975  119.7904 1083.2765
   -0.2616    0.9636   -0.0553
   -0.9637   -0.2640   -0.0408
   -0.0539    0.0426    0.9976
...   333 G-C ...
    4.2853  120.1185 1086.6100
   -0.7592    0.6291   -0.1667
   -0.6417   -0.7664    0.0302
   -0.1088    0.1299    0.9856
...   334 C-G ...
    3.9268  120.6291 1089.9327
   -0.9877    0.0850   -0.1315
   -0.1013   -0.9873    0.1224
   -0.1194    0.1342    0.9837
...   335 A-T ...
    3.5438  120.9044 1093.2883
   -0.8501   -0.5091   -0.1345
    0.4787   -0.8536    0.2055
   -0.2194    0.1103    0.9694
...   336 C-G ...
    2.2763  121.4633 1096.4361
   -0.4704   -0.8821   -0.0250
    0.8539   -0.4622    0.2392
   -0.2226    0.0912    0.9706
...   337 A-T ...
    1.6936  121.7246 1099.7639
    0.1278   -0.9916    0.0203
    0.9622    0.1289    0.2398
   -0.2404   -0.0111    0.9706
...   338 G-C ...
    0.7650  121.4007 1103.0112
    0.6450   -0.7590    0.0893
    0.7388    0.6491    0.1810
   -0.1953   -0.0508    0.9794
...   339 G-C ...
   -0.0410  120.8003 1106.1686
    0.9551   -0.2757    0.1083
    0.2635    0.9578    0.1150
   -0.1354   -0.0814    0.9874
...   340 A-T ...
   -0.6513  120.5379 1109.4633
    0.9421    0.3251    0.0827
   -0.3282    0.9442    0.0276
   -0.0692   -0.0532    0.9962
...   341 T-A ...
   -0.6005  119.8741 1112.8341
    0.6338    0.7659    0.1083
   -0.7684    0.6395   -0.0258
   -0.0890   -0.0669    0.9938
...   342 G-C ...
   -0.9399  120.0259 1116.2022
    0.0849    0.9961   -0.0246
   -0.9952    0.0836   -0.0513
   -0.0490    0.0288    0.9984
...   343 T-A ...
   -0.5233  120.0501 1119.6160
   -0.4473    0.8924   -0.0600
   -0.8934   -0.4489   -0.0158
   -0.0411    0.0465    0.9981
...   344 A-T ...
   -0.7891  120.2925 1122.9367
   -0.8823    0.4481   -0.1443
   -0.4588   -0.8871    0.0509
   -0.1052    0.1111    0.9882
...   345 A-T ...
   -1.0790  120.8063 1126.1603
   -0.9826   -0.1492   -0.1105
    0.1386   -0.9854    0.0987
   -0.1236    0.0817    0.9890
...   346 C-G ...
   -1.9217  121.4589 1129.4301
   -0.7628   -0.6437   -0.0607
    0.6326   -0.7625    0.1355
   -0.1335    0.0650    0.9889
...   347 C-G ...
   -2.8275  121.8263 1132.5962
   -0.2827   -0.9584   -0.0384
    0.9429   -0.2850    0.1722
   -0.1760    0.0125    0.9843
...   348 T-A ...
   -3.7308  121.8957 1135.8659
    0.2858   -0.9581    0.0172
    0.9369    0.2832    0.2050
   -0.2012   -0.0425    0.9786
...   349 G-C ...
   -4.0784  121.5747 1139.2213
    0.7888   -0.6137    0.0348
    0.5977    0.7790    0.1894
   -0.1434   -0.1286    0.9813
...   350 C-G ...
   -4.5683  121.0681 1142.5277
    0.9900   -0.0652    0.1247
    0.0474    0.9890    0.1401
   -0.1325   -0.1328    0.9823
...   351 A-T ...
   -5.0475  120.7972 1145.8713
    0.8462    0.5261    0.0844
   -0.5318    0.8437    0.0732
   -0.0327   -0.1068    0.9937
...   352 G-C ...
   -4.8474  120.4456 1149.2400
    0.4207    0.9058    0.0508
   -0.9071    0.4210    0.0063
   -0.0157   -0.0487    0.9987
...   353 A-T ...
   -4.9349  120.1288 1152.5849
   -0.1704    0.9850   -0.0271
   -0.9848   -0.1712   -0.0290
   -0.0332    0.0217    0.9992
...   354 T-A ...
   -4.5241  120.4060 1155.9849
   -0.6567    0.7540   -0.0148
   -0.7538   -0.6569   -0.0173
   -0.0227   -0.0002    0.9997
...   355 A-T ...
   -4.7466  120.4580 1159.3172
   -0.9697    0.2184   -0.1090
   -0.2222   -0.9747    0.0232
   -0.1012    0.0467    0.9938
...   356 C-G ...
   -5.3510  121.1233 1162.6368
   -0.9408   -0.3241   -0.0990
    0.3183   -0.9454    0.0704
   -0.1164    0.0347    0.9926
...   357 T-A ...
   -5.9019  121.5116 1165.9621
   -0.6084   -0.7886   -0.0894
    0.7740   -0.6145    0.1529
   -0.1755    0.0238    0.9842
...   358 A-T ...
   -6.5115  121.4370 1169.2453
   -0.0172   -0.9976   -0.0673
    0.9785   -0.0307    0.2041
   -0.2057   -0.0623    0.9766
...   359 C-G ...
   -7.6432  120.8703 1172.4431
    0.5005   -0.8652    0.0314
    0.8444    0.4958    0.2029
   -0.1912   -0.0750    0.9787
...   360 C-G ...
   -8.4962  120.1872 1175.5713
    0.8915   -0.4466    0.0760
    0.4286    0.8858    0.1781
   -0.1468   -0.1262    0.9811
...   361 A-T ...
   -8.9523  119.9355 1178.9195
    0.9855    0.1559    0.0665
   -0.1635    0.9776    0.1322
   -0.0444   -0.1412    0.9890
...   362 A-T ...
   -9.0513  119.3216 1182.1371
    0.7107    0.6950    0.1085
   -0.7019    0.7110    0.0431
   -0.0472   -0.1068    0.9932
...   363 A-T ...
   -9.0798  118.8737 1185.3834
    0.1756    0.9802    0.0912
   -0.9820    0.1810   -0.0540
   -0.0694   -0.0801    0.9944
...   364 A-T ...
   -9.1476  118.6032 1188.6486
   -0.4224    0.9062    0.0210
   -0.9006   -0.4169   -0.1232
   -0.1029   -0.0709    0.9922
...   365 G-C ...
   -9.4676  118.6721 1192.0257
   -0.8373    0.5357   -0.1090
   -0.5233   -0.8431   -0.1237
   -0.1582   -0.0466    0.9863
...   366 T-A ...
   -9.6757  118.9967 1195.4431
   -0.9854    0.0164   -0.1697
   -0.0108   -0.9994   -0.0336
   -0.1701   -0.0313    0.9849
...   367 G-C ...
  -10.5135  118.6247 1198.7053
   -0.7916   -0.5556   -0.2545
    0.5496   -0.8293    0.1011
   -0.2672   -0.0599    0.9618
...   368 T-A ...
  -11.7226  118.9228 1201.9111
   -0.3841   -0.9064   -0.1759
    0.8782   -0.4174    0.2337
   -0.2852   -0.0647    0.9563
...   369 A-T ...
  -12.6596  118.5519 1205.0956
    0.2339   -0.9684   -0.0867
    0.9272    0.1953    0.3195
   -0.2924   -0.1551    0.9436
...   370 T-A ...
  -14.1353  117.8110 1208.1088
    0.6735   -0.7304    0.1134
    0.6738    0.6698    0.3120
   -0.3039   -0.1337    0.9433
...   371 T-A ...
  -15.1783  117.1112 1211.1357
    0.9407   -0.2081    0.2678
    0.1498    0.9634    0.2224
   -0.3043   -0.1691    0.9375
...   372 T-A ...
  -16.0631  116.3087 1214.1873
    0.8558    0.3881    0.3420
   -0.4320    0.8999    0.0599
   -0.2846   -0.1990    0.9378
...   373 G-C ...
  -16.9107  115.9860 1217.4523
    0.4775    0.8506    0.2202
   -0.8528    0.5090   -0.1167
   -0.2113   -0.1321    0.9684
...   374 G-C ...
  -17.1472  115.5272 1220.7254
   -0.0531    0.9970    0.0557
   -0.9777   -0.0406   -0.2059
   -0.2031   -0.0654    0.9770
...   375 A-T ...
  -17.7885  115.1554 1224.0036
   -0.5852    0.7983   -0.1422
   -0.7714   -0.6021   -0.2059
   -0.2500   -0.0108    0.9682
...   376 A-T ...
  -18.4965  115.2321 1227.2024
   -0.9175    0.3039   -0.2566
   -0.2842   -0.9523   -0.1115
   -0.2782   -0.0293    0.9601
...   377 A-T ...
  -19.3813  115.2935 1230.3572
   -0.9066   -0.3014   -0.2953
    0.3060   -0.9515    0.0319
   -0.2906   -0.0614    0.9549
...   378 C-G ...
  -20.8354  115.3898 1233.4724
   -0.6075   -0.7531   -0.2525
    0.7367   -0.6531    0.1754
   -0.2970   -0.0794    0.9516
...   379 T-A ...
  -22.1044  115.2753 1236.6169
   -0.0930   -0.9829   -0.1587
    0.9359   -0.1407    0.3228
   -0.3396   -0.1185    0.9331
...   380 G-C ...
  -23.0190  114.5767 1239.8041
    0.4935   -0.8690   -0.0364
    0.8093    0.4434    0.3852
   -0.3186   -0.2196    0.9221
...   381 C-G ...
  -24.1258  113.7731 1242.8958
    0.8678   -0.4643    0.1772
    0.3882    0.8559    0.3417
   -0.3103   -0.2277    0.9230
...   382 T-A ...
  -25.2389  112.7105 1245.9196
    0.9520    0.0887    0.2928
   -0.1594    0.9607    0.2272
   -0.2612   -0.2630    0.9288
...   383 C-G ...
  -25.7486  111.9088 1249.1435
    0.7036    0.6360    0.3171
   -0.6845    0.7263    0.0621
   -0.1908   -0.2608    0.9464
...   384 C-G ...
  -25.8987  110.9134 1252.3005
    0.2251    0.9444    0.2396
   -0.9624    0.2539   -0.0967
   -0.1522   -0.2088    0.9661
...   385 A-T ...
  -26.5936  110.2145 1255.5425
   -0.3524    0.9348    0.0439
   -0.9221   -0.3388   -0.1870
   -0.1600   -0.1064    0.9814
...   386 T-A ...
  -26.6674  110.1441 1258.9770
   -0.7828    0.6212   -0.0364
   -0.6050   -0.7734   -0.1891
   -0.1457   -0.1260    0.9813
...   387 C-G ...
  -27.4835  109.9306 1262.2304
   -0.9783    0.0745   -0.1932
   -0.0579   -0.9943   -0.0899
   -0.1988   -0.0768    0.9770
...   388 A-T ...
  -28.1277  109.4910 1265.5280
   -0.8098   -0.5008   -0.3056
    0.5065   -0.8597    0.0665
   -0.2960   -0.1009    0.9498
...   389 A-T ...
  -29.1939  109.2868 1268.6201
   -0.3617   -0.9029   -0.2322
    0.8890   -0.4090    0.2057
   -0.2807   -0.1320    0.9507
...   390 A-T ...
  -30.2612  108.9007 1271.6944
    0.2247   -0.9701   -0.0919
    0.9416    0.1919    0.2767
   -0.2508   -0.1487    0.9565
...   391 A-T ...
  -31.2267  108.3633 1274.7796
    0.7328   -0.6774    0.0634
    0.6447    0.7212    0.2534
   -0.2174   -0.1448    0.9653
...   392 G-C ...
  -31.8653  107.5793 1278.0183
    0.9772   -0.1658    0.1330
    0.1425    0.9753    0.1689
   -0.1577   -0.1461    0.9766
...   393 G-C ...
  -32.2290  106.6605 1281.1811
    0.9042    0.4040    0.1384
   -0.4169    0.9053    0.0810
   -0.0926   -0.1309    0.9871
...   394 C-G ...
  -32.4807  106.1787 1284.5178
    0.5118    0.8461    0.1489
   -0.8550    0.5186   -0.0079
   -0.0839   -0.1233    0.9888
...   395 A-T ...
  -32.9370  105.8203 1287.8563
   -0.0643    0.9978    0.0187
   -0.9961   -0.0631   -0.0617
   -0.0604   -0.0226    0.9979
...   396 T-A ...
  -32.6005  105.8893 1291.2751
   -0.5725    0.8199    0.0073
   -0.8182   -0.5707   -0.0689
   -0.0524   -0.0455    0.9976
...   397 G-C ...
  -33.1509  105.7996 1294.6174
   -0.9292    0.3452   -0.1319
   -0.3445   -0.9383   -0.0287
   -0.1337    0.0187    0.9909
...   398 T-A ...
  -33.3787  106.4060 1297.9950
   -0.9705   -0.1966   -0.1396
    0.1900   -0.9800    0.0593
   -0.1484    0.0311    0.9884
...   399 T-A ...
  -34.0541  106.7002 1301.1883
   -0.6813   -0.7271   -0.0849
    0.7102   -0.6846    0.1640
   -0.1774    0.0514    0.9828
...   400 C-G ...
  -34.8794  106.5603 1304.4434
   -0.1426   -0.9893   -0.0314
    0.9627   -0.1460    0.2277
   -0.2298    0.0022    0.9732
...   401 A-T ...
  -35.4802  106.5811 1307.7782
    0.4576   -0.8891    0.0082
    0.8636    0.4466    0.2341
   -0.2118   -0.1000    0.9722
...   402 G-C ...
  -36.2080  105.9346 1311.0284
    0.8656   -0.4950    0.0759
    0.4759    0.8603    0.1828
   -0.1558   -0.1221    0.9802
...   403 C-G ...
  -36.7295  105.4499 1314.3333
    0.9848    0.0786    0.1549
   -0.0965    0.9891    0.1114
   -0.1445   -0.1246    0.9816
...   404 T-A ...
  -37.1255  104.7288 1317.6250
    0.7780    0.6111    0.1459
   -0.6226    0.7810    0.0487
   -0.0842   -0.1287    0.9881
...   405 G-C ...
  -37.3710  104.6697 1321.0041
    0.2853    0.9572    0.0492
   -0.9581    0.2862   -0.0120
   -0.0256   -0.0437    0.9987
...   406 G-C ...
  -36.9965  104.6161 1324.2960
   -0.2835    0.9585   -0.0319
   -0.9584   -0.2843   -0.0244
   -0.0325    0.0236    0.9992
...   407 A-T ...
  -37.0303  104.5573 1327.6563
   -0.7752    0.6216   -0.1123
   -0.6249   -0.7807   -0.0070
   -0.0920    0.0648    0.9937
...   408 T-A ...
  -37.0842  105.2756 1331.0159
   -0.9888    0.1285   -0.0764
   -0.1322   -0.9902    0.0457
   -0.0698    0.0553    0.9960
...   409 T-A ...
  -37.4323  105.7006 1334.2467
   -0.8829   -0.4678   -0.0413
    0.4607   -0.8798    0.1167
   -0.0909    0.0840    0.9923
...   410 C-G ...
  -38.0579  105.7613 1337.5483
   -0.4550   -0.8902   -0.0232
    0.8766   -0.4523    0.1644
   -0.1569    0.0544    0.9861
...   411 C-G ...
  -39.0630  105.8979 1340.7028
    0.1091   -0.9940    0.0088
    0.9784    0.1090    0.1759
   -0.1758   -0.0106    0.9844
...   412 A-T ...
  -39.4883  105.9211 1344.0645
    0.6662   -0.7457    0.0103
    0.7339    0.6579    0.1690
   -0.1328   -0.1050    0.9856
...   413 G-C ...
  -39.8728  105.2631 1347.3707
    0.9648   -0.2598    0.0414
    0.2528    0.9592    0.1270
   -0.0727   -0.1121    0.9910
...   414 C-G ...
  -40.0957  104.8156 1350.7143
    0.9397    0.3285    0.0948
   -0.3364    0.9379    0.0849
   -0.0610   -0.1116    0.9919
...   415 T-A ...
  -40.1387  104.1699 1354.0449
    0.6056    0.7916    0.0807
   -0.7957    0.6027    0.0596
   -0.0014   -0.1003    0.9950
...   416 G-C ...
  -40.1982  104.2062 1357.4328
    0.0377    0.9993    0.0017
   -0.9987    0.0376    0.0345
    0.0344   -0.0030    0.9994
...   417 A-T ...
  -40.0554  104.0413 1360.7867
   -0.5399    0.8402   -0.0513
   -0.8417   -0.5395    0.0223
   -0.0089    0.0552    0.9984
...   418 A-T ...
  -39.9624  104.3249 1364.0501
   -0.9265    0.3727   -0.0513
   -0.3741   -0.9271    0.0213
   -0.0396    0.0389    0.9985
...   419 C-G ...
  -40.2756  104.9999 1367.4078
   -0.9845   -0.1676   -0.0509
    0.1658   -0.9854    0.0385
   -0.0566    0.0295    0.9980
...   420 A-T ...
  -40.3986  104.9312 1370.7935
   -0.7010   -0.7033   -0.1183
    0.6976   -0.7106    0.0910
   -0.1481   -0.0187    0.9888
...   421 T-A ...
  -41.3624  105.1807 1374.0820
   -0.2414   -0.9699   -0.0309
    0.9608   -0.2433    0.1327
   -0.1362    0.0023    0.9907
...   422 G-C ...
  -41.6247  104.8647 1377.4456
    0.3669   -0.9291   -0.0469
    0.9211    0.3558    0.1581
   -0.1302   -0.1012    0.9863
...   423 C-G ...
  -42.1066  104.4641 1380.7678
    0.8243   -0.5647    0.0396
    0.5526    0.8179    0.1604
   -0.1229   -0.1103    0.9863
...   424 C-G ...
  -42.5273  103.6075 1383.9409
    0.9981   -0.0174    0.0591
    0.0091    0.9904    0.1382
   -0.0609   -0.1374    0.9886
...   425 T-A ...
  -42.6728  102.8368 1387.2419
    0.8430    0.5319    0.0800
   -0.5379    0.8339    0.1236
   -0.0010   -0.1472    0.9891
...   426 T-A ...
  -42.4257  102.2475 1390.4561
    0.3769    0.9169    0.1314
   -0.9256    0.3676    0.0896
    0.0339   -0.1554    0.9873
...   427 T-A ...
  -42.0476  101.7959 1393.6799
   -0.2277    0.9615    0.1537
   -0.9714   -0.2352    0.0322
    0.0671   -0.1420    0.9876
...   428 T-A ...
  -41.6426  101.5318 1396.9211
   -0.7477    0.6494    0.1387
   -0.6584   -0.7522   -0.0276
    0.0864   -0.1119    0.9900
...   429 G-C ...
  -41.7289  101.1237 1400.2839
   -0.9940    0.1091   -0.0005
   -0.1088   -0.9916   -0.0703
   -0.0082   -0.0698    0.9975
...   430 A-T ...
  -41.5998  100.9054 1403.6353
   -0.8755   -0.4698   -0.1125
    0.4781   -0.8761   -0.0625
   -0.0692   -0.1085    0.9917
...   431 T-A ...
  -42.1948  100.9676 1407.0188
   -0.5025   -0.8581   -0.1054
    0.8630   -0.5052   -0.0016
   -0.0519   -0.0918    0.9944
...   432 G-C ...
  -42.2690  100.2933 1410.3388
    0.0900   -0.9786   -0.1848
    0.9931    0.0742    0.0908
   -0.0752   -0.1917    0.9786
...   433 G-C ...
  -42.9069   99.4208 1413.4711
    0.6227   -0.7639   -0.1698
    0.7813    0.5948    0.1893
   -0.0437   -0.2505    0.9671
...   434 A-T ...
  -43.1751   98.6776 1416.7379
    0.9578   -0.2691   -0.1012
    0.2862    0.9257    0.2474
    0.0271   -0.2660    0.9636
...   435 G-C ...
  -42.8710   97.5620 1419.9277
    0.9556    0.2945   -0.0079
   -0.2829    0.9250    0.2538
    0.0821   -0.2403    0.9672
...   436 C-G ...
  -42.5385   96.7050 1423.1811
    0.6279    0.7680    0.1260
   -0.7728    0.5963    0.2173
    0.0918   -0.2338    0.9679
...   437 A-T ...
  -42.3903   95.9895 1426.4899
    0.0598    0.9896    0.1309
   -0.9899    0.0419    0.1353
    0.1284   -0.1377    0.9821
...   438 G-C ...
  -41.7855   95.7833 1429.8221
   -0.4963    0.8592    0.1243
   -0.8634   -0.5035    0.0330
    0.0909   -0.0909    0.9917
...   439 T-A ...
  -40.9579   95.7502 1433.1600
   -0.8755    0.4702    0.1110
   -0.4752   -0.8796   -0.0219
    0.0874   -0.0719    0.9936
...   440 T-A ...
  -40.6977   95.7866 1436.4266
   -0.9896   -0.1244    0.0726
    0.1212   -0.9915   -0.0468
    0.0778   -0.0375    0.9963
...   441 T-A ...
  -40.6215   95.8704 1439.7017
   -0.7378   -0.6745    0.0268
    0.6732   -0.7381   -0.0448
    0.0500   -0.0150    0.9986
...   442 C-G ...
  -40.7112   95.5267 1443.0439
   -0.2229   -0.9730   -0.0600
    0.9748   -0.2229   -0.0066
   -0.0069   -0.0600    0.9982
...   443 C-G ...
  -41.2058   95.1694 1446.3008
    0.3473   -0.9305   -0.1161
    0.9377    0.3434    0.0531
   -0.0095   -0.1273    0.9918
...   444 A-T ...
  -41.0851   94.8365 1449.6708
    0.8203   -0.5484   -0.1625
    0.5693    0.8101    0.1401
    0.0548   -0.2074    0.9767
...   445 A-T ...
  -40.9789   94.0177 1452.8422
    0.9970    0.0251   -0.0735
   -0.0113    0.9832    0.1822
    0.0769   -0.1808    0.9805
...   446 A-T ...
  -40.7048   93.2704 1456.0212
    0.8053    0.5924    0.0233
   -0.5876    0.7922    0.1651
    0.0793   -0.1466    0.9860
...   447 T-A ...
  -40.0231   92.4032 1459.2753
    0.3860    0.9135    0.1285
   -0.9203    0.3716    0.1227
    0.0643   -0.1656    0.9841
...   448 A-T ...
  -39.8259   92.0033 1462.5855
   -0.2380    0.9671    0.0899
   -0.9686   -0.2431    0.0513
    0.0715   -0.0749    0.9946
...   449 C-G ...
  -39.2481   92.2131 1465.9693
   -0.7104    0.6986    0.0852
   -0.7017   -0.7124   -0.0097
    0.0539   -0.0667    0.9963
...   450 A-T ...
  -39.1622   91.8332 1469.3354
   -0.9852    0.1676   -0.0349
   -0.1668   -0.9856   -0.0265
   -0.0389   -0.0202    0.9990
...   451 C-G ...
  -39.5852   92.2573 1472.7220
   -0.9262   -0.3719   -0.0619
    0.3732   -0.9277   -0.0107
   -0.0534   -0.0330    0.9980
...   452 T-A ...
  -39.9394   92.4083 1476.0930
   -0.5690   -0.8158   -0.1029
    0.8146   -0.5764    0.0650
   -0.1123   -0.0468    0.9926
...   453 T-A ...
  -40.5777   92.2623 1479.3040
    0.0072   -0.9986   -0.0517
    0.9890   -0.0005    0.1476
   -0.1474   -0.0522    0.9877
...   454 T-A ...
  -41.2826   91.9401 1482.4881
    0.5784   -0.8149    0.0378
    0.7973    0.5745    0.1852
   -0.1726   -0.0770    0.9820
...   455 T-A ...
  -41.9395   91.4343 1485.6586
    0.9338   -0.3324    0.1326
    0.3101    0.9365    0.1640
   -0.1787   -0.1120    0.9775
...   456 G-C ...
  -42.2088   91.2225 1489.0298
    0.9552    0.2764    0.1054
   -0.2860    0.9540    0.0898
   -0.0758   -0.1160    0.9904
...   457 G-C ...
  -42.1311   90.5077 1492.2645
    0.6464    0.7597    0.0712
   -0.7626    0.6461    0.0300
   -0.0233   -0.0737    0.9970
...   458 T-A ...
  -41.7776   89.8597 1495.6235
    0.1525    0.9862    0.0642
   -0.9883    0.1526    0.0033
   -0.0065   -0.0639    0.9979
...   459 A-T ...
  -41.8537   89.7923 1498.9621
   -0.4594    0.8876   -0.0333
   -0.8880   -0.4599   -0.0068
   -0.0213    0.0265    0.9994
...   460 G-C ...
  -41.9102   90.1919 1502.3309
   -0.8664    0.4909   -0.0915
   -0.4933   -0.8699    0.0034
   -0.0780    0.0481    0.9958
...   461 T-A ...
  -41.8634   90.8540 1505.7053
   -0.9954   -0.0369   -0.0884
    0.0312   -0.9974    0.0657
   -0.0906    0.0627    0.9939
...   462 A-T ...
  -42.2989   90.9822 1509.0145
   -0.7732   -0.6229   -0.1188
    0.6092   -0.7817    0.1334
   -0.1759    0.0308    0.9839
...   463 T-A ...
  -43.3165   91.4478 1512.2631
   -0.3496   -0.9369   -0.0094
    0.9228   -0.3460    0.1692
   -0.1618    0.0505    0.9855
...   464 C-G ...
  -43.9520   91.2381 1515.5568
    0.2496   -0.9678    0.0333
    0.9492    0.2513    0.1891
   -0.1914   -0.0156    0.9814
...   465 T-A ...
  -44.8755   91.0466 1518.8159
    0.7354   -0.6720    0.0865
    0.6519    0.7366    0.1800
   -0.1847   -0.0760    0.9799
...   466 G-C ...
  -45.1251   90.8116 1522.1871
    0.9900   -0.1180    0.0769
    0.1074    0.9858    0.1294
   -0.0910   -0.1198    0.9886
...   467 C-G ...
  -45.4001   90.3418 1525.5237
    0.8787    0.4606    0.1254
   -0.4707    0.8798    0.0668
   -0.0796   -0.1177    0.9899
...   468 A-T ...
  -45.7879   90.0815 1528.8800
    0.4538    0.8901    0.0422
   -0.8910    0.4537    0.0130
   -0.0076   -0.0435    0.9990
...   469 G-C ...
  -45.5523   90.1025 1532.2646
   -0.1046    0.9944   -0.0176
   -0.9942   -0.1050   -0.0213
   -0.0230    0.0152    0.9996
...   470 G-C ...
  -45.2392   90.4123 1535.5488
   -0.6290    0.7719   -0.0928
   -0.7755   -0.6314    0.0043
   -0.0552    0.0747    0.9957
...   471 T-A ...
  -44.9553   91.0175 1538.9223
   -0.9409    0.3269   -0.0890
   -0.3331   -0.9405    0.0672
   -0.0617    0.0928    0.9938
...   472 G-C ...
  -45.5038   91.1620 1542.2631
   -0.9505   -0.2813   -0.1320
    0.2635   -0.9548    0.1378
   -0.1648    0.0962    0.9816
...   473 A-T ...
  -45.9194   91.5598 1545.5745
   -0.6167   -0.7807   -0.1007
    0.7598   -0.6238    0.1835
   -0.2060    0.0366    0.9779
...   474 T-A ...
  -47.1045   91.9407 1548.7770
   -0.1385   -0.9899    0.0318
    0.9707   -0.1293    0.2027
   -0.1965    0.0589    0.9787
...   475 T-A ...
  -47.9878   92.0121 1551.9320
    0.4492   -0.8827    0.1378
    0.8647    0.4684    0.1816
   -0.2249    0.0376    0.9737
...   476 C-G ...
  -48.5267   91.8158 1555.2438
    0.8742   -0.4578    0.1616
    0.4441    0.8886    0.1149
   -0.1962   -0.0287    0.9801
...   477 T-A ...
  -49.2712   91.4158 1558.5297
    0.9828    0.1030    0.1535
   -0.1115    0.9926    0.0480
   -0.1474   -0.0643    0.9870
...   478 C-G ...
  -49.3872   91.2845 1561.8861
    0.7497    0.6546    0.0974
   -0.6575    0.7534   -0.0031
   -0.0754   -0.0617    0.9952
...   479 C-G ...
  -49.1586   90.9345 1565.1732
    0.2712    0.9624    0.0174
   -0.9619    0.2716   -0.0300
   -0.0336   -0.0086    0.9994
...   480 A-T ...
  -49.4540   90.9155 1568.5488
   -0.3264    0.9397   -0.1021
   -0.9445   -0.3285   -0.0042
   -0.0375    0.0950    0.9948
...   481 G-C ...
  -49.5206   91.5403 1571.8830
   -0.7848    0.6019   -0.1474
   -0.6131   -0.7889    0.0431
   -0.0903    0.1242    0.9881
...   482 G-C ...
  -49.7342   92.4050 1575.0746
   -0.9842    0.0634   -0.1653
   -0.0853   -0.9880    0.1291
   -0.1551    0.1411    0.9778
...   483 G-C ...
  -50.4218   93.2904 1578.1928
   -0.8581   -0.4961   -0.1325
    0.4647   -0.8600    0.2107
   -0.2185    0.1192    0.9685
...   484 C-G ...
  -51.2226   93.7261 1581.4483
   -0.4433   -0.8964   -0.0012
    0.8673   -0.4292    0.2520
   -0.2265    0.1106    0.9677
...   485 G-C ...
  -51.4873   93.9008 1584.9703
    0.1406   -0.9875    0.0719
    0.9610    0.1536    0.2302
   -0.2383    0.0368    0.9705
...   486 G-C ...
  -52.6359   93.7430 1588.0744
    0.6582   -0.7431    0.1213
    0.7247    0.6689    0.1655
   -0.2041   -0.0211    0.9787
...   487 C-G ...
  -53.3440   93.6016 1591.3771
    0.9546   -0.2353    0.1826
    0.2258    0.9716    0.0715
   -0.1942   -0.0271    0.9806
...   488 C-G ...
  -53.8254   93.0391 1594.6069
    0.9327    0.3364    0.1302
   -0.3375    0.9412   -0.0145
   -0.1275   -0.0305    0.9914
...   489 A-T ...
  -54.3537   93.0900 1597.9536
    0.5787    0.8155   -0.0005
   -0.8142    0.5778   -0.0563
   -0.0456    0.0330    0.9984
...   490 G-C ...
  -54.2251   93.3301 1601.3356
    0.0440    0.9949   -0.0910
   -0.9977    0.0390   -0.0560
   -0.0522    0.0932    0.9943
...   491 T-A ...
  -53.8167   93.5989 1604.7398
   -0.4835    0.8672   -0.1190
   -0.8742   -0.4854    0.0148
   -0.0449    0.1112    0.9928
...   492 A-T ...
  -54.0989   94.0510 1608.0371
   -0.8996    0.4008   -0.1732
   -0.4221   -0.8998    0.1103
   -0.1117    0.1724    0.9787
...   493 C-G ...
  -54.6255   95.1770 1611.2438
   -0.9854   -0.1318   -0.1079
    0.1113   -0.9777    0.1783
   -0.1290    0.1637    0.9780
...   494 T-A ...
  -55.1580   96.0231 1614.4860
   -0.7580   -0.6511   -0.0374
    0.6243   -0.7409    0.2476
   -0.1889    0.1644    0.9681
...   495 T-A ...
  -56.0319   96.6293 1617.5858
   -0.2567   -0.9605    0.1074
    0.9402   -0.2224    0.2578
   -0.2238    0.1672    0.9602
...   496 A-T ...
  -56.7419   97.0395 1620.8237
    0.3675   -0.9171    0.1547
    0.9040    0.3913    0.1721
   -0.2184    0.0766    0.9728
...   497 C-G ...
  -57.7420   96.7894 1624.1047
    0.7897   -0.5786    0.2040
    0.5799    0.8125    0.0596
   -0.2002    0.0713    0.9771
...   498 A-T ...
  -58.3478   97.1979 1627.4136
    0.9946   -0.0131    0.1033
    0.0171    0.9991   -0.0383
   -0.1027    0.0399    0.9939
...   499 T-A ...
  -58.5950   96.7817 1630.8152
    0.8568    0.5074    0.0917
   -0.5000    0.8610   -0.0928
   -0.1261    0.0336    0.9915
...   500 G-C ...
  -58.9272   97.2633 1634.1529
    0.4237    0.9026   -0.0762
   -0.9041    0.4163   -0.0968
   -0.0556    0.1099    0.9924
...   501 C-G ...
  -59.0433   97.6450 1637.5100
   -0.1602    0.9787   -0.1286
   -0.9856   -0.1657   -0.0334
   -0.0540    0.1214    0.9911
...   502 A-T ...
  -59.3949   97.9875 1640.8628
   -0.6891    0.6898   -0.2221
   -0.7176   -0.6923    0.0763
   -0.1011    0.2119    0.9720
...   503 C-G ...
  -59.6787   99.2637 1644.0438
   -0.9605    0.2223   -0.1672
   -0.2508   -0.9521    0.1749
   -0.1203    0.2099    0.9703
...   504 A-T ...
  -60.0922   99.7959 1647.3647
   -0.9135   -0.3847   -0.1322
    0.3406   -0.9010    0.2685
   -0.2224    0.2002    0.9542
...   505 G-C ...
  -61.1422  100.5101 1650.5110
   -0.5657   -0.8243   -0.0218
    0.7859   -0.5470    0.2884
   -0.2496    0.1460    0.9573
...   506 G-C ...
  -62.4093  101.0360 1653.5272
   -0.0265   -0.9968    0.0757
    0.9641   -0.0055    0.2654
   -0.2641    0.0800    0.9612
...   507 A-T ...
  -63.3238  101.4580 1656.7337
    0.5461   -0.8254    0.1435
    0.8081    0.5641    0.1698
   -0.2211    0.0232    0.9750
...   508 T-A ...
  -64.4572  101.1346 1659.9612
    0.8804   -0.4129    0.2334
    0.4096    0.9100    0.0645
   -0.2390    0.0388    0.9702
...   509 G-C ...
  -64.9168  101.4023 1663.3078
    0.9747    0.1809    0.1313
   -0.1758    0.9832   -0.0496
   -0.1380    0.0253    0.9901
...   510 T-A ...
  -65.3050  100.9059 1666.6887
    0.7406    0.6679    0.0738
   -0.6614    0.7439   -0.0960
   -0.1190    0.0223    0.9926
...   511 A-T ...
  -65.6516  101.1278 1670.0034
    0.2154    0.9729   -0.0837
   -0.9738    0.2076   -0.0928
   -0.0729    0.1014    0.9922
...   512 A-T ...
  -65.7313  101.4471 1673.2639
   -0.3851    0.9116   -0.1441
   -0.9168   -0.3958   -0.0537
   -0.1060    0.1114    0.9881
...   513 C-G ...
  -65.8322  102.3347 1676.5850
   -0.8055    0.5681   -0.1689
   -0.5794   -0.8147    0.0232
   -0.1245    0.1166    0.9854
...   514 C-G ...
  -66.2055  103.2112 1679.7587
   -0.9815    0.0216   -0.1900
   -0.0483   -0.9894    0.1372
   -0.1850    0.1439    0.9721
...   515 T-A ...
  -66.8776  104.0038 1682.9885
   -0.8394   -0.5282   -0.1282
    0.4861   -0.8350    0.2576
   -0.2431    0.1539    0.9577
...   516 G-C ...
  -67.7877  104.1553 1686.2490
   -0.3811   -0.9231   -0.0513
    0.8709   -0.3771    0.3151
   -0.3103    0.0754    0.9477
...   517 C-G ...
  -68.9046  104.3966 1689.4308
    0.1808   -0.9756    0.1250
    0.9329    0.2103    0.2923
   -0.3115    0.0638    0.9481
...   518 A-T ...
  -69.7999  104.6885 1692.6859
    0.7119   -0.6801    0.1751
    0.6515    0.7326    0.1968
   -0.2621   -0.0260    0.9647
...   519 G-C ...
  -70.5963  104.3034 1695.9614
    0.9660   -0.1689    0.1957
    0.1600    0.9853    0.0606
   -0.2031   -0.0272    0.9788
...   520 A-T ...
  -71.4320  104.2055 1699.2154
    0.8970    0.4243    0.1240
   -0.4191    0.9055   -0.0670
   -0.1407    0.0081    0.9900
...   521 T-A ...
  -71.5787  103.7817 1702.6220
    0.5465    0.8321    0.0944
   -0.8222    0.5546   -0.1280
   -0.1589   -0.0077    0.9873
...   522 A-T ...
  -72.0969  103.9114 1705.9191
   -0.0318    0.9958   -0.0854
   -0.9905   -0.0429   -0.1309
   -0.1340    0.0805    0.9877
...   523 C-G ...
  -72.1303  104.5711 1709.2942
   -0.5423    0.8249   -0.1594
   -0.8268   -0.5577   -0.0733
   -0.1493    0.0920    0.9845
...   524 T-A ...
  -72.4141  105.1060 1712.6327
   -0.8982    0.3819   -0.2180
   -0.4038   -0.9125    0.0650
   -0.1741    0.1464    0.9738
...   525 A-T ...
  -73.1478  105.5772 1715.8570
   -0.9442   -0.2439   -0.2214
    0.1984   -0.9577    0.2087
   -0.2629    0.1531    0.9526
...   526 C-G ...
  -74.4751  106.4248 1718.9144
   -0.6963   -0.7112   -0.0971
    0.6645   -0.6898    0.2875
   -0.2715    0.1356    0.9528
...   527 C-G ...
  -75.8289  106.9751 1721.8882
   -0.2011   -0.9794    0.0165
    0.9296   -0.1855    0.3184
   -0.3088    0.0794    0.9478
...   528 A-T ...
  -76.7006  107.2496 1725.1512
    0.3989   -0.9113    0.1017
    0.8675    0.4110    0.2803
   -0.2972   -0.0235    0.9545
...   529 A-T ...
  -77.8028  107.0884 1728.2332
    0.8332   -0.5057    0.2235
    0.4848    0.8626    0.1444
   -0.2658   -0.0119    0.9639
...   530 A-T ...
  -78.7325  106.9020 1731.3702
    0.9659    0.0858    0.2442
   -0.0792    0.9962   -0.0371
   -0.2465    0.0165    0.9690
...   531 A-T ...
  -79.5067  106.7996 1734.5529
    0.7480    0.6451    0.1562
   -0.6163    0.7624   -0.1972
   -0.2463    0.0512    0.9678
...   532 G-C ...
  -80.0415  107.0265 1737.8957
    0.3053    0.9516   -0.0346
   -0.9223    0.2865   -0.2593
   -0.2368    0.1111    0.9652
...   533 T-A ...
  -80.3094  107.2114 1741.3194
   -0.2191    0.9595   -0.1769
   -0.9494   -0.2515   -0.1884
   -0.2252    0.1267    0.9660
...   534 G-C ...
  -81.3835  107.8250 1744.4741
   -0.6995    0.6247   -0.3471
   -0.6598   -0.7511   -0.0222
   -0.2746    0.2135    0.9376
...   535 T-A ...
  -81.9090  108.9745 1747.6726
   -0.9378    0.1371   -0.3189
   -0.2009   -0.9636    0.1766
   -0.2831    0.2297    0.9312
...   536 A-T ...
  -82.9964  109.6863 1750.7495
   -0.8470   -0.4778   -0.2330
    0.3825   -0.8522    0.3570
   -0.3692    0.2133    0.9046
...   537 T-A ...
  -84.5523  110.8253 1753.5934
   -0.5347   -0.8450    0.0069
    0.7684   -0.4828    0.4202
   -0.3518    0.2299    0.9074
...   538 T-A ...
  -85.9568  111.5574 1756.4623
    0.0098   -0.9698    0.2436
    0.9230    0.1025    0.3709
   -0.3846    0.2212    0.8962
...   539 T-A ...
  -87.4210  112.1092 1759.3418
    0.5436   -0.7333    0.4083
    0.7335    0.6515    0.1935
   -0.4079    0.1943    0.8921
...   540 G-C ...
  -88.4512  112.7451 1762.5067
    0.9026   -0.2432    0.3552
    0.2769    0.9598   -0.0465
   -0.3296    0.1404    0.9336
...   541 G-C ...
  -89.4505  112.7556 1765.6659
    0.9268    0.3119    0.2091
   -0.2658    0.9383   -0.2215
   -0.2652    0.1497    0.9525
...   542 A-T ...
  -90.4748  113.1792 1768.8389
    0.6271    0.7786   -0.0237
   -0.7459    0.5915   -0.3060
   -0.2243    0.2096    0.9517
...   543 A-T ...
  -91.0775  113.7876 1772.0022
    0.0859    0.9723   -0.2174
   -0.9649    0.0268   -0.2612
   -0.2481    0.2322    0.9405
...   544 A-T ...
  -91.7349  114.5635 1775.1175
   -0.4817    0.8037   -0.3493
   -0.8300   -0.5463   -0.1124
   -0.2811    0.2358    0.9302
...   545 C-G ...
  -92.5035  115.8990 1778.1921
   -0.8392    0.3952   -0.3735
   -0.4538   -0.8874    0.0809
   -0.2995    0.2374    0.9241
...   546 T-A ...
  -93.4284  116.9995 1781.2654
   -0.9363   -0.1642   -0.3103
    0.0643   -0.9491    0.3083
   -0.3452    0.2687    0.8992
...   547 G-C ...
  -94.8223  117.6035 1784.2944
   -0.6914   -0.7034   -0.1648
    0.5775   -0.6752    0.4590
   -0.4342    0.2222    0.8730
...   548 C-G ...
  -96.3524  118.3679 1787.2105
   -0.2397   -0.9642    0.1134
    0.8655   -0.1593    0.4749
   -0.4399    0.2120    0.8727
...   549 T-A ...
  -98.1205  119.0722 1790.0194
    0.2916   -0.9034    0.3145
    0.8379    0.3998    0.3715
   -0.4613    0.1552    0.8735
...   550 C-G ...
  -99.5110  119.2575 1793.0736
    0.7432   -0.5205    0.4203
    0.5011    0.8494    0.1658
   -0.4433    0.0874    0.8921
...   551 C-G ...
 -100.9808  119.0469 1796.0359
    0.9222    0.0243    0.3858
    0.0020    0.9977   -0.0677
   -0.3866    0.0632    0.9201
...   552 A-T ...
 -102.3251  119.4372 1799.1218
    0.7902    0.5845    0.1841
   -0.5379    0.8056   -0.2484
   -0.2935    0.0972    0.9510
...   553 T-A ...
 -102.9363  119.3883 1802.5026
    0.3901    0.9194    0.0510
   -0.8676    0.3855   -0.3141
   -0.3084    0.0783    0.9480
...   554 C-G ...
 -103.8523  120.0228 1805.6735
   -0.1583    0.9687   -0.1911
   -0.9483   -0.2031   -0.2437
   -0.2749    0.1426    0.9508
...   555 A-T ...
 -104.9449  120.4308 1808.8550
   -0.6443    0.6582   -0.3893
   -0.6948   -0.7165   -0.0615
   -0.3194    0.2308    0.9191
...   556 A-T ...
 -105.8936  121.3138 1811.8650
   -0.9200    0.1181   -0.3737
   -0.1857   -0.9710    0.1504
   -0.3452    0.2078    0.9153
...   557 A-T ...
 -107.0130  122.1504 1814.8292
   -0.8503   -0.4692   -0.2386
    0.3895   -0.8657    0.3144
   -0.3540    0.1744    0.9188
...   558 A-T ...
 -108.2513  122.8489 1817.7818
   -0.4609   -0.8868   -0.0336
    0.8185   -0.4395    0.3699
   -0.3428    0.1430    0.9285
...   559 G-C ...
 -109.6613  123.1626 1820.8519
    0.0803   -0.9898    0.1174
    0.9406    0.1142    0.3199
   -0.3300    0.0848    0.9402
...   560 G-C ...
 -111.1155  123.1780 1823.8293
    0.6028   -0.7697    0.2102
    0.7394    0.6379    0.2154
   -0.2999    0.0256    0.9536
...   561 C-G ...
 -112.1504  123.1953 1827.0476
    0.9183   -0.2753    0.2845
    0.2689    0.9612    0.0623
   -0.2906    0.0192    0.9567
...   562 A-T ...
 -113.1223  123.4422 1830.2844
    0.9302    0.3240    0.1724
   -0.3141    0.9458   -0.0827
   -0.1899    0.0228    0.9815
...   563 T-A ...
 -113.4897  123.0348 1833.6763
    0.6282    0.7676    0.1275
   -0.7493    0.6409   -0.1665
   -0.2095    0.0090    0.9778
...   564 G-C ...
 -114.2312  123.4430 1836.9575
    0.1031    0.9908   -0.0879
   -0.9802    0.0862   -0.1781
   -0.1688    0.1045    0.9801
...   565 T-A ...
 -114.2298  123.7223 1840.3853
   -0.4225    0.8883   -0.1800
   -0.8920   -0.4428   -0.0911
   -0.1606    0.1221    0.9794
...   566 T-A ...
 -114.6160  124.3566 1843.5771
   -0.8596    0.4682   -0.2048
   -0.4891   -0.8698    0.0644
   -0.1480    0.1555    0.9767
...   567 C-G ...
 -115.4646  125.0193 1846.7610
   -0.9749   -0.1218   -0.1862
    0.0808   -0.9735    0.2138
   -0.2073    0.1934    0.9590
...   568 A-T ...
 -116.1130  125.5055 1850.0512
   -0.7269   -0.6755   -0.1243
    0.6179   -0.7222    0.3109
   -0.2997    0.1492    0.9423
...   569 G-C ...
 -117.4175  125.9412 1853.1529
   -0.2540   -0.9672    0.0086
    0.9171   -0.2380    0.3197
   -0.3072    0.0891    0.9475
...   570 C-G ...
 -118.5217  126.2187 1856.3361
    0.3117   -0.9335    0.1771
    0.8993    0.3500    0.2623
   -0.3068    0.0775    0.9486
...   571 T-A ...
 -119.8158  126.3135 1859.4710
    0.7654   -0.5938    0.2483
    0.5716    0.8044    0.1617
   -0.2957    0.0181    0.9551
...   572 G-C ...
 -120.4532  126.4348 1862.7969
    0.9794   -0.0247    0.2005
    0.0209    0.9996    0.0210
   -0.2009   -0.0164    0.9795
...   573 G-C ...
 -120.9078  125.9621 1866.0449
    0.8426    0.5265    0.1138
   -0.5204    0.8502   -0.0797
   -0.1387    0.0080    0.9903
...   574 A-T ...
 -121.4859  125.8798 1869.3548
    0.4040    0.9144   -0.0238
   -0.9076    0.3974   -0.1355
   -0.1144    0.0763    0.9905
...   575 T-A ...
 -121.3294  126.0214 1872.7843
   -0.1275    0.9896   -0.0674
   -0.9848   -0.1343   -0.1100
   -0.1179    0.0524    0.9916
...   576 T-A ...
 -121.5102  126.3733 1876.0374
   -0.6727    0.7295   -0.1239
   -0.7338   -0.6792   -0.0157
   -0.0956    0.0804    0.9922
...   577 C-G ...
 -122.1220  126.8949 1879.3008
   -0.9644    0.2053   -0.1665
   -0.2240   -0.9692    0.1028
   -0.1403    0.1364    0.9807
...   578 C-G ...
 -122.7396  127.8068 1882.4260
   -0.9190   -0.3670   -0.1441
    0.3357   -0.9200    0.2024
   -0.2069    0.1376    0.9686
...   579 A-T ...
 -123.3434  128.1235 1885.7453
   -0.5355   -0.8389   -0.0975
    0.7948   -0.5396    0.2778
   -0.2856    0.0712    0.9557
...   580 G-C ...
 -124.5766  128.2234 1888.9046
    0.0015   -0.9999    0.0122
    0.9608    0.0048    0.2772
   -0.2773    0.0113    0.9607
...   581 C-G ...
 -125.5723  128.2217 1892.1353
    0.5469   -0.8226    0.1559
    0.7911    0.5686    0.2253
   -0.2739    0.0001    0.9618
...   582 T-A ...
 -126.7072  127.9948 1895.3247
    0.9017   -0.3781    0.2097
    0.3544    0.9241    0.1428
   -0.2478   -0.0544    0.9673
...   583 G-C ...
 -127.2057  127.9615 1898.6763
    0.9613    0.2265    0.1571
   -0.2336    0.9719    0.0279
   -0.1464   -0.0636    0.9872
...   584 A-T ...
 -127.8373  127.6812 1901.9655
    0.6650    0.7432    0.0732
   -0.7398    0.6690   -0.0718
   -0.1023   -0.0064    0.9947
...   585 A-T ...
 -128.0410  127.5695 1905.2343
    0.1177    0.9930   -0.0040
   -0.9850    0.1162   -0.1273
   -0.1259    0.0189    0.9919
...   586 C-G ...
 -127.9939  127.9499 1908.6521
   -0.4122    0.9068   -0.0881
   -0.9004   -0.4203   -0.1128
   -0.1393    0.0328    0.9897
...   587 A-T ...
 -128.6090  127.9503 1911.9844
   -0.8370    0.4944   -0.2344
   -0.5061   -0.8624   -0.0119
   -0.2080    0.1086    0.9721
...   588 T-A ...
 -129.1285  128.8480 1915.2600
   -0.9827   -0.0215   -0.1839
    0.0022   -0.9945    0.1049
   -0.1851    0.1027    0.9773
...   589 G-C ...
 -130.0125  128.9183 1918.5305
   -0.7805   -0.5969   -0.1860
    0.5582   -0.7993    0.2224
   -0.2814    0.0698    0.9570
...   590 C-G ...
 -131.0287  129.1793 1921.7443
   -0.3257   -0.9447   -0.0386
    0.9005   -0.3224    0.2919
   -0.2882    0.0603    0.9557
...   591 C-G ...
 -132.4403  129.2658 1924.7409
    0.2383   -0.9688    0.0676
    0.9244    0.2477    0.2902
   -0.2979   -0.0067    0.9546
...   592 T-A ...
 -133.7168  129.1056 1927.8804
    0.7173   -0.6753    0.1717
    0.6329    0.7345    0.2450
   -0.2915   -0.0671    0.9542
...   593 T-A ...
 -134.7035  128.6172 1930.9670
    0.9527   -0.1261    0.2765
    0.0916    0.9867    0.1344
   -0.2898   -0.1027    0.9516
...   594 T-A ...
 -135.5259  128.0385 1934.0860
    0.8319    0.4680    0.2982
   -0.4858    0.8739   -0.0164
   -0.2683   -0.1313    0.9544
...   595 T-A ...
 -136.1653  127.4825 1937.2517
    0.3994    0.8878    0.2287
   -0.8862    0.4378   -0.1518
   -0.2349   -0.1421    0.9616
...   596 G-C ...
 -137.0903  127.3590 1940.5093
   -0.1589    0.9873    0.0045
   -0.9623   -0.1539   -0.2245
   -0.2209   -0.0400    0.9745
...   597 A-T ...
 -137.7758  127.0778 1943.7876
   -0.6618    0.7240   -0.1945
   -0.6982   -0.6897   -0.1919
   -0.2731    0.0089    0.9619
...   598 T-A ...
 -138.3908  127.5679 1947.1323
   -0.9339    0.2619   -0.2433
   -0.2525   -0.9651   -0.0696
   -0.2530   -0.0036    0.9675
...   599 G-C ...
 -139.5595  127.3639 1950.3064
   -0.8799   -0.3388   -0.3332
    0.3194   -0.9408    0.1132
   -0.3519   -0.0069    0.9360
...   600 G-C ...
 -141.0374  127.6567 1953.2576
   -0.5367   -0.7964   -0.2787
    0.7441   -0.6025    0.2887
   -0.3978   -0.0524    0.9160
...   601 A-T ...
 -142.3150  127.6232 1956.3662
    0.0126   -0.9914   -0.1302
    0.9194   -0.0398    0.3914
   -0.3932   -0.1247    0.9109
...   602 G-C ...
 -143.7840  126.9421 1959.3477
    0.5344   -0.8438    0.0493
    0.7672    0.5087    0.3908
   -0.3548   -0.1710    0.9192
...   603 C-G ...
 -145.0090  126.2998 1962.4326
    0.8781   -0.4072    0.2511
    0.3302    0.8957    0.2978
   -0.3462   -0.1786    0.9210
...   604 A-T ...
 -146.1565  125.8707 1965.5920
    0.9381    0.1988    0.2835
   -0.2426    0.9616    0.1283
   -0.2472   -0.1891    0.9503
...   605 G-C ...
 -146.7017  125.1347 1968.8588
    0.6679    0.7010    0.2501
   -0.7128    0.6991   -0.0558
   -0.2140   -0.1409    0.9666
...   606 T-A ...
 -147.0241  124.2291 1972.1609
    0.1992    0.9647    0.1721
   -0.9599    0.2274   -0.1637
   -0.1971   -0.1326    0.9714
...   607 T-A ...
 -147.4195  123.8911 1975.3965
   -0.3913    0.9194    0.0405
   -0.9049   -0.3764   -0.1985
   -0.1673   -0.1144    0.9793
...   608 T-A ...
 -147.8198  123.7429 1978.6457
   -0.8415    0.5332   -0.0870
   -0.5180   -0.8420   -0.1507
   -0.1536   -0.0817    0.9848
...   609 C-G ...
 -148.6813  123.6401 1981.8928
   -0.9763   -0.0393   -0.2129
    0.0466   -0.9985   -0.0294
   -0.2114   -0.0386    0.9766
...   610 C-G ...
 -149.6497  123.9267 1985.0487
   -0.7765   -0.5763   -0.2549
    0.5669   -0.8155    0.1169
   -0.2752   -0.0537    0.9599
...   611 A-T ...
 -150.4494  123.6230 1988.3275
   -0.2804   -0.9305   -0.2357
    0.9006   -0.3400    0.2709
   -0.3322   -0.1363    0.9333
...   612 A-T ...
 -151.6854  123.2114 1991.3346
    0.2988   -0.9526   -0.0568
    0.9054    0.2642    0.3323
   -0.3016   -0.1507    0.9414
...   613 A-T ...
 -152.8100  122.6564 1994.3623
    0.7735   -0.6214    0.1246
    0.5737    0.7701    0.2789
   -0.2692   -0.1442    0.9522
...   614 T-A ...
 -153.9524  121.6746 1997.4504
    0.9523   -0.1357    0.2732
    0.0917    0.9816    0.1677
   -0.2910   -0.1347    0.9472
...   615 A-T ...
 -154.7866  121.2813 2000.6607
    0.8442    0.4813    0.2359
   -0.4955    0.8686    0.0013
   -0.2043   -0.1180    0.9718
...   616 C-G ...
 -154.9508  120.6793 2004.0427
    0.4643    0.8663    0.1840
   -0.8625    0.4895   -0.1285
   -0.2014   -0.0990    0.9745
...   617 A-T ...
 -155.8040  120.3968 2007.3100
   -0.0956    0.9952   -0.0203
   -0.9786   -0.0977   -0.1810
   -0.1821    0.0026    0.9833
...   618 C-G ...
 -156.0292  120.8161 2010.7160
   -0.5896    0.7971   -0.1300
   -0.7830   -0.6036   -0.1500
   -0.1980    0.0133    0.9801
...   619 T-A ...
 -156.4939  121.0977 2014.0651
   -0.9117    0.3371   -0.2350
   -0.3433   -0.9391   -0.0154
   -0.2259    0.0666    0.9719
...   620 T-A ...
 -157.2922  121.5798 2017.2068
   -0.9411   -0.2681   -0.2059
    0.2385   -0.9583    0.1576
   -0.2396    0.0992    0.9658
...   621 T-A ...
 -158.2717  122.0806 2020.2937
   -0.6287   -0.7733   -0.0821
    0.7296   -0.6232    0.2816
   -0.2690    0.1172    0.9560
...   622 T-A ...
 -159.4113  122.4872 2023.3393
   -0.0898   -0.9918    0.0906
    0.9487   -0.0575    0.3110
   -0.3032    0.1139    0.9461
...   623 G-C ...
 -160.1991  122.5915 2026.6333
    0.4998   -0.8515    0.1585
    0.8191    0.5241    0.2333
   -0.2817    0.0133    0.9594
...   624 G-C ...
 -161.3532  122.2328 2029.7186
    0.8835   -0.4256    0.1960
    0.4090    0.9045    0.1206
   -0.2286   -0.0264    0.9732
...   625 T-A ...
 -162.3897  121.6221 2032.9405
    0.9696    0.1105    0.2182
   -0.1166    0.9931    0.0151
   -0.2150   -0.0401    0.9758
...   626 A-T ...
 -162.9840  121.5790 2036.2271
    0.7288    0.6775    0.0993
   -0.6717    0.7355   -0.0887
   -0.1331   -0.0020    0.9911
...   627 G-C ...
 -163.1329  121.6389 2039.6162
    0.2523    0.9673   -0.0247
   -0.9593    0.2467   -0.1375
   -0.1269    0.0584    0.9902
...   628 T-A ...
 -163.0054  121.6681 2043.0528
   -0.2849    0.9528   -0.1051
   -0.9515   -0.2944   -0.0894
   -0.1161    0.0745    0.9904
...   629 A-T ...
 -163.5039  122.0239 2046.3363
   -0.7795    0.5853   -0.2232
   -0.6036   -0.7971    0.0179
   -0.1674    0.1487    0.9746
...   630 T-A ...
 -163.8258  123.0316 2049.6054
   -0.9831    0.0909   -0.1588
   -0.1113   -0.9859    0.1246
   -0.1452    0.1402    0.9794
...   631 C-G ...
 -164.6966  123.4918 2052.8188
   -0.8606   -0.4963   -0.1143
    0.4615   -0.8548    0.2372
   -0.2154    0.1514    0.9647
...   632 T-A ...
 -165.6210  124.2355 2055.9975
   -0.4586   -0.8886   -0.0099
    0.8463   -0.4402    0.2999
   -0.2709    0.1291    0.9539
...   633 G-C ...
 -166.4256  124.3147 2059.2882
    0.1378   -0.9880    0.0695
    0.9473    0.1519    0.2820
   -0.2892    0.0270    0.9569
...   634 C-G ...
 -167.4553  124.3576 2062.5080
    0.6518   -0.7299    0.2059
    0.7030    0.6834    0.1968
   -0.2843    0.0165    0.9586
...   635 A-T ...
 -168.3183  124.5639 2065.7784
    0.9611   -0.2047    0.1852
    0.1944    0.9782    0.0725
   -0.1960   -0.0337    0.9800
...   636 G-C ...
 -168.7529  124.2421 2069.1279
    0.9219    0.3630    0.1356
   -0.3597    0.9318   -0.0492
   -0.1442   -0.0034    0.9895
...   637 G-C ...
 -168.8767  123.9245 2072.4239
    0.5828    0.8123    0.0205
   -0.8070    0.5816   -0.1030
   -0.0956    0.0434    0.9945
...   638 T-A ...
 -168.7406  123.7101 2075.8536
    0.0760    0.9959   -0.0485
   -0.9939    0.0718   -0.0835
   -0.0797    0.0546    0.9953
...   639 G-C ...
 -169.2582  124.1782 2079.1696
   -0.4991    0.8465   -0.1854
   -0.8605   -0.5093   -0.0088
   -0.1019    0.1552    0.9826
...   640 A-T ...
 -169.4951  124.5857 2082.4973
   -0.8912    0.3923   -0.2280
   -0.4211   -0.9022    0.0936
   -0.1690    0.1794    0.9692
...   641 T-A ...
 -169.9350  125.7340 2085.7057
   -0.9840   -0.1278   -0.1238
    0.1027   -0.9760    0.1918
   -0.1453    0.1761    0.9736
...   642 T-A ...
 -170.5824  126.5112 2088.8228
   -0.7428   -0.6695    0.0046
    0.6469   -0.7160    0.2624
   -0.1724    0.1979    0.9649
...   643 C-G ...
 -171.4176  126.8812 2092.0573
   -0.2294   -0.9683    0.0991
    0.9460   -0.1979    0.2567
   -0.2289    0.1527    0.9614
...   644 T-A ...
 -172.4973  127.3967 2095.2322
    0.3345   -0.9251    0.1794
    0.9084    0.3673    0.2000
   -0.2509    0.0961    0.9632
...   645 C-G ...
 -173.1656  127.3748 2098.5260
    0.8067   -0.5536    0.2067
    0.5440    0.8324    0.1059
   -0.2307    0.0270    0.9726
...   646 C-G ...
 -173.9404  126.9650 2101.7216
    0.9855   -0.0088    0.1697
    0.0088    1.0000    0.0009
   -0.1697    0.0006    0.9855
...   647 A-T ...
 -174.5522  127.1451 2105.0496
    0.8241    0.5650    0.0410
   -0.5620    0.8245   -0.0665
   -0.0713    0.0317    0.9969
...   648 G-C ...
 -174.4840  127.2750 2108.4393
    0.3881    0.9196   -0.0617
   -0.9199    0.3824   -0.0871
   -0.0565    0.0906    0.9943
