8845 1097 37 -1.0 -659.0 -659.0 -659.0
8846 1098 37 -1.0 -659.0 -659.0 -589.0
8847 1099 37 -1.0 -659.0 -659.0 -519.0
8848 1100 37 -1.0 -659.0 -659.0 -449.0
8849 1101 37 -1.0 -659.0 -659.0 -379.0
8850 1102 37 -1.0 -659.0 -659.0 -309.0
8851 1103 37 -1.0 -659.0 -659.0 -239.0
8852 1104 37 -1.0 -659.0 -659.0 -169.0
8853 1105 37 -1.0 -659.0 -659.0 -99.0
8854 1106 37 -1.0 -659.0 -659.0 -29.0
8855 1107 37 -1.0 -659.0 -659.0 41.0
8856 1108 37 -1.0 -659.0 -659.0 111.0
8857 1109 37 -1.0 -659.0 -659.0 181.0
8858 1110 37 -1.0 -659.0 -659.0 251.0
8859 1111 37 -1.0 -659.0 -659.0 321.0
8860 1112 37 -1.0 -659.0 -659.0 391.0
8861 1113 37 -1.0 -659.0 -659.0 461.0
8862 1114 37 -1.0 -659.0 -659.0 531.0
8863 1115 37 -1.0 -659.0 -659.0 601.0
8864 1116 37 -1.0 -659.0 -659.0 671.0
8865 1117 37 -1.0 -659.0 -589.0 -659.0
8866 1118 37 -1.0 -659.0 -589.0 -589.0
8867 1119 37 -1.0 -659.0 -589.0 -519.0
8868 1120 37 -1.0 -659.0 -589.0 -449.0
8869 1121 37 -1.0 -659.0 -589.0 -379.0
8870 1122 37 -1.0 -659.0 -589.0 -309.0
8871 1123 37 -1.0 -659.0 -589.0 -239.0
8872 1124 37 -1.0 -659.0 -589.0 -169.0
8873 1125 37 -1.0 -659.0 -589.0 -99.0
8874 1126 37 -1.0 -659.0 -589.0 -29.0
8875 1127 37 -1.0 -659.0 -589.0 41.0
8876 1128 37 -1.0 -659.0 -589.0 111.0
8877 1129 37 -1.0 -659.0 -589.0 181.0
8878 1130 37 -1.0 -659.0 -589.0 251.0
8879 1131 37 -1.0 -659.0 -589.0 321.0
8880 1132 37 -1.0 -659.0 -589.0 391.0
8881 1133 37 -1.0 -659.0 -589.0 461.0
8882 1134 37 -1.0 -659.0 -589.0 531.0
8883 1135 37 -1.0 -659.0 -589.0 601.0
8884 1136 37 -1.0 -659.0 -589.0 671.0
8885 1137 37 -1.0 -659.0 -519.0 -659.0
8886 1138 37 -1.0 -659.0 -519.0 -589.0
8887 1139 37 -1.0 -659.0 -519.0 -519.0
8888 1140 37 -1.0 -659.0 -519.0 -449.0
8889 1141 37 -1.0 -659.0 -519.0 -379.0
8890 1142 37 -1.0 -659.0 -519.0 -309.0
8891 1143 37 -1.0 -659.0 -519.0 -239.0
8892 1144 37 -1.0 -659.0 -519.0 -169.0
8893 1145 37 -1.0 -659.0 -519.0 -99.0
8894 1146 37 -1.0 -659.0 -519.0 -29.0
8895 1147 37 -1.0 -659.0 -519.0 41.0
8896 1148 37 -1.0 -659.0 -519.0 111.0
8897 1149 37 -1.0 -659.0 -519.0 181.0
8898 1150 37 -1.0 -659.0 -519.0 251.0
8899 1151 37 -1.0 -659.0 -519.0 321.0
8900 1152 37 -1.0 -659.0 -519.0 391.0
8901 1153 37 -1.0 -659.0 -519.0 461.0
8902 1154 37 -1.0 -659.0 -519.0 531.0
8903 1155 37 -1.0 -659.0 -519.0 601.0
8904 1156 37 -1.0 -659.0 -519.0 671.0
8905 1157 37 -1.0 -659.0 -449.0 -659.0
8906 1158 37 -1.0 -659.0 -449.0 -589.0
8907 1159 37 -1.0 -659.0 -449.0 -519.0
8908 1160 37 -1.0 -659.0 -449.0 -449.0
8909 1161 37 -1.0 -659.0 -449.0 -379.0
8910 1162 37 -1.0 -659.0 -449.0 -309.0
8911 1163 37 -1.0 -659.0 -449.0 -239.0
8912 1164 37 -1.0 -659.0 -449.0 -169.0
8913 1165 37 -1.0 -659.0 -449.0 -99.0
8914 1166 37 -1.0 -659.0 -449.0 -29.0
8915 1167 37 -1.0 -659.0 -449.0 41.0
8916 1168 37 -1.0 -659.0 -449.0 111.0
8917 1169 37 -1.0 -659.0 -449.0 181.0
8918 1170 37 -1.0 -659.0 -449.0 251.0
8919 1171 37 -1.0 -659.0 -449.0 321.0
8920 1172 37 -1.0 -659.0 -449.0 391.0
8921 1173 37 -1.0 -659.0 -449.0 461.0
8922 1174 37 -1.0 -659.0 -449.0 531.0
8923 1175 37 -1.0 -659.0 -449.0 601.0
8924 1176 37 -1.0 -659.0 -449.0 671.0
8925 1177 37 -1.0 -659.0 -379.0 -659.0
8926 1178 37 -1.0 -659.0 -379.0 -589.0
8927 1179 37 -1.0 -659.0 -379.0 -519.0
8928 1180 37 -1.0 -659.0 -379.0 -449.0
8929 1181 37 -1.0 -659.0 -379.0 -379.0
8930 1182 37 -1.0 -659.0 -379.0 -309.0
8931 1183 37 -1.0 -659.0 -379.0 -239.0
8932 1184 37 -1.0 -659.0 -379.0 -169.0
8933 1185 37 -1.0 -659.0 -379.0 -99.0
8934 1186 37 -1.0 -659.0 -379.0 -29.0
8935 1187 37 -1.0 -659.0 -379.0 41.0
8936 1188 37 -1.0 -659.0 -379.0 111.0
8937 1189 37 -1.0 -659.0 -379.0 181.0
8938 1190 37 -1.0 -659.0 -379.0 251.0
8939 1191 37 -1.0 -659.0 -379.0 321.0
8940 1192 37 -1.0 -659.0 -379.0 391.0
8941 1193 37 -1.0 -659.0 -379.0 461.0
8942 1194 37 -1.0 -659.0 -379.0 531.0
8943 1195 37 -1.0 -659.0 -379.0 601.0
8944 1196 37 -1.0 -659.0 -379.0 671.0
8945 1197 37 -1.0 -659.0 -309.0 -659.0
8946 1198 37 -1.0 -659.0 -309.0 -589.0
8947 1199 37 -1.0 -659.0 -309.0 -519.0
8948 1200 37 -1.0 -659.0 -309.0 -449.0
8949 1201 37 -1.0 -659.0 -309.0 -379.0
8950 1202 37 -1.0 -659.0 -309.0 -309.0
8951 1203 37 -1.0 -659.0 -309.0 -239.0
8952 1204 37 -1.0 -659.0 -309.0 -169.0
8953 1205 37 -1.0 -659.0 -309.0 -99.0
8954 1206 37 -1.0 -659.0 -309.0 -29.0
8955 1207 37 -1.0 -659.0 -309.0 41.0
8956 1208 37 -1.0 -659.0 -309.0 111.0
8957 1209 37 -1.0 -659.0 -309.0 181.0
8958 1210 37 -1.0 -659.0 -309.0 251.0
8959 1211 37 -1.0 -659.0 -309.0 321.0
8960 1212 37 -1.0 -659.0 -309.0 391.0
8961 1213 37 -1.0 -659.0 -309.0 461.0
8962 1214 37 -1.0 -659.0 -309.0 531.0
8963 1215 37 -1.0 -659.0 -309.0 601.0
8964 1216 37 -1.0 -659.0 -309.0 671.0
8965 1217 37 -1.0 -659.0 -239.0 -659.0
8966 1218 37 -1.0 -659.0 -239.0 -589.0
8967 1219 37 -1.0 -659.0 -239.0 -519.0
8968 1220 37 -1.0 -659.0 -239.0 -449.0
8969 1221 37 -1.0 -659.0 -239.0 -379.0
8970 1222 37 -1.0 -659.0 -239.0 -309.0
8971 1223 37 -1.0 -659.0 -239.0 -239.0
8972 1224 37 -1.0 -659.0 -239.0 -169.0
8973 1225 37 -1.0 -659.0 -239.0 -99.0
8974 1226 37 -1.0 -659.0 -239.0 -29.0
8975 1227 37 -1.0 -659.0 -239.0 41.0
8976 1228 37 -1.0 -659.0 -239.0 111.0
8977 1229 37 -1.0 -659.0 -239.0 181.0
8978 1230 37 -1.0 -659.0 -239.0 251.0
8979 1231 37 -1.0 -659.0 -239.0 321.0
8980 1232 37 -1.0 -659.0 -239.0 391.0
8981 1233 37 -1.0 -659.0 -239.0 461.0
8982 1234 37 -1.0 -659.0 -239.0 531.0
8983 1235 37 -1.0 -659.0 -239.0 601.0
8984 1236 37 -1.0 -659.0 -239.0 671.0
8985 1237 37 -1.0 -659.0 -169.0 -659.0
8986 1238 37 -1.0 -659.0 -169.0 -589.0
8987 1239 37 -1.0 -659.0 -169.0 -519.0
8988 1240 37 -1.0 -659.0 -169.0 -449.0
8989 1241 37 -1.0 -659.0 -169.0 -379.0
8990 1242 37 -1.0 -659.0 -169.0 -309.0
8991 1243 37 -1.0 -659.0 -169.0 -239.0
8992 1244 37 -1.0 -659.0 -169.0 -169.0
8993 1245 37 -1.0 -659.0 -169.0 -99.0
8994 1246 37 -1.0 -659.0 -169.0 -29.0
8995 1247 37 -1.0 -659.0 -169.0 41.0
8996 1248 37 -1.0 -659.0 -169.0 111.0
8997 1249 37 -1.0 -659.0 -169.0 181.0
8998 1250 37 -1.0 -659.0 -169.0 251.0
8999 1251 37 -1.0 -659.0 -169.0 321.0
9000 1252 37 -1.0 -659.0 -169.0 391.0
9001 1253 37 -1.0 -659.0 -169.0 461.0
9002 1254 37 -1.0 -659.0 -169.0 531.0
9003 1255 37 -1.0 -659.0 -169.0 601.0
9004 1256 37 -1.0 -659.0 -169.0 671.0
9005 1257 37 -1.0 -659.0 -99.0 -659.0
9006 1258 37 -1.0 -659.0 -99.0 -589.0
9007 1259 37 -1.0 -659.0 -99.0 -519.0
9008 1260 37 -1.0 -659.0 -99.0 -449.0
9009 1261 37 -1.0 -659.0 -99.0 -379.0
9010 1262 37 -1.0 -659.0 -99.0 -309.0
9011 1263 37 -1.0 -659.0 -99.0 -239.0
9012 1264 37 -1.0 -659.0 -99.0 -169.0
9013 1265 37 -1.0 -659.0 -99.0 -99.0
9014 1266 37 -1.0 -659.0 -99.0 -29.0
9015 1267 37 -1.0 -659.0 -99.0 41.0
9016 1268 37 -1.0 -659.0 -99.0 111.0
9017 1269 37 -1.0 -659.0 -99.0 181.0
9018 1270 37 -1.0 -659.0 -99.0 251.0
9019 1271 37 -1.0 -659.0 -99.0 321.0
9020 1272 37 -1.0 -659.0 -99.0 391.0
9021 1273 37 -1.0 -659.0 -99.0 461.0
9022 1274 37 -1.0 -659.0 -99.0 531.0
9023 1275 37 -1.0 -659.0 -99.0 601.0
9024 1276 37 -1.0 -659.0 -99.0 671.0
9025 1277 37 -1.0 -659.0 -29.0 -659.0
9026 1278 37 -1.0 -659.0 -29.0 -589.0
9027 1279 37 -1.0 -659.0 -29.0 -519.0
9028 1280 37 -1.0 -659.0 -29.0 -449.0
9029 1281 37 -1.0 -659.0 -29.0 -379.0
9030 1282 37 -1.0 -659.0 -29.0 -309.0
9031 1283 37 -1.0 -659.0 -29.0 -239.0
9032 1284 37 -1.0 -659.0 -29.0 -169.0
9033 1285 37 -1.0 -659.0 -29.0 -99.0
9034 1286 37 -1.0 -659.0 -29.0 -29.0
9035 1287 37 -1.0 -659.0 -29.0 41.0
9036 1288 37 -1.0 -659.0 -29.0 111.0
9037 1289 37 -1.0 -659.0 -29.0 181.0
9038 1290 37 -1.0 -659.0 -29.0 251.0
9039 1291 37 -1.0 -659.0 -29.0 321.0
9040 1292 37 -1.0 -659.0 -29.0 391.0
9041 1293 37 -1.0 -659.0 -29.0 461.0
9042 1294 37 -1.0 -659.0 -29.0 531.0
9043 1295 37 -1.0 -659.0 -29.0 601.0
9044 1296 37 -1.0 -659.0 -29.0 671.0
9045 1297 37 -1.0 -659.0 41.0 -659.0
9046 1298 37 -1.0 -659.0 41.0 -589.0
9047 1299 37 -1.0 -659.0 41.0 -519.0
9048 1300 37 -1.0 -659.0 41.0 -449.0
9049 1301 37 -1.0 -659.0 41.0 -379.0
9050 1302 37 -1.0 -659.0 41.0 -309.0
9051 1303 37 -1.0 -659.0 41.0 -239.0
9052 1304 37 -1.0 -659.0 41.0 -169.0
9053 1305 37 -1.0 -659.0 41.0 -99.0
9054 1306 37 -1.0 -659.0 41.0 -29.0
9055 1307 37 -1.0 -659.0 41.0 41.0
9056 1308 37 -1.0 -659.0 41.0 111.0
9057 1309 37 -1.0 -659.0 41.0 181.0
9058 1310 37 -1.0 -659.0 41.0 251.0
9059 1311 37 -1.0 -659.0 41.0 321.0
9060 1312 37 -1.0 -659.0 41.0 391.0
9061 1313 37 -1.0 -659.0 41.0 461.0
9062 1314 37 -1.0 -659.0 41.0 531.0
9063 1315 37 -1.0 -659.0 41.0 601.0
9064 1316 37 -1.0 -659.0 41.0 671.0
9065 1317 37 -1.0 -659.0 111.0 -659.0
9066 1318 37 -1.0 -659.0 111.0 -589.0
9067 1319 37 -1.0 -659.0 111.0 -519.0
9068 1320 37 -1.0 -659.0 111.0 -449.0
9069 1321 37 -1.0 -659.0 111.0 -379.0
9070 1322 37 -1.0 -659.0 111.0 -309.0
9071 1323 37 -1.0 -659.0 111.0 -239.0
9072 1324 37 -1.0 -659.0 111.0 -169.0
9073 1325 37 -1.0 -659.0 111.0 -99.0
9074 1326 37 -1.0 -659.0 111.0 -29.0
9075 1327 37 -1.0 -659.0 111.0 41.0
9076 1328 37 -1.0 -659.0 111.0 111.0
9077 1329 37 -1.0 -659.0 111.0 181.0
9078 1330 37 -1.0 -659.0 111.0 251.0
9079 1331 37 -1.0 -659.0 111.0 321.0
9080 1332 37 -1.0 -659.0 111.0 391.0
9081 1333 37 -1.0 -659.0 111.0 461.0
9082 1334 37 -1.0 -659.0 111.0 531.0
9083 1335 37 -1.0 -659.0 111.0 601.0
9084 1336 37 -1.0 -659.0 111.0 671.0
9085 1337 37 -1.0 -659.0 181.0 -659.0
9086 1338 37 -1.0 -659.0 181.0 -589.0
9087 1339 37 -1.0 -659.0 181.0 -519.0
9088 1340 37 -1.0 -659.0 181.0 -449.0
9089 1341 37 -1.0 -659.0 181.0 -379.0
9090 1342 37 -1.0 -659.0 181.0 -309.0
9091 1343 37 -1.0 -659.0 181.0 -239.0
9092 1344 37 -1.0 -659.0 181.0 -169.0
9093 1345 37 -1.0 -659.0 181.0 -99.0
9094 1346 37 -1.0 -659.0 181.0 -29.0
9095 1347 37 -1.0 -659.0 181.0 41.0
9096 1348 37 -1.0 -659.0 181.0 111.0
9097 1349 37 -1.0 -659.0 181.0 181.0
9098 1350 37 -1.0 -659.0 181.0 251.0
9099 1351 37 -1.0 -659.0 181.0 321.0
9100 1352 37 -1.0 -659.0 181.0 391.0
9101 1353 37 -1.0 -659.0 181.0 461.0
9102 1354 37 -1.0 -659.0 181.0 531.0
9103 1355 37 -1.0 -659.0 181.0 601.0
9104 1356 37 -1.0 -659.0 181.0 671.0
9105 1357 37 -1.0 -659.0 251.0 -659.0
9106 1358 37 -1.0 -659.0 251.0 -589.0
9107 1359 37 -1.0 -659.0 251.0 -519.0
9108 1360 37 -1.0 -659.0 251.0 -449.0
9109 1361 37 -1.0 -659.0 251.0 -379.0
9110 1362 37 -1.0 -659.0 251.0 -309.0
9111 1363 37 -1.0 -659.0 251.0 -239.0
9112 1364 37 -1.0 -659.0 251.0 -169.0
9113 1365 37 -1.0 -659.0 251.0 -99.0
9114 1366 37 -1.0 -659.0 251.0 -29.0
9115 1367 37 -1.0 -659.0 251.0 41.0
9116 1368 37 -1.0 -659.0 251.0 111.0
9117 1369 37 -1.0 -659.0 251.0 181.0
9118 1370 37 -1.0 -659.0 251.0 251.0
9119 1371 37 -1.0 -659.0 251.0 321.0
9120 1372 37 -1.0 -659.0 251.0 391.0
9121 1373 37 -1.0 -659.0 251.0 461.0
9122 1374 37 -1.0 -659.0 251.0 531.0
9123 1375 37 -1.0 -659.0 251.0 601.0
9124 1376 37 -1.0 -659.0 251.0 671.0
9125 1377 37 -1.0 -659.0 321.0 -659.0
9126 1378 37 -1.0 -659.0 321.0 -589.0
9127 1379 37 -1.0 -659.0 321.0 -519.0
9128 1380 37 -1.0 -659.0 321.0 -449.0
9129 1381 37 -1.0 -659.0 321.0 -379.0
9130 1382 37 -1.0 -659.0 321.0 -309.0
9131 1383 37 -1.0 -659.0 321.0 -239.0
9132 1384 37 -1.0 -659.0 321.0 -169.0
9133 1385 37 -1.0 -659.0 321.0 -99.0
9134 1386 37 -1.0 -659.0 321.0 -29.0
9135 1387 37 -1.0 -659.0 321.0 41.0
9136 1388 37 -1.0 -659.0 321.0 111.0
9137 1389 37 -1.0 -659.0 321.0 181.0
9138 1390 37 -1.0 -659.0 321.0 251.0
9139 1391 37 -1.0 -659.0 321.0 321.0
9140 1392 37 -1.0 -659.0 321.0 391.0
9141 1393 37 -1.0 -659.0 321.0 461.0
9142 1394 37 -1.0 -659.0 321.0 531.0
9143 1395 37 -1.0 -659.0 321.0 601.0
9144 1396 37 -1.0 -659.0 321.0 671.0
9145 1397 37 -1.0 -659.0 391.0 -659.0
9146 1398 37 -1.0 -659.0 391.0 -589.0
9147 1399 37 -1.0 -659.0 391.0 -519.0
9148 1400 37 -1.0 -659.0 391.0 -449.0
9149 1401 37 -1.0 -659.0 391.0 -379.0
9150 1402 37 -1.0 -659.0 391.0 -309.0
9151 1403 37 -1.0 -659.0 391.0 -239.0
9152 1404 37 -1.0 -659.0 391.0 -169.0
9153 1405 37 -1.0 -659.0 391.0 -99.0
9154 1406 37 -1.0 -659.0 391.0 -29.0
9155 1407 37 -1.0 -659.0 391.0 41.0
9156 1408 37 -1.0 -659.0 391.0 111.0
9157 1409 37 -1.0 -659.0 391.0 181.0
9158 1410 37 -1.0 -659.0 391.0 251.0
9159 1411 37 -1.0 -659.0 391.0 321.0
9160 1412 37 -1.0 -659.0 391.0 391.0
9161 1413 37 -1.0 -659.0 391.0 461.0
9162 1414 37 -1.0 -659.0 391.0 531.0
9163 1415 37 -1.0 -659.0 391.0 601.0
9164 1416 37 -1.0 -659.0 391.0 671.0
9165 1417 37 -1.0 -659.0 461.0 -659.0
9166 1418 37 -1.0 -659.0 461.0 -589.0
9167 1419 37 -1.0 -659.0 461.0 -519.0
9168 1420 37 -1.0 -659.0 461.0 -449.0
9169 1421 37 -1.0 -659.0 461.0 -379.0
9170 1422 37 -1.0 -659.0 461.0 -309.0
9171 1423 37 -1.0 -659.0 461.0 -239.0
9172 1424 37 -1.0 -659.0 461.0 -169.0
9173 1425 37 -1.0 -659.0 461.0 -99.0
9174 1426 37 -1.0 -659.0 461.0 -29.0
9175 1427 37 -1.0 -659.0 461.0 41.0
9176 1428 37 -1.0 -659.0 461.0 111.0
9177 1429 37 -1.0 -659.0 461.0 181.0
9178 1430 37 -1.0 -659.0 461.0 251.0
9179 1431 37 -1.0 -659.0 461.0 321.0
9180 1432 37 -1.0 -659.0 461.0 391.0
9181 1433 37 -1.0 -659.0 461.0 461.0
9182 1434 37 -1.0 -659.0 461.0 531.0
9183 1435 37 -1.0 -659.0 461.0 601.0
9184 1436 37 -1.0 -659.0 461.0 671.0
9185 1437 37 -1.0 -659.0 531.0 -659.0
9186 1438 37 -1.0 -659.0 531.0 -589.0
9187 1439 37 -1.0 -659.0 531.0 -519.0
9188 1440 37 -1.0 -659.0 531.0 -449.0
9189 1441 37 -1.0 -659.0 531.0 -379.0
9190 1442 37 -1.0 -659.0 531.0 -309.0
9191 1443 37 -1.0 -659.0 531.0 -239.0
9192 1444 37 -1.0 -659.0 531.0 -169.0
9193 1445 37 -1.0 -659.0 531.0 -99.0
9194 1446 37 -1.0 -659.0 531.0 -29.0
9195 1447 37 -1.0 -659.0 531.0 41.0
9196 1448 37 -1.0 -659.0 531.0 111.0
9197 1449 37 -1.0 -659.0 531.0 181.0
9198 1450 37 -1.0 -659.0 531.0 251.0
9199 1451 37 -1.0 -659.0 531.0 321.0
9200 1452 37 -1.0 -659.0 531.0 391.0
9201 1453 37 -1.0 -659.0 531.0 461.0
9202 1454 37 -1.0 -659.0 531.0 531.0
9203 1455 37 -1.0 -659.0 531.0 601.0
9204 1456 37 -1.0 -659.0 531.0 671.0
9205 1457 37 -1.0 -659.0 601.0 -659.0
9206 1458 37 -1.0 -659.0 601.0 -589.0
9207 1459 37 -1.0 -659.0 601.0 -519.0
9208 1460 37 -1.0 -659.0 601.0 -449.0
9209 1461 37 -1.0 -659.0 601.0 -379.0
9210 1462 37 -1.0 -659.0 601.0 -309.0
9211 1463 37 -1.0 -659.0 601.0 -239.0
9212 1464 37 -1.0 -659.0 601.0 -169.0
9213 1465 37 -1.0 -659.0 601.0 -99.0
9214 1466 37 -1.0 -659.0 601.0 -29.0
9215 1467 37 -1.0 -659.0 601.0 41.0
9216 1468 37 -1.0 -659.0 601.0 111.0
9217 1469 37 -1.0 -659.0 601.0 181.0
9218 1470 37 -1.0 -659.0 601.0 251.0
9219 1471 37 -1.0 -659.0 601.0 321.0
9220 1472 37 -1.0 -659.0 601.0 391.0
9221 1473 37 -1.0 -659.0 601.0 461.0
9222 1474 37 -1.0 -659.0 601.0 531.0
9223 1475 37 -1.0 -659.0 601.0 601.0
9224 1476 37 -1.0 -659.0 601.0 671.0
9225 1477 37 -1.0 -659.0 671.0 -659.0
9226 1478 37 -1.0 -659.0 671.0 -589.0
9227 1479 37 -1.0 -659.0 671.0 -519.0
9228 1480 37 -1.0 -659.0 671.0 -449.0
9229 1481 37 -1.0 -659.0 671.0 -379.0
9230 1482 37 -1.0 -659.0 671.0 -309.0
9231 1483 37 -1.0 -659.0 671.0 -239.0
9232 1484 37 -1.0 -659.0 671.0 -169.0
9233 1485 37 -1.0 -659.0 671.0 -99.0
9234 1486 37 -1.0 -659.0 671.0 -29.0
9235 1487 37 -1.0 -659.0 671.0 41.0
9236 1488 37 -1.0 -659.0 671.0 111.0
9237 1489 37 -1.0 -659.0 671.0 181.0
9238 1490 37 -1.0 -659.0 671.0 251.0
9239 1491 37 -1.0 -659.0 671.0 321.0
9240 1492 37 -1.0 -659.0 671.0 391.0
9241 1493 37 -1.0 -659.0 671.0 461.0
9242 1494 37 -1.0 -659.0 671.0 531.0
9243 1495 37 -1.0 -659.0 671.0 601.0
9244 1496 37 -1.0 -659.0 671.0 671.0
9245 1497 37 -1.0 -589.0 -659.0 -659.0
9246 1498 37 -1.0 -589.0 -659.0 -589.0
9247 1499 37 -1.0 -589.0 -659.0 -519.0
9248 1500 37 -1.0 -589.0 -659.0 -449.0
9249 1501 37 -1.0 -589.0 -659.0 -379.0
9250 1502 37 -1.0 -589.0 -659.0 -309.0
9251 1503 37 -1.0 -589.0 -659.0 -239.0
9252 1504 37 -1.0 -589.0 -659.0 -169.0
9253 1505 37 -1.0 -589.0 -659.0 -99.0
9254 1506 37 -1.0 -589.0 -659.0 -29.0
9255 1507 37 -1.0 -589.0 -659.0 41.0
9256 1508 37 -1.0 -589.0 -659.0 111.0
9257 1509 37 -1.0 -589.0 -659.0 181.0
9258 1510 37 -1.0 -589.0 -659.0 251.0
9259 1511 37 -1.0 -589.0 -659.0 321.0
9260 1512 37 -1.0 -589.0 -659.0 391.0
9261 1513 37 -1.0 -589.0 -659.0 461.0
9262 1514 37 -1.0 -589.0 -659.0 531.0
9263 1515 37 -1.0 -589.0 -659.0 601.0
9264 1516 37 -1.0 -589.0 -659.0 671.0
9265 1517 37 -1.0 -589.0 -589.0 -659.0
9266 1518 37 -1.0 -589.0 -589.0 -589.0
9267 1519 37 -1.0 -589.0 -589.0 -519.0
9268 1520 37 -1.0 -589.0 -589.0 -449.0
9269 1521 37 -1.0 -589.0 -589.0 -379.0
9270 1522 37 -1.0 -589.0 -589.0 -309.0
9271 1523 37 -1.0 -589.0 -589.0 -239.0
9272 1524 37 -1.0 -589.0 -589.0 -169.0
9273 1525 37 -1.0 -589.0 -589.0 -99.0
9274 1526 37 -1.0 -589.0 -589.0 -29.0
9275 1527 37 -1.0 -589.0 -589.0 41.0
9276 1528 37 -1.0 -589.0 -589.0 111.0
9277 1529 37 -1.0 -589.0 -589.0 181.0
9278 1530 37 -1.0 -589.0 -589.0 251.0
9279 1531 37 -1.0 -589.0 -589.0 321.0
9280 1532 37 -1.0 -589.0 -589.0 391.0
9281 1533 37 -1.0 -589.0 -589.0 461.0
9282 1534 37 -1.0 -589.0 -589.0 531.0
9283 1535 37 -1.0 -589.0 -589.0 601.0
9284 1536 37 -1.0 -589.0 -589.0 671.0
9285 1537 37 -1.0 -589.0 -519.0 -659.0
9286 1538 37 -1.0 -589.0 -519.0 -589.0
9287 1539 37 -1.0 -589.0 -519.0 -519.0
9288 1540 37 -1.0 -589.0 -519.0 -449.0
9289 1541 37 -1.0 -589.0 -519.0 -379.0
9290 1542 37 -1.0 -589.0 -519.0 -309.0
9291 1543 37 -1.0 -589.0 -519.0 -239.0
9292 1544 37 -1.0 -589.0 -519.0 -169.0
9293 1545 37 -1.0 -589.0 -519.0 -99.0
9294 1546 37 -1.0 -589.0 -519.0 -29.0
9295 1547 37 -1.0 -589.0 -519.0 41.0
9296 1548 37 -1.0 -589.0 -519.0 111.0
9297 1549 37 -1.0 -589.0 -519.0 181.0
9298 1550 37 -1.0 -589.0 -519.0 251.0
9299 1551 37 -1.0 -589.0 -519.0 321.0
9300 1552 37 -1.0 -589.0 -519.0 391.0
9301 1553 37 -1.0 -589.0 -519.0 461.0
9302 1554 37 -1.0 -589.0 -519.0 531.0
9303 1555 37 -1.0 -589.0 -519.0 601.0
9304 1556 37 -1.0 -589.0 -519.0 671.0
9305 1557 37 -1.0 -589.0 -449.0 -659.0
9306 1558 37 -1.0 -589.0 -449.0 -589.0
9307 1559 37 -1.0 -589.0 -449.0 -519.0
9308 1560 37 -1.0 -589.0 -449.0 -449.0
9309 1561 37 -1.0 -589.0 -449.0 -379.0
9310 1562 37 -1.0 -589.0 -449.0 -309.0
9311 1563 37 -1.0 -589.0 -449.0 -239.0
9312 1564 37 -1.0 -589.0 -449.0 -169.0
9313 1565 37 -1.0 -589.0 -449.0 -99.0
9314 1566 37 -1.0 -589.0 -449.0 -29.0
9315 1567 37 -1.0 -589.0 -449.0 41.0
9316 1568 37 -1.0 -589.0 -449.0 111.0
9317 1569 37 -1.0 -589.0 -449.0 181.0
9318 1570 37 -1.0 -589.0 -449.0 251.0
9319 1571 37 -1.0 -589.0 -449.0 321.0
9320 1572 37 -1.0 -589.0 -449.0 391.0
9321 1573 37 -1.0 -589.0 -449.0 461.0
9322 1574 37 -1.0 -589.0 -449.0 531.0
9323 1575 37 -1.0 -589.0 -449.0 601.0
9324 1576 37 -1.0 -589.0 -449.0 671.0
9325 1577 37 -1.0 -589.0 -379.0 -659.0
9326 1578 37 -1.0 -589.0 -379.0 -589.0
9327 1579 37 -1.0 -589.0 -379.0 -519.0
9328 1580 37 -1.0 -589.0 -379.0 -449.0
9329 1581 37 -1.0 -589.0 -379.0 -379.0
9330 1582 37 -1.0 -589.0 -379.0 -309.0
9331 1583 37 -1.0 -589.0 -379.0 -239.0
9332 1584 37 -1.0 -589.0 -379.0 -169.0
9333 1585 37 -1.0 -589.0 -379.0 -99.0
9334 1586 37 -1.0 -589.0 -379.0 -29.0
9335 1587 37 -1.0 -589.0 -379.0 41.0
9336 1588 37 -1.0 -589.0 -379.0 111.0
9337 1589 37 -1.0 -589.0 -379.0 181.0
9338 1590 37 -1.0 -589.0 -379.0 251.0
9339 1591 37 -1.0 -589.0 -379.0 321.0
9340 1592 37 -1.0 -589.0 -379.0 391.0
9341 1593 37 -1.0 -589.0 -379.0 461.0
9342 1594 37 -1.0 -589.0 -379.0 531.0
9343 1595 37 -1.0 -589.0 -379.0 601.0
9344 1596 37 -1.0 -589.0 -379.0 671.0
9345 1597 37 -1.0 -589.0 -309.0 -659.0
9346 1598 37 -1.0 -589.0 -309.0 -589.0
9347 1599 37 -1.0 -589.0 -309.0 -519.0
9348 1600 37 -1.0 -589.0 -309.0 -449.0
9349 1601 37 -1.0 -589.0 -309.0 -379.0
9350 1602 37 -1.0 -589.0 -309.0 -309.0
9351 1603 37 -1.0 -589.0 -309.0 -239.0
9352 1604 37 -1.0 -589.0 -309.0 -169.0
9353 1605 37 -1.0 -589.0 -309.0 -99.0
9354 1606 37 -1.0 -589.0 -309.0 -29.0
9355 1607 37 -1.0 -589.0 -309.0 41.0
9356 1608 37 -1.0 -589.0 -309.0 111.0
9357 1609 37 -1.0 -589.0 -309.0 181.0
9358 1610 37 -1.0 -589.0 -309.0 251.0
9359 1611 37 -1.0 -589.0 -309.0 321.0
9360 1612 37 -1.0 -589.0 -309.0 391.0
9361 1613 37 -1.0 -589.0 -309.0 461.0
9362 1614 37 -1.0 -589.0 -309.0 531.0
9363 1615 37 -1.0 -589.0 -309.0 601.0
9364 1616 37 -1.0 -589.0 -309.0 671.0
9365 1617 37 -1.0 -589.0 -239.0 -659.0
9366 1618 37 -1.0 -589.0 -239.0 -589.0
9367 1619 37 -1.0 -589.0 -239.0 -519.0
9368 1620 37 -1.0 -589.0 -239.0 -449.0
9369 1621 37 -1.0 -589.0 -239.0 -379.0
9370 1622 37 -1.0 -589.0 -239.0 -309.0
9371 1623 37 -1.0 -589.0 -239.0 -239.0
9372 1624 37 -1.0 -589.0 -239.0 -169.0
9373 1625 37 -1.0 -589.0 -239.0 -99.0
9374 1626 37 -1.0 -589.0 -239.0 -29.0
9375 1627 37 -1.0 -589.0 -239.0 41.0
9376 1628 37 -1.0 -589.0 -239.0 111.0
9377 1629 37 -1.0 -589.0 -239.0 181.0
9378 1630 37 -1.0 -589.0 -239.0 251.0
9379 1631 37 -1.0 -589.0 -239.0 321.0
9380 1632 37 -1.0 -589.0 -239.0 391.0
9381 1633 37 -1.0 -589.0 -239.0 461.0
9382 1634 37 -1.0 -589.0 -239.0 531.0
9383 1635 37 -1.0 -589.0 -239.0 601.0
9384 1636 37 -1.0 -589.0 -239.0 671.0
9385 1637 37 -1.0 -589.0 -169.0 -659.0
9386 1638 37 -1.0 -589.0 -169.0 -589.0
9387 1639 37 -1.0 -589.0 -169.0 -519.0
9388 1640 37 -1.0 -589.0 -169.0 -449.0
9389 1641 37 -1.0 -589.0 -169.0 -379.0
9390 1642 37 -1.0 -589.0 -169.0 -309.0
9391 1643 37 -1.0 -589.0 -169.0 -239.0
9392 1644 37 -1.0 -589.0 -169.0 -169.0
9393 1645 37 -1.0 -589.0 -169.0 -99.0
9394 1646 37 -1.0 -589.0 -169.0 -29.0
9395 1647 37 -1.0 -589.0 -169.0 41.0
9396 1648 37 -1.0 -589.0 -169.0 111.0
9397 1649 37 -1.0 -589.0 -169.0 181.0
9398 1650 37 -1.0 -589.0 -169.0 251.0
9399 1651 37 -1.0 -589.0 -169.0 321.0
9400 1652 37 -1.0 -589.0 -169.0 391.0
9401 1653 37 -1.0 -589.0 -169.0 461.0
9402 1654 37 -1.0 -589.0 -169.0 531.0
9403 1655 37 -1.0 -589.0 -169.0 601.0
9404 1656 37 -1.0 -589.0 -169.0 671.0
9405 1657 37 -1.0 -589.0 -99.0 -659.0
9406 1658 37 -1.0 -589.0 -99.0 -589.0
9407 1659 37 -1.0 -589.0 -99.0 -519.0
9408 1660 37 -1.0 -589.0 -99.0 -449.0
9409 1661 37 -1.0 -589.0 -99.0 -379.0
9410 1662 37 -1.0 -589.0 -99.0 -309.0
9411 1663 37 -1.0 -589.0 -99.0 -239.0
9412 1664 37 -1.0 -589.0 -99.0 -169.0
9413 1665 37 -1.0 -589.0 -99.0 -99.0
9414 1666 37 -1.0 -589.0 -99.0 -29.0
9415 1667 37 -1.0 -589.0 -99.0 41.0
9416 1668 37 -1.0 -589.0 -99.0 111.0
9417 1669 37 -1.0 -589.0 -99.0 181.0
9418 1670 37 -1.0 -589.0 -99.0 251.0
9419 1671 37 -1.0 -589.0 -99.0 321.0
9420 1672 37 -1.0 -589.0 -99.0 391.0
9421 1673 37 -1.0 -589.0 -99.0 461.0
9422 1674 37 -1.0 -589.0 -99.0 531.0
9423 1675 37 -1.0 -589.0 -99.0 601.0
9424 1676 37 -1.0 -589.0 -99.0 671.0
9425 1677 37 -1.0 -589.0 -29.0 -659.0
9426 1678 37 -1.0 -589.0 -29.0 -589.0
9427 1679 37 -1.0 -589.0 -29.0 -519.0
9428 1680 37 -1.0 -589.0 -29.0 -449.0
9429 1681 37 -1.0 -589.0 -29.0 -379.0
9430 1682 37 -1.0 -589.0 -29.0 -309.0
9431 1683 37 -1.0 -589.0 -29.0 -239.0
9432 1684 37 -1.0 -589.0 -29.0 -169.0
9433 1685 37 -1.0 -589.0 -29.0 -99.0
9434 1686 37 -1.0 -589.0 -29.0 -29.0
9435 1687 37 -1.0 -589.0 -29.0 41.0
9436 1688 37 -1.0 -589.0 -29.0 111.0
9437 1689 37 -1.0 -589.0 -29.0 181.0
9438 1690 37 -1.0 -589.0 -29.0 251.0
9439 1691 37 -1.0 -589.0 -29.0 321.0
9440 1692 37 -1.0 -589.0 -29.0 391.0
9441 1693 37 -1.0 -589.0 -29.0 461.0
9442 1694 37 -1.0 -589.0 -29.0 531.0
9443 1695 37 -1.0 -589.0 -29.0 601.0
9444 1696 37 -1.0 -589.0 -29.0 671.0
9445 1697 37 -1.0 -589.0 41.0 -659.0
9446 1698 37 -1.0 -589.0 41.0 -589.0
9447 1699 37 -1.0 -589.0 41.0 -519.0
9448 1700 37 -1.0 -589.0 41.0 -449.0
9449 1701 37 -1.0 -589.0 41.0 -379.0
9450 1702 37 -1.0 -589.0 41.0 -309.0
9451 1703 37 -1.0 -589.0 41.0 -239.0
9452 1704 37 -1.0 -589.0 41.0 -169.0
9453 1705 37 -1.0 -589.0 41.0 -99.0
9454 1706 37 -1.0 -589.0 41.0 -29.0
9455 1707 37 -1.0 -589.0 41.0 41.0
9456 1708 37 -1.0 -589.0 41.0 111.0
9457 1709 37 -1.0 -589.0 41.0 181.0
9458 1710 37 -1.0 -589.0 41.0 251.0
9459 1711 37 -1.0 -589.0 41.0 321.0
9460 1712 37 -1.0 -589.0 41.0 391.0
9461 1713 37 -1.0 -589.0 41.0 461.0
9462 1714 37 -1.0 -589.0 41.0 531.0
9463 1715 37 -1.0 -589.0 41.0 601.0
9464 1716 37 -1.0 -589.0 41.0 671.0
9465 1717 37 -1.0 -589.0 111.0 -659.0
9466 1718 37 -1.0 -589.0 111.0 -589.0
9467 1719 37 -1.0 -589.0 111.0 -519.0
9468 1720 37 -1.0 -589.0 111.0 -449.0
9469 1721 37 -1.0 -589.0 111.0 -379.0
9470 1722 37 -1.0 -589.0 111.0 -309.0
9471 1723 37 -1.0 -589.0 111.0 -239.0
9472 1724 37 -1.0 -589.0 111.0 -169.0
9473 1725 37 -1.0 -589.0 111.0 -99.0
9474 1726 37 -1.0 -589.0 111.0 -29.0
9475 1727 37 -1.0 -589.0 111.0 41.0
9476 1728 37 -1.0 -589.0 111.0 111.0
9477 1729 37 -1.0 -589.0 111.0 181.0
9478 1730 37 -1.0 -589.0 111.0 251.0
9479 1731 37 -1.0 -589.0 111.0 321.0
9480 1732 37 -1.0 -589.0 111.0 391.0
9481 1733 37 -1.0 -589.0 111.0 461.0
9482 1734 37 -1.0 -589.0 111.0 531.0
9483 1735 37 -1.0 -589.0 111.0 601.0
9484 1736 37 -1.0 -589.0 111.0 671.0
9485 1737 37 -1.0 -589.0 181.0 -659.0
9486 1738 37 -1.0 -589.0 181.0 -589.0
9487 1739 37 -1.0 -589.0 181.0 -519.0
9488 1740 37 -1.0 -589.0 181.0 -449.0
9489 1741 37 -1.0 -589.0 181.0 -379.0
9490 1742 37 -1.0 -589.0 181.0 -309.0
9491 1743 37 -1.0 -589.0 181.0 -239.0
9492 1744 37 -1.0 -589.0 181.0 -169.0
9493 1745 37 -1.0 -589.0 181.0 -99.0
9494 1746 37 -1.0 -589.0 181.0 -29.0
9495 1747 37 -1.0 -589.0 181.0 41.0
9496 1748 37 -1.0 -589.0 181.0 111.0
9497 1749 37 -1.0 -589.0 181.0 181.0
9498 1750 37 -1.0 -589.0 181.0 251.0
9499 1751 37 -1.0 -589.0 181.0 321.0
9500 1752 37 -1.0 -589.0 181.0 391.0
9501 1753 37 -1.0 -589.0 181.0 461.0
9502 1754 37 -1.0 -589.0 181.0 531.0
9503 1755 37 -1.0 -589.0 181.0 601.0
9504 1756 37 -1.0 -589.0 181.0 671.0
9505 1757 37 -1.0 -589.0 251.0 -659.0
9506 1758 37 -1.0 -589.0 251.0 -589.0
9507 1759 37 -1.0 -589.0 251.0 -519.0
9508 1760 37 -1.0 -589.0 251.0 -449.0
9509 1761 37 -1.0 -589.0 251.0 -379.0
9510 1762 37 -1.0 -589.0 251.0 -309.0
9511 1763 37 -1.0 -589.0 251.0 -239.0
9512 1764 37 -1.0 -589.0 251.0 -169.0
9513 1765 37 -1.0 -589.0 251.0 -99.0
9514 1766 37 -1.0 -589.0 251.0 -29.0
9515 1767 37 -1.0 -589.0 251.0 41.0
9516 1768 37 -1.0 -589.0 251.0 111.0
9517 1769 37 -1.0 -589.0 251.0 181.0
9518 1770 37 -1.0 -589.0 251.0 251.0
9519 1771 37 -1.0 -589.0 251.0 321.0
9520 1772 37 -1.0 -589.0 251.0 391.0
9521 1773 37 -1.0 -589.0 251.0 461.0
9522 1774 37 -1.0 -589.0 251.0 531.0
9523 1775 37 -1.0 -589.0 251.0 601.0
9524 1776 37 -1.0 -589.0 251.0 671.0
9525 1777 37 -1.0 -589.0 321.0 -659.0
9526 1778 37 -1.0 -589.0 321.0 -589.0
9527 1779 37 -1.0 -589.0 321.0 -519.0
9528 1780 37 -1.0 -589.0 321.0 -449.0
9529 1781 37 -1.0 -589.0 321.0 -379.0
9530 1782 37 -1.0 -589.0 321.0 -309.0
9531 1783 37 -1.0 -589.0 321.0 -239.0
9532 1784 37 -1.0 -589.0 321.0 -169.0
9533 1785 37 -1.0 -589.0 321.0 -99.0
9534 1786 37 -1.0 -589.0 321.0 -29.0
9535 1787 37 -1.0 -589.0 321.0 41.0
9536 1788 37 -1.0 -589.0 321.0 111.0
9537 1789 37 -1.0 -589.0 321.0 181.0
9538 1790 37 -1.0 -589.0 321.0 251.0
9539 1791 37 -1.0 -589.0 321.0 321.0
9540 1792 37 -1.0 -589.0 321.0 391.0
9541 1793 37 -1.0 -589.0 321.0 461.0
9542 1794 37 -1.0 -589.0 321.0 531.0
9543 1795 37 -1.0 -589.0 321.0 601.0
9544 1796 37 -1.0 -589.0 321.0 671.0
9545 1797 37 -1.0 -589.0 391.0 -659.0
9546 1798 37 -1.0 -589.0 391.0 -589.0
9547 1799 37 -1.0 -589.0 391.0 -519.0
9548 1800 37 -1.0 -589.0 391.0 -449.0
9549 1801 37 -1.0 -589.0 391.0 -379.0
9550 1802 37 -1.0 -589.0 391.0 -309.0
9551 1803 37 -1.0 -589.0 391.0 -239.0
9552 1804 37 -1.0 -589.0 391.0 -169.0
9553 1805 37 -1.0 -589.0 391.0 -99.0
9554 1806 37 -1.0 -589.0 391.0 -29.0
9555 1807 37 -1.0 -589.0 391.0 41.0
9556 1808 37 -1.0 -589.0 391.0 111.0
9557 1809 37 -1.0 -589.0 391.0 181.0
9558 1810 37 -1.0 -589.0 391.0 251.0
9559 1811 37 -1.0 -589.0 391.0 321.0
9560 1812 37 -1.0 -589.0 391.0 391.0
9561 1813 37 -1.0 -589.0 391.0 461.0
9562 1814 37 -1.0 -589.0 391.0 531.0
9563 1815 37 -1.0 -589.0 391.0 601.0
9564 1816 37 -1.0 -589.0 391.0 671.0
9565 1817 37 -1.0 -589.0 461.0 -659.0
9566 1818 37 -1.0 -589.0 461.0 -589.0
9567 1819 37 -1.0 -589.0 461.0 -519.0
9568 1820 37 -1.0 -589.0 461.0 -449.0
9569 1821 37 -1.0 -589.0 461.0 -379.0
9570 1822 37 -1.0 -589.0 461.0 -309.0
9571 1823 37 -1.0 -589.0 461.0 -239.0
9572 1824 37 -1.0 -589.0 461.0 -169.0
9573 1825 37 -1.0 -589.0 461.0 -99.0
9574 1826 37 -1.0 -589.0 461.0 -29.0
9575 1827 37 -1.0 -589.0 461.0 41.0
9576 1828 37 -1.0 -589.0 461.0 111.0
9577 1829 37 -1.0 -589.0 461.0 181.0
9578 1830 37 -1.0 -589.0 461.0 251.0
9579 1831 37 -1.0 -589.0 461.0 321.0
9580 1832 37 -1.0 -589.0 461.0 391.0
9581 1833 37 -1.0 -589.0 461.0 461.0
9582 1834 37 -1.0 -589.0 461.0 531.0
9583 1835 37 -1.0 -589.0 461.0 601.0
9584 1836 37 -1.0 -589.0 461.0 671.0
9585 1837 37 -1.0 -589.0 531.0 -659.0
9586 1838 37 -1.0 -589.0 531.0 -589.0
9587 1839 37 -1.0 -589.0 531.0 -519.0
9588 1840 37 -1.0 -589.0 531.0 -449.0
9589 1841 37 -1.0 -589.0 531.0 -379.0
9590 1842 37 -1.0 -589.0 531.0 -309.0
9591 1843 37 -1.0 -589.0 531.0 -239.0
9592 1844 37 -1.0 -589.0 531.0 -169.0
9593 1845 37 -1.0 -589.0 531.0 -99.0
9594 1846 37 -1.0 -589.0 531.0 -29.0
9595 1847 37 -1.0 -589.0 531.0 41.0
9596 1848 37 -1.0 -589.0 531.0 111.0
9597 1849 37 -1.0 -589.0 531.0 181.0
9598 1850 37 -1.0 -589.0 531.0 251.0
9599 1851 37 -1.0 -589.0 531.0 321.0
9600 1852 37 -1.0 -589.0 531.0 391.0
9601 1853 37 -1.0 -589.0 531.0 461.0
9602 1854 37 -1.0 -589.0 531.0 531.0
9603 1855 37 -1.0 -589.0 531.0 601.0
9604 1856 37 -1.0 -589.0 531.0 671.0
9605 1857 37 -1.0 -589.0 601.0 -659.0
9606 1858 37 -1.0 -589.0 601.0 -589.0
9607 1859 37 -1.0 -589.0 601.0 -519.0
9608 1860 37 -1.0 -589.0 601.0 -449.0
9609 1861 37 -1.0 -589.0 601.0 -379.0
9610 1862 37 -1.0 -589.0 601.0 -309.0
9611 1863 37 -1.0 -589.0 601.0 -239.0
9612 1864 37 -1.0 -589.0 601.0 -169.0
9613 1865 37 -1.0 -589.0 601.0 -99.0
9614 1866 37 -1.0 -589.0 601.0 -29.0
9615 1867 37 -1.0 -589.0 601.0 41.0
9616 1868 37 -1.0 -589.0 601.0 111.0
9617 1869 37 -1.0 -589.0 601.0 181.0
9618 1870 37 -1.0 -589.0 601.0 251.0
9619 1871 37 -1.0 -589.0 601.0 321.0
9620 1872 37 -1.0 -589.0 601.0 391.0
9621 1873 37 -1.0 -589.0 601.0 461.0
9622 1874 37 -1.0 -589.0 601.0 531.0
9623 1875 37 -1.0 -589.0 601.0 601.0
9624 1876 37 -1.0 -589.0 601.0 671.0
9625 1877 37 -1.0 -589.0 671.0 -659.0
9626 1878 37 -1.0 -589.0 671.0 -589.0
9627 1879 37 -1.0 -589.0 671.0 -519.0
9628 1880 37 -1.0 -589.0 671.0 -449.0
9629 1881 37 -1.0 -589.0 671.0 -379.0
9630 1882 37 -1.0 -589.0 671.0 -309.0
9631 1883 37 -1.0 -589.0 671.0 -239.0
9632 1884 37 -1.0 -589.0 671.0 -169.0
9633 1885 37 -1.0 -589.0 671.0 -99.0
9634 1886 37 -1.0 -589.0 671.0 -29.0
9635 1887 37 -1.0 -589.0 671.0 41.0
9636 1888 37 -1.0 -589.0 671.0 111.0
9637 1889 37 -1.0 -589.0 671.0 181.0
9638 1890 37 -1.0 -589.0 671.0 251.0
9639 1891 37 -1.0 -589.0 671.0 321.0
9640 1892 37 -1.0 -589.0 671.0 391.0
9641 1893 37 -1.0 -589.0 671.0 461.0
9642 1894 37 -1.0 -589.0 671.0 531.0
9643 1895 37 -1.0 -589.0 671.0 601.0
9644 1896 37 -1.0 -589.0 671.0 671.0
9645 1897 37 -1.0 -519.0 -659.0 -659.0
9646 1898 37 -1.0 -519.0 -659.0 -589.0
9647 1899 37 -1.0 -519.0 -659.0 -519.0
9648 1900 37 -1.0 -519.0 -659.0 -449.0
9649 1901 37 -1.0 -519.0 -659.0 -379.0
9650 1902 37 -1.0 -519.0 -659.0 -309.0
9651 1903 37 -1.0 -519.0 -659.0 -239.0
9652 1904 37 -1.0 -519.0 -659.0 -169.0
9653 1905 37 -1.0 -519.0 -659.0 -99.0
9654 1906 37 -1.0 -519.0 -659.0 -29.0
9655 1907 37 -1.0 -519.0 -659.0 41.0
9656 1908 37 -1.0 -519.0 -659.0 111.0
9657 1909 37 -1.0 -519.0 -659.0 181.0
9658 1910 37 -1.0 -519.0 -659.0 251.0
9659 1911 37 -1.0 -519.0 -659.0 321.0
9660 1912 37 -1.0 -519.0 -659.0 391.0
9661 1913 37 -1.0 -519.0 -659.0 461.0
9662 1914 37 -1.0 -519.0 -659.0 531.0
9663 1915 37 -1.0 -519.0 -659.0 601.0
9664 1916 37 -1.0 -519.0 -659.0 671.0
9665 1917 37 -1.0 -519.0 -589.0 -659.0
9666 1918 37 -1.0 -519.0 -589.0 -589.0
9667 1919 37 -1.0 -519.0 -589.0 -519.0
9668 1920 37 -1.0 -519.0 -589.0 -449.0
9669 1921 37 -1.0 -519.0 -589.0 -379.0
9670 1922 37 -1.0 -519.0 -589.0 -309.0
9671 1923 37 -1.0 -519.0 -589.0 -239.0
9672 1924 37 -1.0 -519.0 -589.0 -169.0
9673 1925 37 -1.0 -519.0 -589.0 -99.0
9674 1926 37 -1.0 -519.0 -589.0 -29.0
9675 1927 37 -1.0 -519.0 -589.0 41.0
9676 1928 37 -1.0 -519.0 -589.0 111.0
9677 1929 37 -1.0 -519.0 -589.0 181.0
9678 1930 37 -1.0 -519.0 -589.0 251.0
9679 1931 37 -1.0 -519.0 -589.0 321.0
9680 1932 37 -1.0 -519.0 -589.0 391.0
9681 1933 37 -1.0 -519.0 -589.0 461.0
9682 1934 37 -1.0 -519.0 -589.0 531.0
9683 1935 37 -1.0 -519.0 -589.0 601.0
9684 1936 37 -1.0 -519.0 -589.0 671.0
9685 1937 37 -1.0 -519.0 -519.0 -659.0
9686 1938 37 -1.0 -519.0 -519.0 -589.0
9687 1939 37 -1.0 -519.0 -519.0 -519.0
9688 1940 37 -1.0 -519.0 -519.0 -449.0
9689 1941 37 -1.0 -519.0 -519.0 -379.0
9690 1942 37 -1.0 -519.0 -519.0 -309.0
9691 1943 37 -1.0 -519.0 -519.0 -239.0
9692 1944 37 -1.0 -519.0 -519.0 -169.0
9693 1945 37 -1.0 -519.0 -519.0 -99.0
9694 1946 37 -1.0 -519.0 -519.0 -29.0
9695 1947 37 -1.0 -519.0 -519.0 41.0
9696 1948 37 -1.0 -519.0 -519.0 111.0
9697 1949 37 -1.0 -519.0 -519.0 181.0
9698 1950 37 -1.0 -519.0 -519.0 251.0
9699 1951 37 -1.0 -519.0 -519.0 321.0
9700 1952 37 -1.0 -519.0 -519.0 391.0
9701 1953 37 -1.0 -519.0 -519.0 461.0
9702 1954 37 -1.0 -519.0 -519.0 531.0
9703 1955 37 -1.0 -519.0 -519.0 601.0
9704 1956 37 -1.0 -519.0 -519.0 671.0
9705 1957 37 -1.0 -519.0 -449.0 -659.0
9706 1958 37 -1.0 -519.0 -449.0 -589.0
9707 1959 37 -1.0 -519.0 -449.0 -519.0
9708 1960 37 -1.0 -519.0 -449.0 -449.0
9709 1961 37 -1.0 -519.0 -449.0 -379.0
9710 1962 37 -1.0 -519.0 -449.0 -309.0
9711 1963 37 -1.0 -519.0 -449.0 -239.0
9712 1964 37 -1.0 -519.0 -449.0 -169.0
9713 1965 37 -1.0 -519.0 -449.0 -99.0
9714 1966 37 -1.0 -519.0 -449.0 -29.0
9715 1967 37 -1.0 -519.0 -449.0 41.0
9716 1968 37 -1.0 -519.0 -449.0 111.0
9717 1969 37 -1.0 -519.0 -449.0 181.0
9718 1970 37 -1.0 -519.0 -449.0 251.0
9719 1971 37 -1.0 -519.0 -449.0 321.0
9720 1972 37 -1.0 -519.0 -449.0 391.0
9721 1973 37 -1.0 -519.0 -449.0 461.0
9722 1974 37 -1.0 -519.0 -449.0 531.0
9723 1975 37 -1.0 -519.0 -449.0 601.0
9724 1976 37 -1.0 -519.0 -449.0 671.0
9725 1977 37 -1.0 -519.0 -379.0 -659.0
9726 1978 37 -1.0 -519.0 -379.0 -589.0
9727 1979 37 -1.0 -519.0 -379.0 -519.0
9728 1980 37 -1.0 -519.0 -379.0 -449.0
9729 1981 37 -1.0 -519.0 -379.0 -379.0
9730 1982 37 -1.0 -519.0 -379.0 -309.0
9731 1983 37 -1.0 -519.0 -379.0 -239.0
9732 1984 37 -1.0 -519.0 -379.0 -169.0
9733 1985 37 -1.0 -519.0 -379.0 -99.0
9734 1986 37 -1.0 -519.0 -379.0 -29.0
9735 1987 37 -1.0 -519.0 -379.0 41.0
9736 1988 37 -1.0 -519.0 -379.0 111.0
9737 1989 37 -1.0 -519.0 -379.0 181.0
9738 1990 37 -1.0 -519.0 -379.0 251.0
9739 1991 37 -1.0 -519.0 -379.0 321.0
9740 1992 37 -1.0 -519.0 -379.0 391.0
9741 1993 37 -1.0 -519.0 -379.0 461.0
9742 1994 37 -1.0 -519.0 -379.0 531.0
9743 1995 37 -1.0 -519.0 -379.0 601.0
9744 1996 37 -1.0 -519.0 -379.0 671.0
9745 1997 37 -1.0 -519.0 -309.0 -659.0
9746 1998 37 -1.0 -519.0 -309.0 -589.0
9747 1999 37 -1.0 -519.0 -309.0 -519.0
9748 2000 37 -1.0 -519.0 -309.0 -449.0
9749 2001 37 -1.0 -519.0 -309.0 -379.0
9750 2002 37 -1.0 -519.0 -309.0 -309.0
9751 2003 37 -1.0 -519.0 -309.0 -239.0
9752 2004 37 -1.0 -519.0 -309.0 -169.0
9753 2005 37 -1.0 -519.0 -309.0 -99.0
9754 2006 37 -1.0 -519.0 -309.0 -29.0
9755 2007 37 -1.0 -519.0 -309.0 41.0
9756 2008 37 -1.0 -519.0 -309.0 111.0
9757 2009 37 -1.0 -519.0 -309.0 181.0
9758 2010 37 -1.0 -519.0 -309.0 251.0
9759 2011 37 -1.0 -519.0 -309.0 321.0
9760 2012 37 -1.0 -519.0 -309.0 391.0
9761 2013 37 -1.0 -519.0 -309.0 461.0
9762 2014 37 -1.0 -519.0 -309.0 531.0
9763 2015 37 -1.0 -519.0 -309.0 601.0
9764 2016 37 -1.0 -519.0 -309.0 671.0
9765 2017 37 -1.0 -519.0 -239.0 -659.0
9766 2018 37 -1.0 -519.0 -239.0 -589.0
9767 2019 37 -1.0 -519.0 -239.0 -519.0
9768 2020 37 -1.0 -519.0 -239.0 -449.0
9769 2021 37 -1.0 -519.0 -239.0 -379.0
9770 2022 37 -1.0 -519.0 -239.0 -309.0
9771 2023 37 -1.0 -519.0 -239.0 -239.0
9772 2024 37 -1.0 -519.0 -239.0 -169.0
9773 2025 37 -1.0 -519.0 -239.0 -99.0
9774 2026 37 -1.0 -519.0 -239.0 -29.0
9775 2027 37 -1.0 -519.0 -239.0 41.0
9776 2028 37 -1.0 -519.0 -239.0 111.0
9777 2029 37 -1.0 -519.0 -239.0 181.0
9778 2030 37 -1.0 -519.0 -239.0 251.0
9779 2031 37 -1.0 -519.0 -239.0 321.0
9780 2032 37 -1.0 -519.0 -239.0 391.0
9781 2033 37 -1.0 -519.0 -239.0 461.0
9782 2034 37 -1.0 -519.0 -239.0 531.0
9783 2035 37 -1.0 -519.0 -239.0 601.0
9784 2036 37 -1.0 -519.0 -239.0 671.0
9785 2037 37 -1.0 -519.0 -169.0 -659.0
9786 2038 37 -1.0 -519.0 -169.0 -589.0
9787 2039 37 -1.0 -519.0 -169.0 -519.0
9788 2040 37 -1.0 -519.0 -169.0 -449.0
9789 2041 37 -1.0 -519.0 -169.0 -379.0
9790 2042 37 -1.0 -519.0 -169.0 -309.0
9791 2043 37 -1.0 -519.0 -169.0 -239.0
9792 2044 37 -1.0 -519.0 -169.0 -169.0
9793 2045 37 -1.0 -519.0 -169.0 -99.0
9794 2046 37 -1.0 -519.0 -169.0 -29.0
9795 2047 37 -1.0 -519.0 -169.0 41.0
9796 2048 37 -1.0 -519.0 -169.0 111.0
9797 2049 37 -1.0 -519.0 -169.0 181.0
9798 2050 37 -1.0 -519.0 -169.0 251.0
9799 2051 37 -1.0 -519.0 -169.0 321.0
9800 2052 37 -1.0 -519.0 -169.0 391.0
9801 2053 37 -1.0 -519.0 -169.0 461.0
9802 2054 37 -1.0 -519.0 -169.0 531.0
9803 2055 37 -1.0 -519.0 -169.0 601.0
9804 2056 37 -1.0 -519.0 -169.0 671.0
9805 2057 37 -1.0 -519.0 -99.0 -659.0
9806 2058 37 -1.0 -519.0 -99.0 -589.0
9807 2059 37 -1.0 -519.0 -99.0 -519.0
9808 2060 37 -1.0 -519.0 -99.0 -449.0
9809 2061 37 -1.0 -519.0 -99.0 -379.0
9810 2062 37 -1.0 -519.0 -99.0 -309.0
9811 2063 37 -1.0 -519.0 -99.0 -239.0
9812 2064 37 -1.0 -519.0 -99.0 -169.0
9813 2065 37 -1.0 -519.0 -99.0 -99.0
9814 2066 37 -1.0 -519.0 -99.0 -29.0
9815 2067 37 -1.0 -519.0 -99.0 41.0
9816 2068 37 -1.0 -519.0 -99.0 111.0
9817 2069 37 -1.0 -519.0 -99.0 181.0
9818 2070 37 -1.0 -519.0 -99.0 251.0
9819 2071 37 -1.0 -519.0 -99.0 321.0
9820 2072 37 -1.0 -519.0 -99.0 391.0
9821 2073 37 -1.0 -519.0 -99.0 461.0
9822 2074 37 -1.0 -519.0 -99.0 531.0
9823 2075 37 -1.0 -519.0 -99.0 601.0
9824 2076 37 -1.0 -519.0 -99.0 671.0
9825 2077 37 -1.0 -519.0 -29.0 -659.0
9826 2078 37 -1.0 -519.0 -29.0 -589.0
9827 2079 37 -1.0 -519.0 -29.0 -519.0
9828 2080 37 -1.0 -519.0 -29.0 -449.0
9829 2081 37 -1.0 -519.0 -29.0 -379.0
9830 2082 37 -1.0 -519.0 -29.0 -309.0
9831 2083 37 -1.0 -519.0 -29.0 -239.0
9832 2084 37 -1.0 -519.0 -29.0 -169.0
9833 2085 37 -1.0 -519.0 -29.0 -99.0
9834 2086 37 -1.0 -519.0 -29.0 -29.0
9835 2087 37 -1.0 -519.0 -29.0 41.0
9836 2088 37 -1.0 -519.0 -29.0 111.0
9837 2089 37 -1.0 -519.0 -29.0 181.0
9838 2090 37 -1.0 -519.0 -29.0 251.0
9839 2091 37 -1.0 -519.0 -29.0 321.0
9840 2092 37 -1.0 -519.0 -29.0 391.0
9841 2093 37 -1.0 -519.0 -29.0 461.0
9842 2094 37 -1.0 -519.0 -29.0 531.0
9843 2095 37 -1.0 -519.0 -29.0 601.0
9844 2096 37 -1.0 -519.0 -29.0 671.0
9845 2097 37 -1.0 -519.0 41.0 -659.0
9846 2098 37 -1.0 -519.0 41.0 -589.0
9847 2099 37 -1.0 -519.0 41.0 -519.0
9848 2100 37 -1.0 -519.0 41.0 -449.0
9849 2101 37 -1.0 -519.0 41.0 -379.0
9850 2102 37 -1.0 -519.0 41.0 -309.0
9851 2103 37 -1.0 -519.0 41.0 -239.0
9852 2104 37 -1.0 -519.0 41.0 -169.0
9853 2105 37 -1.0 -519.0 41.0 -99.0
9854 2106 37 -1.0 -519.0 41.0 -29.0
9855 2107 37 -1.0 -519.0 41.0 41.0
9856 2108 37 -1.0 -519.0 41.0 111.0
9857 2109 37 -1.0 -519.0 41.0 181.0
9858 2110 37 -1.0 -519.0 41.0 251.0
9859 2111 37 -1.0 -519.0 41.0 321.0
9860 2112 37 -1.0 -519.0 41.0 391.0
9861 2113 37 -1.0 -519.0 41.0 461.0
9862 2114 37 -1.0 -519.0 41.0 531.0
9863 2115 37 -1.0 -519.0 41.0 601.0
9864 2116 37 -1.0 -519.0 41.0 671.0
9865 2117 37 -1.0 -519.0 111.0 -659.0
9866 2118 37 -1.0 -519.0 111.0 -589.0
9867 2119 37 -1.0 -519.0 111.0 -519.0
9868 2120 37 -1.0 -519.0 111.0 -449.0
9869 2121 37 -1.0 -519.0 111.0 -379.0
9870 2122 37 -1.0 -519.0 111.0 -309.0
9871 2123 37 -1.0 -519.0 111.0 -239.0
9872 2124 37 -1.0 -519.0 111.0 -169.0
9873 2125 37 -1.0 -519.0 111.0 -99.0
9874 2126 37 -1.0 -519.0 111.0 -29.0
9875 2127 37 -1.0 -519.0 111.0 41.0
9876 2128 37 -1.0 -519.0 111.0 111.0
9877 2129 37 -1.0 -519.0 111.0 181.0
9878 2130 37 -1.0 -519.0 111.0 251.0
9879 2131 37 -1.0 -519.0 111.0 321.0
9880 2132 37 -1.0 -519.0 111.0 391.0
9881 2133 37 -1.0 -519.0 111.0 461.0
9882 2134 37 -1.0 -519.0 111.0 531.0
9883 2135 37 -1.0 -519.0 111.0 601.0
9884 2136 37 -1.0 -519.0 111.0 671.0
9885 2137 37 -1.0 -519.0 181.0 -659.0
9886 2138 37 -1.0 -519.0 181.0 -589.0
9887 2139 37 -1.0 -519.0 181.0 -519.0
9888 2140 37 -1.0 -519.0 181.0 -449.0
9889 2141 37 -1.0 -519.0 181.0 -379.0
9890 2142 37 -1.0 -519.0 181.0 -309.0
9891 2143 37 -1.0 -519.0 181.0 -239.0
9892 2144 37 -1.0 -519.0 181.0 -169.0
9893 2145 37 -1.0 -519.0 181.0 -99.0
9894 2146 37 -1.0 -519.0 181.0 -29.0
9895 2147 37 -1.0 -519.0 181.0 41.0
9896 2148 37 -1.0 -519.0 181.0 111.0
9897 2149 37 -1.0 -519.0 181.0 181.0
9898 2150 37 -1.0 -519.0 181.0 251.0
9899 2151 37 -1.0 -519.0 181.0 321.0
9900 2152 37 -1.0 -519.0 181.0 391.0
9901 2153 37 -1.0 -519.0 181.0 461.0
9902 2154 37 -1.0 -519.0 181.0 531.0
9903 2155 37 -1.0 -519.0 181.0 601.0
9904 2156 37 -1.0 -519.0 181.0 671.0
9905 2157 37 -1.0 -519.0 251.0 -659.0
9906 2158 37 -1.0 -519.0 251.0 -589.0
9907 2159 37 -1.0 -519.0 251.0 -519.0
9908 2160 37 -1.0 -519.0 251.0 -449.0
9909 2161 37 -1.0 -519.0 251.0 -379.0
9910 2162 37 -1.0 -519.0 251.0 -309.0
9911 2163 37 -1.0 -519.0 251.0 -239.0
9912 2164 37 -1.0 -519.0 251.0 -169.0
9913 2165 37 -1.0 -519.0 251.0 -99.0
9914 2166 37 -1.0 -519.0 251.0 -29.0
9915 2167 37 -1.0 -519.0 251.0 41.0
9916 2168 37 -1.0 -519.0 251.0 111.0
9917 2169 37 -1.0 -519.0 251.0 181.0
9918 2170 37 -1.0 -519.0 251.0 251.0
9919 2171 37 -1.0 -519.0 251.0 321.0
9920 2172 37 -1.0 -519.0 251.0 391.0
9921 2173 37 -1.0 -519.0 251.0 461.0
9922 2174 37 -1.0 -519.0 251.0 531.0
9923 2175 37 -1.0 -519.0 251.0 601.0
9924 2176 37 -1.0 -519.0 251.0 671.0
9925 2177 37 -1.0 -519.0 321.0 -659.0
9926 2178 37 -1.0 -519.0 321.0 -589.0
9927 2179 37 -1.0 -519.0 321.0 -519.0
9928 2180 37 -1.0 -519.0 321.0 -449.0
9929 2181 37 -1.0 -519.0 321.0 -379.0
9930 2182 37 -1.0 -519.0 321.0 -309.0
9931 2183 37 -1.0 -519.0 321.0 -239.0
9932 2184 37 -1.0 -519.0 321.0 -169.0
9933 2185 37 -1.0 -519.0 321.0 -99.0
9934 2186 37 -1.0 -519.0 321.0 -29.0
9935 2187 37 -1.0 -519.0 321.0 41.0
9936 2188 37 -1.0 -519.0 321.0 111.0
9937 2189 37 -1.0 -519.0 321.0 181.0
9938 2190 37 -1.0 -519.0 321.0 251.0
9939 2191 37 -1.0 -519.0 321.0 321.0
9940 2192 37 -1.0 -519.0 321.0 391.0
9941 2193 37 -1.0 -519.0 321.0 461.0
9942 2194 37 -1.0 -519.0 321.0 531.0
9943 2195 37 -1.0 -519.0 321.0 601.0
9944 2196 37 -1.0 -519.0 321.0 671.0
9945 2197 37 -1.0 -519.0 391.0 -659.0
9946 2198 37 -1.0 -519.0 391.0 -589.0
9947 2199 37 -1.0 -519.0 391.0 -519.0
9948 2200 37 -1.0 -519.0 391.0 -449.0
9949 2201 37 -1.0 -519.0 391.0 -379.0
9950 2202 37 -1.0 -519.0 391.0 -309.0
9951 2203 37 -1.0 -519.0 391.0 -239.0
9952 2204 37 -1.0 -519.0 391.0 -169.0
9953 2205 37 -1.0 -519.0 391.0 -99.0
9954 2206 37 -1.0 -519.0 391.0 -29.0
9955 2207 37 -1.0 -519.0 391.0 41.0
9956 2208 37 -1.0 -519.0 391.0 111.0
9957 2209 37 -1.0 -519.0 391.0 181.0
9958 2210 37 -1.0 -519.0 391.0 251.0
9959 2211 37 -1.0 -519.0 391.0 321.0
9960 2212 37 -1.0 -519.0 391.0 391.0
9961 2213 37 -1.0 -519.0 391.0 461.0
9962 2214 37 -1.0 -519.0 391.0 531.0
9963 2215 37 -1.0 -519.0 391.0 601.0
9964 2216 37 -1.0 -519.0 391.0 671.0
9965 2217 37 -1.0 -519.0 461.0 -659.0
9966 2218 37 -1.0 -519.0 461.0 -589.0
9967 2219 37 -1.0 -519.0 461.0 -519.0
9968 2220 37 -1.0 -519.0 461.0 -449.0
9969 2221 37 -1.0 -519.0 461.0 -379.0
9970 2222 37 -1.0 -519.0 461.0 -309.0
9971 2223 37 -1.0 -519.0 461.0 -239.0
9972 2224 37 -1.0 -519.0 461.0 -169.0
9973 2225 37 -1.0 -519.0 461.0 -99.0
9974 2226 37 -1.0 -519.0 461.0 -29.0
9975 2227 37 -1.0 -519.0 461.0 41.0
9976 2228 37 -1.0 -519.0 461.0 111.0
9977 2229 37 -1.0 -519.0 461.0 181.0
9978 2230 37 -1.0 -519.0 461.0 251.0
9979 2231 37 -1.0 -519.0 461.0 321.0
9980 2232 37 -1.0 -519.0 461.0 391.0
9981 2233 37 -1.0 -519.0 461.0 461.0
9982 2234 37 -1.0 -519.0 461.0 531.0
9983 2235 37 -1.0 -519.0 461.0 601.0
9984 2236 37 -1.0 -519.0 461.0 671.0
9985 2237 37 -1.0 -519.0 531.0 -659.0
9986 2238 37 -1.0 -519.0 531.0 -589.0
9987 2239 37 -1.0 -519.0 531.0 -519.0
9988 2240 37 -1.0 -519.0 531.0 -449.0
9989 2241 37 -1.0 -519.0 531.0 -379.0
9990 2242 37 -1.0 -519.0 531.0 -309.0
9991 2243 37 -1.0 -519.0 531.0 -239.0
9992 2244 37 -1.0 -519.0 531.0 -169.0
9993 2245 37 -1.0 -519.0 531.0 -99.0
9994 2246 37 -1.0 -519.0 531.0 -29.0
9995 2247 37 -1.0 -519.0 531.0 41.0
9996 2248 37 -1.0 -519.0 531.0 111.0
9997 2249 37 -1.0 -519.0 531.0 181.0
9998 2250 37 -1.0 -519.0 531.0 251.0
9999 2251 37 -1.0 -519.0 531.0 321.0
10000 2252 37 -1.0 -519.0 531.0 391.0
10001 2253 37 -1.0 -519.0 531.0 461.0
10002 2254 37 -1.0 -519.0 531.0 531.0
10003 2255 37 -1.0 -519.0 531.0 601.0
10004 2256 37 -1.0 -519.0 531.0 671.0
10005 2257 37 -1.0 -519.0 601.0 -659.0
10006 2258 37 -1.0 -519.0 601.0 -589.0
10007 2259 37 -1.0 -519.0 601.0 -519.0
10008 2260 37 -1.0 -519.0 601.0 -449.0
10009 2261 37 -1.0 -519.0 601.0 -379.0
10010 2262 37 -1.0 -519.0 601.0 -309.0
10011 2263 37 -1.0 -519.0 601.0 -239.0
10012 2264 37 -1.0 -519.0 601.0 -169.0
10013 2265 37 -1.0 -519.0 601.0 -99.0
10014 2266 37 -1.0 -519.0 601.0 -29.0
10015 2267 37 -1.0 -519.0 601.0 41.0
10016 2268 37 -1.0 -519.0 601.0 111.0
10017 2269 37 -1.0 -519.0 601.0 181.0
10018 2270 37 -1.0 -519.0 601.0 251.0
10019 2271 37 -1.0 -519.0 601.0 321.0
10020 2272 37 -1.0 -519.0 601.0 391.0
10021 2273 37 -1.0 -519.0 601.0 461.0
10022 2274 37 -1.0 -519.0 601.0 531.0
10023 2275 37 -1.0 -519.0 601.0 601.0
10024 2276 37 -1.0 -519.0 601.0 671.0
10025 2277 37 -1.0 -519.0 671.0 -659.0
10026 2278 37 -1.0 -519.0 671.0 -589.0
10027 2279 37 -1.0 -519.0 671.0 -519.0
10028 2280 37 -1.0 -519.0 671.0 -449.0
10029 2281 37 -1.0 -519.0 671.0 -379.0
10030 2282 37 -1.0 -519.0 671.0 -309.0
10031 2283 37 -1.0 -519.0 671.0 -239.0
10032 2284 37 -1.0 -519.0 671.0 -169.0
10033 2285 37 -1.0 -519.0 671.0 -99.0
10034 2286 37 -1.0 -519.0 671.0 -29.0
10035 2287 37 -1.0 -519.0 671.0 41.0
10036 2288 37 -1.0 -519.0 671.0 111.0
10037 2289 37 -1.0 -519.0 671.0 181.0
10038 2290 37 -1.0 -519.0 671.0 251.0
10039 2291 37 -1.0 -519.0 671.0 321.0
10040 2292 37 -1.0 -519.0 671.0 391.0
10041 2293 37 -1.0 -519.0 671.0 461.0
10042 2294 37 -1.0 -519.0 671.0 531.0
10043 2295 37 -1.0 -519.0 671.0 601.0
10044 2296 37 -1.0 -519.0 671.0 671.0
10045 2297 37 -1.0 -449.0 -659.0 -659.0
10046 2298 37 -1.0 -449.0 -659.0 -589.0
10047 2299 37 -1.0 -449.0 -659.0 -519.0
10048 2300 37 -1.0 -449.0 -659.0 -449.0
10049 2301 37 -1.0 -449.0 -659.0 -379.0
10050 2302 37 -1.0 -449.0 -659.0 -309.0
10051 2303 37 -1.0 -449.0 -659.0 -239.0
10052 2304 37 -1.0 -449.0 -659.0 -169.0
10053 2305 37 -1.0 -449.0 -659.0 -99.0
10054 2306 37 -1.0 -449.0 -659.0 -29.0
10055 2307 37 -1.0 -449.0 -659.0 41.0
10056 2308 37 -1.0 -449.0 -659.0 111.0
10057 2309 37 -1.0 -449.0 -659.0 181.0
10058 2310 37 -1.0 -449.0 -659.0 251.0
10059 2311 37 -1.0 -449.0 -659.0 321.0
10060 2312 37 -1.0 -449.0 -659.0 391.0
10061 2313 37 -1.0 -449.0 -659.0 461.0
10062 2314 37 -1.0 -449.0 -659.0 531.0
10063 2315 37 -1.0 -449.0 -659.0 601.0
10064 2316 37 -1.0 -449.0 -659.0 671.0
10065 2317 37 -1.0 -449.0 -589.0 -659.0
10066 2318 37 -1.0 -449.0 -589.0 -589.0
10067 2319 37 -1.0 -449.0 -589.0 -519.0
10068 2320 37 -1.0 -449.0 -589.0 -449.0
10069 2321 37 -1.0 -449.0 -589.0 -379.0
10070 2322 37 -1.0 -449.0 -589.0 -309.0
10071 2323 37 -1.0 -449.0 -589.0 -239.0
10072 2324 37 -1.0 -449.0 -589.0 -169.0
10073 2325 37 -1.0 -449.0 -589.0 -99.0
10074 2326 37 -1.0 -449.0 -589.0 -29.0
10075 2327 37 -1.0 -449.0 -589.0 41.0
10076 2328 37 -1.0 -449.0 -589.0 111.0
10077 2329 37 -1.0 -449.0 -589.0 181.0
10078 2330 37 -1.0 -449.0 -589.0 251.0
10079 2331 37 -1.0 -449.0 -589.0 321.0
10080 2332 37 -1.0 -449.0 -589.0 391.0
10081 2333 37 -1.0 -449.0 -589.0 461.0
10082 2334 37 -1.0 -449.0 -589.0 531.0
10083 2335 37 -1.0 -449.0 -589.0 601.0
10084 2336 37 -1.0 -449.0 -589.0 671.0
10085 2337 37 -1.0 -449.0 -519.0 -659.0
10086 2338 37 -1.0 -449.0 -519.0 -589.0
10087 2339 37 -1.0 -449.0 -519.0 -519.0
10088 2340 37 -1.0 -449.0 -519.0 -449.0
10089 2341 37 -1.0 -449.0 -519.0 -379.0
10090 2342 37 -1.0 -449.0 -519.0 -309.0
10091 2343 37 -1.0 -449.0 -519.0 -239.0
10092 2344 37 -1.0 -449.0 -519.0 -169.0
10093 2345 37 -1.0 -449.0 -519.0 -99.0
10094 2346 37 -1.0 -449.0 -519.0 -29.0
10095 2347 37 -1.0 -449.0 -519.0 41.0
10096 2348 37 -1.0 -449.0 -519.0 111.0
10097 2349 37 -1.0 -449.0 -519.0 181.0
10098 2350 37 -1.0 -449.0 -519.0 251.0
10099 2351 37 -1.0 -449.0 -519.0 321.0
10100 2352 37 -1.0 -449.0 -519.0 391.0
10101 2353 37 -1.0 -449.0 -519.0 461.0
10102 2354 37 -1.0 -449.0 -519.0 531.0
10103 2355 37 -1.0 -449.0 -519.0 601.0
10104 2356 37 -1.0 -449.0 -519.0 671.0
10105 2357 37 -1.0 -449.0 -449.0 -659.0
10106 2358 37 -1.0 -449.0 -449.0 -589.0
10107 2359 37 -1.0 -449.0 -449.0 -519.0
10108 2360 37 -1.0 -449.0 -449.0 -449.0
10109 2361 37 -1.0 -449.0 -449.0 -379.0
10110 2362 37 -1.0 -449.0 -449.0 -309.0
10111 2363 37 -1.0 -449.0 -449.0 -239.0
10112 2364 37 -1.0 -449.0 -449.0 -169.0
10113 2365 37 -1.0 -449.0 -449.0 -99.0
10114 2366 37 -1.0 -449.0 -449.0 -29.0
10115 2367 37 -1.0 -449.0 -449.0 41.0
10116 2368 37 -1.0 -449.0 -449.0 111.0
10117 2369 37 -1.0 -449.0 -449.0 181.0
10118 2370 37 -1.0 -449.0 -449.0 251.0
10119 2371 37 -1.0 -449.0 -449.0 321.0
10120 2372 37 -1.0 -449.0 -449.0 391.0
10121 2373 37 -1.0 -449.0 -449.0 461.0
10122 2374 37 -1.0 -449.0 -449.0 531.0
10123 2375 37 -1.0 -449.0 -449.0 601.0
10124 2376 37 -1.0 -449.0 -449.0 671.0
10125 2377 37 -1.0 -449.0 -379.0 -659.0
10126 2378 37 -1.0 -449.0 -379.0 -589.0
10127 2379 37 -1.0 -449.0 -379.0 -519.0
10128 2380 37 -1.0 -449.0 -379.0 -449.0
10129 2381 37 -1.0 -449.0 -379.0 -379.0
10130 2382 37 -1.0 -449.0 -379.0 -309.0
10131 2383 37 -1.0 -449.0 -379.0 -239.0
10132 2384 37 -1.0 -449.0 -379.0 -169.0
10133 2385 37 -1.0 -449.0 -379.0 -99.0
10134 2386 37 -1.0 -449.0 -379.0 -29.0
10135 2387 37 -1.0 -449.0 -379.0 41.0
10136 2388 37 -1.0 -449.0 -379.0 111.0
10137 2389 37 -1.0 -449.0 -379.0 181.0
10138 2390 37 -1.0 -449.0 -379.0 251.0
10139 2391 37 -1.0 -449.0 -379.0 321.0
10140 2392 37 -1.0 -449.0 -379.0 391.0
10141 2393 37 -1.0 -449.0 -379.0 461.0
10142 2394 37 -1.0 -449.0 -379.0 531.0
10143 2395 37 -1.0 -449.0 -379.0 601.0
10144 2396 37 -1.0 -449.0 -379.0 671.0
10145 2397 37 -1.0 -449.0 -309.0 -659.0
10146 2398 37 -1.0 -449.0 -309.0 -589.0
10147 2399 37 -1.0 -449.0 -309.0 -519.0
10148 2400 37 -1.0 -449.0 -309.0 -449.0
10149 2401 37 -1.0 -449.0 -309.0 -379.0
10150 2402 37 -1.0 -449.0 -309.0 -309.0
10151 2403 37 -1.0 -449.0 -309.0 -239.0
10152 2404 37 -1.0 -449.0 -309.0 -169.0
10153 2405 37 -1.0 -449.0 -309.0 -99.0
10154 2406 37 -1.0 -449.0 -309.0 -29.0
10155 2407 37 -1.0 -449.0 -309.0 41.0
10156 2408 37 -1.0 -449.0 -309.0 111.0
10157 2409 37 -1.0 -449.0 -309.0 181.0
10158 2410 37 -1.0 -449.0 -309.0 251.0
10159 2411 37 -1.0 -449.0 -309.0 321.0
10160 2412 37 -1.0 -449.0 -309.0 391.0
10161 2413 37 -1.0 -449.0 -309.0 461.0
10162 2414 37 -1.0 -449.0 -309.0 531.0
10163 2415 37 -1.0 -449.0 -309.0 601.0
10164 2416 37 -1.0 -449.0 -309.0 671.0
10165 2417 37 -1.0 -449.0 -239.0 -659.0
10166 2418 37 -1.0 -449.0 -239.0 -589.0
10167 2419 37 -1.0 -449.0 -239.0 -519.0
10168 2420 37 -1.0 -449.0 -239.0 -449.0
10169 2421 37 -1.0 -449.0 -239.0 -379.0
10170 2422 37 -1.0 -449.0 -239.0 -309.0
10171 2423 37 -1.0 -449.0 -239.0 -239.0
10172 2424 37 -1.0 -449.0 -239.0 -169.0
10173 2425 37 -1.0 -449.0 -239.0 -99.0
10174 2426 37 -1.0 -449.0 -239.0 -29.0
10175 2427 37 -1.0 -449.0 -239.0 41.0
10176 2428 37 -1.0 -449.0 -239.0 111.0
10177 2429 37 -1.0 -449.0 -239.0 181.0
10178 2430 37 -1.0 -449.0 -239.0 251.0
10179 2431 37 -1.0 -449.0 -239.0 321.0
10180 2432 37 -1.0 -449.0 -239.0 391.0
10181 2433 37 -1.0 -449.0 -239.0 461.0
10182 2434 37 -1.0 -449.0 -239.0 531.0
10183 2435 37 -1.0 -449.0 -239.0 601.0
10184 2436 37 -1.0 -449.0 -239.0 671.0
10185 2437 37 -1.0 -449.0 -169.0 -659.0
10186 2438 37 -1.0 -449.0 -169.0 -589.0
10187 2439 37 -1.0 -449.0 -169.0 -519.0
10188 2440 37 -1.0 -449.0 -169.0 -449.0
10189 2441 37 -1.0 -449.0 -169.0 -379.0
10190 2442 37 -1.0 -449.0 -169.0 -309.0
10191 2443 37 -1.0 -449.0 -169.0 -239.0
10192 2444 37 -1.0 -449.0 -169.0 -169.0
10193 2445 37 -1.0 -449.0 -169.0 -99.0
10194 2446 37 -1.0 -449.0 -169.0 -29.0
10195 2447 37 -1.0 -449.0 -169.0 41.0
10196 2448 37 -1.0 -449.0 -169.0 111.0
10197 2449 37 -1.0 -449.0 -169.0 181.0
10198 2450 37 -1.0 -449.0 -169.0 251.0
10199 2451 37 -1.0 -449.0 -169.0 321.0
10200 2452 37 -1.0 -449.0 -169.0 391.0
10201 2453 37 -1.0 -449.0 -169.0 461.0
10202 2454 37 -1.0 -449.0 -169.0 531.0
10203 2455 37 -1.0 -449.0 -169.0 601.0
10204 2456 37 -1.0 -449.0 -169.0 671.0
10205 2457 37 -1.0 -449.0 -99.0 -659.0
10206 2458 37 -1.0 -449.0 -99.0 -589.0
10207 2459 37 -1.0 -449.0 -99.0 -519.0
10208 2460 37 -1.0 -449.0 -99.0 -449.0
10209 2461 37 -1.0 -449.0 -99.0 -379.0
10210 2462 37 -1.0 -449.0 -99.0 -309.0
10211 2463 37 -1.0 -449.0 -99.0 -239.0
10212 2464 37 -1.0 -449.0 -99.0 -169.0
10213 2465 37 -1.0 -449.0 -99.0 -99.0
10214 2466 37 -1.0 -449.0 -99.0 -29.0
10215 2467 37 -1.0 -449.0 -99.0 41.0
10216 2468 37 -1.0 -449.0 -99.0 111.0
10217 2469 37 -1.0 -449.0 -99.0 181.0
10218 2470 37 -1.0 -449.0 -99.0 251.0
10219 2471 37 -1.0 -449.0 -99.0 321.0
10220 2472 37 -1.0 -449.0 -99.0 391.0
10221 2473 37 -1.0 -449.0 -99.0 461.0
10222 2474 37 -1.0 -449.0 -99.0 531.0
10223 2475 37 -1.0 -449.0 -99.0 601.0
10224 2476 37 -1.0 -449.0 -99.0 671.0
10225 2477 37 -1.0 -449.0 -29.0 -659.0
10226 2478 37 -1.0 -449.0 -29.0 -589.0
10227 2479 37 -1.0 -449.0 -29.0 -519.0
10228 2480 37 -1.0 -449.0 -29.0 -449.0
10229 2481 37 -1.0 -449.0 -29.0 -379.0
10230 2482 37 -1.0 -449.0 -29.0 -309.0
10231 2483 37 -1.0 -449.0 -29.0 -239.0
10232 2484 37 -1.0 -449.0 -29.0 -169.0
10233 2485 37 -1.0 -449.0 -29.0 -99.0
10234 2486 37 -1.0 -449.0 -29.0 -29.0
10235 2487 37 -1.0 -449.0 -29.0 41.0
10236 2488 37 -1.0 -449.0 -29.0 111.0
10237 2489 37 -1.0 -449.0 -29.0 181.0
10238 2490 37 -1.0 -449.0 -29.0 251.0
10239 2491 37 -1.0 -449.0 -29.0 321.0
10240 2492 37 -1.0 -449.0 -29.0 391.0
10241 2493 37 -1.0 -449.0 -29.0 461.0
10242 2494 37 -1.0 -449.0 -29.0 531.0
10243 2495 37 -1.0 -449.0 -29.0 601.0
10244 2496 37 -1.0 -449.0 -29.0 671.0
10245 2497 37 -1.0 -449.0 41.0 -659.0
10246 2498 37 -1.0 -449.0 41.0 -589.0
10247 2499 37 -1.0 -449.0 41.0 -519.0
10248 2500 37 -1.0 -449.0 41.0 -449.0
10249 2501 37 -1.0 -449.0 41.0 -379.0
10250 2502 37 -1.0 -449.0 41.0 -309.0
10251 2503 37 -1.0 -449.0 41.0 -239.0
10252 2504 37 -1.0 -449.0 41.0 -169.0
10253 2505 37 -1.0 -449.0 41.0 -99.0
10254 2506 37 -1.0 -449.0 41.0 -29.0
10255 2507 37 -1.0 -449.0 41.0 41.0
10256 2508 37 -1.0 -449.0 41.0 111.0
10257 2509 37 -1.0 -449.0 41.0 181.0
10258 2510 37 -1.0 -449.0 41.0 251.0
10259 2511 37 -1.0 -449.0 41.0 321.0
10260 2512 37 -1.0 -449.0 41.0 391.0
10261 2513 37 -1.0 -449.0 41.0 461.0
10262 2514 37 -1.0 -449.0 41.0 531.0
10263 2515 37 -1.0 -449.0 41.0 601.0
10264 2516 37 -1.0 -449.0 41.0 671.0
10265 2517 37 -1.0 -449.0 111.0 -659.0
10266 2518 37 -1.0 -449.0 111.0 -589.0
