8845 1097 6255 37 -1.0 -659.0 -659.0 -659.0
8846 1098 6256 37 -1.0 -659.0 -659.0 -589.0
8847 1099 6257 37 -1.0 -659.0 -659.0 -519.0
8848 1100 6258 37 -1.0 -659.0 -659.0 -449.0
8849 1101 6259 37 -1.0 -659.0 -659.0 -379.0
8850 1102 6260 37 -1.0 -659.0 -659.0 -309.0
8851 1103 6261 37 -1.0 -659.0 -659.0 -239.0
8852 1104 6262 37 -1.0 -659.0 -659.0 -169.0
8853 1105 6263 37 -1.0 -659.0 -659.0 -99.0
8854 1106 6264 37 -1.0 -659.0 -659.0 -29.0
8855 1107 6265 37 -1.0 -659.0 -659.0 41.0
8856 1108 6266 37 -1.0 -659.0 -659.0 111.0
8857 1109 6267 37 -1.0 -659.0 -659.0 181.0
8858 1110 6268 37 -1.0 -659.0 -659.0 251.0
8859 1111 6269 37 -1.0 -659.0 -659.0 321.0
8860 1112 6270 37 -1.0 -659.0 -659.0 391.0
8861 1113 6271 37 -1.0 -659.0 -659.0 461.0
8862 1114 6272 37 -1.0 -659.0 -659.0 531.0
8863 1115 6273 37 -1.0 -659.0 -659.0 601.0
8864 1116 6274 37 -1.0 -659.0 -659.0 671.0
8865 1117 6275 37 -1.0 -659.0 -589.0 -659.0
8866 1118 6276 37 -1.0 -659.0 -589.0 -589.0
8867 1119 6277 37 -1.0 -659.0 -589.0 -519.0
8868 1120 6278 37 -1.0 -659.0 -589.0 -449.0
8869 1121 6279 37 -1.0 -659.0 -589.0 -379.0
8870 1122 6280 37 -1.0 -659.0 -589.0 -309.0
8871 1123 6281 37 -1.0 -659.0 -589.0 -239.0
8872 1124 6282 37 -1.0 -659.0 -589.0 -169.0
8873 1125 6283 37 -1.0 -659.0 -589.0 -99.0
8874 1126 6284 37 -1.0 -659.0 -589.0 -29.0
8875 1127 6285 37 -1.0 -659.0 -589.0 41.0
8876 1128 6286 37 -1.0 -659.0 -589.0 111.0
8877 1129 6287 37 -1.0 -659.0 -589.0 181.0
8878 1130 6288 37 -1.0 -659.0 -589.0 251.0
8879 1131 6289 37 -1.0 -659.0 -589.0 321.0
8880 1132 6290 37 -1.0 -659.0 -589.0 391.0
8881 1133 6291 37 -1.0 -659.0 -589.0 461.0
8882 1134 6292 37 -1.0 -659.0 -589.0 531.0
8883 1135 6293 37 -1.0 -659.0 -589.0 601.0
8884 1136 6294 37 -1.0 -659.0 -589.0 671.0
8885 1137 6295 37 -1.0 -659.0 -519.0 -659.0
8886 1138 6296 37 -1.0 -659.0 -519.0 -589.0
8887 1139 6297 37 -1.0 -659.0 -519.0 -519.0
8888 1140 6298 37 -1.0 -659.0 -519.0 -449.0
8889 1141 6299 37 -1.0 -659.0 -519.0 -379.0
8890 1142 6300 37 -1.0 -659.0 -519.0 -309.0
8891 1143 6301 37 -1.0 -659.0 -519.0 -239.0
8892 1144 6302 37 -1.0 -659.0 -519.0 -169.0
8893 1145 6303 37 -1.0 -659.0 -519.0 -99.0
8894 1146 6304 37 -1.0 -659.0 -519.0 -29.0
8895 1147 6305 37 -1.0 -659.0 -519.0 41.0
8896 1148 6306 37 -1.0 -659.0 -519.0 111.0
8897 1149 6307 37 -1.0 -659.0 -519.0 181.0
8898 1150 6308 37 -1.0 -659.0 -519.0 251.0
8899 1151 6309 37 -1.0 -659.0 -519.0 321.0
8900 1152 6310 37 -1.0 -659.0 -519.0 391.0
8901 1153 6311 37 -1.0 -659.0 -519.0 461.0
8902 1154 6312 37 -1.0 -659.0 -519.0 531.0
8903 1155 6313 37 -1.0 -659.0 -519.0 601.0
8904 1156 6314 37 -1.0 -659.0 -519.0 671.0
8905 1157 6315 37 -1.0 -659.0 -449.0 -659.0
8906 1158 6316 37 -1.0 -659.0 -449.0 -589.0
8907 1159 6317 37 -1.0 -659.0 -449.0 -519.0
8908 1160 6318 37 -1.0 -659.0 -449.0 -449.0
8909 1161 6319 37 -1.0 -659.0 -449.0 -379.0
8910 1162 6320 37 -1.0 -659.0 -449.0 -309.0
8911 1163 6321 37 -1.0 -659.0 -449.0 -239.0
8912 1164 6322 37 -1.0 -659.0 -449.0 -169.0
8913 1165 6323 37 -1.0 -659.0 -449.0 -99.0
8914 1166 6324 37 -1.0 -659.0 -449.0 -29.0
8915 1167 6325 37 -1.0 -659.0 -449.0 41.0
8916 1168 6326 37 -1.0 -659.0 -449.0 111.0
8917 1169 6327 37 -1.0 -659.0 -449.0 181.0
8918 1170 6328 37 -1.0 -659.0 -449.0 251.0
8919 1171 6329 37 -1.0 -659.0 -449.0 321.0
8920 1172 6330 37 -1.0 -659.0 -449.0 391.0
8921 1173 6331 37 -1.0 -659.0 -449.0 461.0
8922 1174 6332 37 -1.0 -659.0 -449.0 531.0
8923 1175 6333 37 -1.0 -659.0 -449.0 601.0
8924 1176 6334 37 -1.0 -659.0 -449.0 671.0
8925 1177 6335 37 -1.0 -659.0 -379.0 -659.0
8926 1178 6336 37 -1.0 -659.0 -379.0 -589.0
8927 1179 6337 37 -1.0 -659.0 -379.0 -519.0
8928 1180 6338 37 -1.0 -659.0 -379.0 -449.0
8929 1181 6339 37 -1.0 -659.0 -379.0 -379.0
8930 1182 6340 37 -1.0 -659.0 -379.0 -309.0
8931 1183 6341 37 -1.0 -659.0 -379.0 -239.0
8932 1184 6342 37 -1.0 -659.0 -379.0 -169.0
8933 1185 6343 37 -1.0 -659.0 -379.0 -99.0
8934 1186 6344 37 -1.0 -659.0 -379.0 -29.0
8935 1187 6345 37 -1.0 -659.0 -379.0 41.0
8936 1188 6346 37 -1.0 -659.0 -379.0 111.0
8937 1189 6347 37 -1.0 -659.0 -379.0 181.0
8938 1190 6348 37 -1.0 -659.0 -379.0 251.0
8939 1191 6349 37 -1.0 -659.0 -379.0 321.0
8940 1192 6350 37 -1.0 -659.0 -379.0 391.0
8941 1193 6351 37 -1.0 -659.0 -379.0 461.0
8942 1194 6352 37 -1.0 -659.0 -379.0 531.0
8943 1195 6353 37 -1.0 -659.0 -379.0 601.0
8944 1196 6354 37 -1.0 -659.0 -379.0 671.0
8945 1197 6355 37 -1.0 -659.0 -309.0 -659.0
8946 1198 6356 37 -1.0 -659.0 -309.0 -589.0
8947 1199 6357 37 -1.0 -659.0 -309.0 -519.0
8948 1200 6358 37 -1.0 -659.0 -309.0 -449.0
8949 1201 6359 37 -1.0 -659.0 -309.0 -379.0
8950 1202 6360 37 -1.0 -659.0 -309.0 -309.0
8951 1203 6361 37 -1.0 -659.0 -309.0 -239.0
8952 1204 6362 37 -1.0 -659.0 -309.0 -169.0
8953 1205 6363 37 -1.0 -659.0 -309.0 -99.0
8954 1206 6364 37 -1.0 -659.0 -309.0 -29.0
8955 1207 6365 37 -1.0 -659.0 -309.0 41.0
8956 1208 6366 37 -1.0 -659.0 -309.0 111.0
8957 1209 6367 37 -1.0 -659.0 -309.0 181.0
8958 1210 6368 37 -1.0 -659.0 -309.0 251.0
8959 1211 6369 37 -1.0 -659.0 -309.0 321.0
8960 1212 6370 37 -1.0 -659.0 -309.0 391.0
8961 1213 6371 37 -1.0 -659.0 -309.0 461.0
8962 1214 6372 37 -1.0 -659.0 -309.0 531.0
8963 1215 6373 37 -1.0 -659.0 -309.0 601.0
8964 1216 6374 37 -1.0 -659.0 -309.0 671.0
8965 1217 6375 37 -1.0 -659.0 -239.0 -659.0
8966 1218 6376 37 -1.0 -659.0 -239.0 -589.0
8967 1219 6377 37 -1.0 -659.0 -239.0 -519.0
8968 1220 6378 37 -1.0 -659.0 -239.0 -449.0
8969 1221 6379 37 -1.0 -659.0 -239.0 -379.0
8970 1222 6380 37 -1.0 -659.0 -239.0 -309.0
8971 1223 6381 37 -1.0 -659.0 -239.0 -239.0
8972 1224 6382 37 -1.0 -659.0 -239.0 -169.0
8973 1225 6383 37 -1.0 -659.0 -239.0 -99.0
8974 1226 6384 37 -1.0 -659.0 -239.0 -29.0
8975 1227 6385 37 -1.0 -659.0 -239.0 41.0
8976 1228 6386 37 -1.0 -659.0 -239.0 111.0
8977 1229 6387 37 -1.0 -659.0 -239.0 181.0
8978 1230 6388 37 -1.0 -659.0 -239.0 251.0
8979 1231 6389 37 -1.0 -659.0 -239.0 321.0
8980 1232 6390 37 -1.0 -659.0 -239.0 391.0
8981 1233 6391 37 -1.0 -659.0 -239.0 461.0
8982 1234 6392 37 -1.0 -659.0 -239.0 531.0
8983 1235 6393 37 -1.0 -659.0 -239.0 601.0
8984 1236 6394 37 -1.0 -659.0 -239.0 671.0
8985 1237 6395 37 -1.0 -659.0 -169.0 -659.0
8986 1238 6396 37 -1.0 -659.0 -169.0 -589.0
8987 1239 6397 37 -1.0 -659.0 -169.0 -519.0
8988 1240 6398 37 -1.0 -659.0 -169.0 -449.0
8989 1241 6399 37 -1.0 -659.0 -169.0 -379.0
8990 1242 6400 37 -1.0 -659.0 -169.0 -309.0
8991 1243 6401 37 -1.0 -659.0 -169.0 -239.0
8992 1244 6402 37 -1.0 -659.0 -169.0 -169.0
8993 1245 6403 37 -1.0 -659.0 -169.0 -99.0
8994 1246 6404 37 -1.0 -659.0 -169.0 -29.0
8995 1247 6405 37 -1.0 -659.0 -169.0 41.0
8996 1248 6406 37 -1.0 -659.0 -169.0 111.0
8997 1249 6407 37 -1.0 -659.0 -169.0 181.0
8998 1250 6408 37 -1.0 -659.0 -169.0 251.0
8999 1251 6409 37 -1.0 -659.0 -169.0 321.0
9000 1252 6410 37 -1.0 -659.0 -169.0 391.0
9001 1253 6411 37 -1.0 -659.0 -169.0 461.0
9002 1254 6412 37 -1.0 -659.0 -169.0 531.0
9003 1255 6413 37 -1.0 -659.0 -169.0 601.0
9004 1256 6414 37 -1.0 -659.0 -169.0 671.0
9005 1257 6415 37 -1.0 -659.0 -99.0 -659.0
9006 1258 6416 37 -1.0 -659.0 -99.0 -589.0
9007 1259 6417 37 -1.0 -659.0 -99.0 -519.0
9008 1260 6418 37 -1.0 -659.0 -99.0 -449.0
9009 1261 6419 37 -1.0 -659.0 -99.0 -379.0
9010 1262 6420 37 -1.0 -659.0 -99.0 -309.0
9011 1263 6421 37 -1.0 -659.0 -99.0 -239.0
9012 1264 6422 37 -1.0 -659.0 -99.0 -169.0
9013 1265 6423 37 -1.0 -659.0 -99.0 -99.0
9014 1266 6424 37 -1.0 -659.0 -99.0 -29.0
9015 1267 6425 37 -1.0 -659.0 -99.0 41.0
9016 1268 6426 37 -1.0 -659.0 -99.0 111.0
9017 1269 6427 37 -1.0 -659.0 -99.0 181.0
9018 1270 6428 37 -1.0 -659.0 -99.0 251.0
9019 1271 6429 37 -1.0 -659.0 -99.0 321.0
9020 1272 6430 37 -1.0 -659.0 -99.0 391.0
9021 1273 6431 37 -1.0 -659.0 -99.0 461.0
9022 1274 6432 37 -1.0 -659.0 -99.0 531.0
9023 1275 6433 37 -1.0 -659.0 -99.0 601.0
9024 1276 6434 37 -1.0 -659.0 -99.0 671.0
9025 1277 6435 37 -1.0 -659.0 -29.0 -659.0
9026 1278 6436 37 -1.0 -659.0 -29.0 -589.0
9027 1279 6437 37 -1.0 -659.0 -29.0 -519.0
9028 1280 6438 37 -1.0 -659.0 -29.0 -449.0
9029 1281 6439 37 -1.0 -659.0 -29.0 -379.0
9030 1282 6440 37 -1.0 -659.0 -29.0 -309.0
9031 1283 6441 37 -1.0 -659.0 -29.0 -239.0
9032 1284 6442 37 -1.0 -659.0 -29.0 -169.0
9033 1285 6443 37 -1.0 -659.0 -29.0 -99.0
9034 1286 6444 37 -1.0 -659.0 -29.0 -29.0
9035 1287 6445 37 -1.0 -659.0 -29.0 41.0
9036 1288 6446 37 -1.0 -659.0 -29.0 111.0
9037 1289 6447 37 -1.0 -659.0 -29.0 181.0
9038 1290 6448 37 -1.0 -659.0 -29.0 251.0
9039 1291 6449 37 -1.0 -659.0 -29.0 321.0
9040 1292 6450 37 -1.0 -659.0 -29.0 391.0
9041 1293 6451 37 -1.0 -659.0 -29.0 461.0
9042 1294 6452 37 -1.0 -659.0 -29.0 531.0
9043 1295 6453 37 -1.0 -659.0 -29.0 601.0
9044 1296 6454 37 -1.0 -659.0 -29.0 671.0
9045 1297 6455 37 -1.0 -659.0 41.0 -659.0
9046 1298 6456 37 -1.0 -659.0 41.0 -589.0
9047 1299 6457 37 -1.0 -659.0 41.0 -519.0
9048 1300 6458 37 -1.0 -659.0 41.0 -449.0
9049 1301 6459 37 -1.0 -659.0 41.0 -379.0
9050 1302 6460 37 -1.0 -659.0 41.0 -309.0
9051 1303 6461 37 -1.0 -659.0 41.0 -239.0
9052 1304 6462 37 -1.0 -659.0 41.0 -169.0
9053 1305 6463 37 -1.0 -659.0 41.0 -99.0
9054 1306 6464 37 -1.0 -659.0 41.0 -29.0
9055 1307 6465 37 -1.0 -659.0 41.0 41.0
9056 1308 6466 37 -1.0 -659.0 41.0 111.0
9057 1309 6467 37 -1.0 -659.0 41.0 181.0
9058 1310 6468 37 -1.0 -659.0 41.0 251.0
9059 1311 6469 37 -1.0 -659.0 41.0 321.0
9060 1312 6470 37 -1.0 -659.0 41.0 391.0
9061 1313 6471 37 -1.0 -659.0 41.0 461.0
9062 1314 6472 37 -1.0 -659.0 41.0 531.0
9063 1315 6473 37 -1.0 -659.0 41.0 601.0
9064 1316 6474 37 -1.0 -659.0 41.0 671.0
9065 1317 6475 37 -1.0 -659.0 111.0 -659.0
9066 1318 6476 37 -1.0 -659.0 111.0 -589.0
9067 1319 6477 37 -1.0 -659.0 111.0 -519.0
9068 1320 6478 37 -1.0 -659.0 111.0 -449.0
9069 1321 6479 37 -1.0 -659.0 111.0 -379.0
9070 1322 6480 37 -1.0 -659.0 111.0 -309.0
9071 1323 6481 37 -1.0 -659.0 111.0 -239.0
9072 1324 6482 37 -1.0 -659.0 111.0 -169.0
9073 1325 6483 37 -1.0 -659.0 111.0 -99.0
9074 1326 6484 37 -1.0 -659.0 111.0 -29.0
9075 1327 6485 37 -1.0 -659.0 111.0 41.0
9076 1328 6486 37 -1.0 -659.0 111.0 111.0
9077 1329 6487 37 -1.0 -659.0 111.0 181.0
9078 1330 6488 37 -1.0 -659.0 111.0 251.0
9079 1331 6489 37 -1.0 -659.0 111.0 321.0
9080 1332 6490 37 -1.0 -659.0 111.0 391.0
9081 1333 6491 37 -1.0 -659.0 111.0 461.0
9082 1334 6492 37 -1.0 -659.0 111.0 531.0
9083 1335 6493 37 -1.0 -659.0 111.0 601.0
9084 1336 6494 37 -1.0 -659.0 111.0 671.0
9085 1337 6495 37 -1.0 -659.0 181.0 -659.0
9086 1338 6496 37 -1.0 -659.0 181.0 -589.0
9087 1339 6497 37 -1.0 -659.0 181.0 -519.0
9088 1340 6498 37 -1.0 -659.0 181.0 -449.0
9089 1341 6499 37 -1.0 -659.0 181.0 -379.0
9090 1342 6500 37 -1.0 -659.0 181.0 -309.0
9091 1343 6501 37 -1.0 -659.0 181.0 -239.0
9092 1344 6502 37 -1.0 -659.0 181.0 -169.0
9093 1345 6503 37 -1.0 -659.0 181.0 -99.0
9094 1346 6504 37 -1.0 -659.0 181.0 -29.0
9095 1347 6505 37 -1.0 -659.0 181.0 41.0
9096 1348 6506 37 -1.0 -659.0 181.0 111.0
9097 1349 6507 37 -1.0 -659.0 181.0 181.0
9098 1350 6508 37 -1.0 -659.0 181.0 251.0
9099 1351 6509 37 -1.0 -659.0 181.0 321.0
9100 1352 6510 37 -1.0 -659.0 181.0 391.0
9101 1353 6511 37 -1.0 -659.0 181.0 461.0
9102 1354 6512 37 -1.0 -659.0 181.0 531.0
9103 1355 6513 37 -1.0 -659.0 181.0 601.0
9104 1356 6514 37 -1.0 -659.0 181.0 671.0
9105 1357 6515 37 -1.0 -659.0 251.0 -659.0
9106 1358 6516 37 -1.0 -659.0 251.0 -589.0
9107 1359 6517 37 -1.0 -659.0 251.0 -519.0
9108 1360 6518 37 -1.0 -659.0 251.0 -449.0
9109 1361 6519 37 -1.0 -659.0 251.0 -379.0
9110 1362 6520 37 -1.0 -659.0 251.0 -309.0
9111 1363 6521 37 -1.0 -659.0 251.0 -239.0
9112 1364 6522 37 -1.0 -659.0 251.0 -169.0
9113 1365 6523 37 -1.0 -659.0 251.0 -99.0
9114 1366 6524 37 -1.0 -659.0 251.0 -29.0
9115 1367 6525 37 -1.0 -659.0 251.0 41.0
9116 1368 6526 37 -1.0 -659.0 251.0 111.0
9117 1369 6527 37 -1.0 -659.0 251.0 181.0
9118 1370 6528 37 -1.0 -659.0 251.0 251.0
9119 1371 6529 37 -1.0 -659.0 251.0 321.0
9120 1372 6530 37 -1.0 -659.0 251.0 391.0
9121 1373 6531 37 -1.0 -659.0 251.0 461.0
9122 1374 6532 37 -1.0 -659.0 251.0 531.0
9123 1375 6533 37 -1.0 -659.0 251.0 601.0
9124 1376 6534 37 -1.0 -659.0 251.0 671.0
9125 1377 6535 37 -1.0 -659.0 321.0 -659.0
9126 1378 6536 37 -1.0 -659.0 321.0 -589.0
9127 1379 6537 37 -1.0 -659.0 321.0 -519.0
9128 1380 6538 37 -1.0 -659.0 321.0 -449.0
9129 1381 6539 37 -1.0 -659.0 321.0 -379.0
9130 1382 6540 37 -1.0 -659.0 321.0 -309.0
9131 1383 6541 37 -1.0 -659.0 321.0 -239.0
9132 1384 6542 37 -1.0 -659.0 321.0 -169.0
9133 1385 6543 37 -1.0 -659.0 321.0 -99.0
9134 1386 6544 37 -1.0 -659.0 321.0 -29.0
9135 1387 6545 37 -1.0 -659.0 321.0 41.0
9136 1388 6546 37 -1.0 -659.0 321.0 111.0
9137 1389 6547 37 -1.0 -659.0 321.0 181.0
9138 1390 6548 37 -1.0 -659.0 321.0 251.0
9139 1391 6549 37 -1.0 -659.0 321.0 321.0
9140 1392 6550 37 -1.0 -659.0 321.0 391.0
9141 1393 6551 37 -1.0 -659.0 321.0 461.0
9142 1394 6552 37 -1.0 -659.0 321.0 531.0
9143 1395 6553 37 -1.0 -659.0 321.0 601.0
9144 1396 6554 37 -1.0 -659.0 321.0 671.0
9145 1397 6555 37 -1.0 -659.0 391.0 -659.0
9146 1398 6556 37 -1.0 -659.0 391.0 -589.0
9147 1399 6557 37 -1.0 -659.0 391.0 -519.0
9148 1400 6558 37 -1.0 -659.0 391.0 -449.0
9149 1401 6559 37 -1.0 -659.0 391.0 -379.0
9150 1402 6560 37 -1.0 -659.0 391.0 -309.0
9151 1403 6561 37 -1.0 -659.0 391.0 -239.0
9152 1404 6562 37 -1.0 -659.0 391.0 -169.0
9153 1405 6563 37 -1.0 -659.0 391.0 -99.0
9154 1406 6564 37 -1.0 -659.0 391.0 -29.0
9155 1407 6565 37 -1.0 -659.0 391.0 41.0
9156 1408 6566 37 -1.0 -659.0 391.0 111.0
9157 1409 6567 37 -1.0 -659.0 391.0 181.0
9158 1410 6568 37 -1.0 -659.0 391.0 251.0
9159 1411 6569 37 -1.0 -659.0 391.0 321.0
9160 1412 6570 37 -1.0 -659.0 391.0 391.0
9161 1413 6571 37 -1.0 -659.0 391.0 461.0
9162 1414 6572 37 -1.0 -659.0 391.0 531.0
9163 1415 6573 37 -1.0 -659.0 391.0 601.0
9164 1416 6574 37 -1.0 -659.0 391.0 671.0
9165 1417 6575 37 -1.0 -659.0 461.0 -659.0
9166 1418 6576 37 -1.0 -659.0 461.0 -589.0
9167 1419 6577 37 -1.0 -659.0 461.0 -519.0
9168 1420 6578 37 -1.0 -659.0 461.0 -449.0
9169 1421 6579 37 -1.0 -659.0 461.0 -379.0
9170 1422 6580 37 -1.0 -659.0 461.0 -309.0
9171 1423 6581 37 -1.0 -659.0 461.0 -239.0
9172 1424 6582 37 -1.0 -659.0 461.0 -169.0
9173 1425 6583 37 -1.0 -659.0 461.0 -99.0
9174 1426 6584 37 -1.0 -659.0 461.0 -29.0
9175 1427 6585 37 -1.0 -659.0 461.0 41.0
9176 1428 6586 37 -1.0 -659.0 461.0 111.0
9177 1429 6587 37 -1.0 -659.0 461.0 181.0
9178 1430 6588 37 -1.0 -659.0 461.0 251.0
9179 1431 6589 37 -1.0 -659.0 461.0 321.0
9180 1432 6590 37 -1.0 -659.0 461.0 391.0
9181 1433 6591 37 -1.0 -659.0 461.0 461.0
9182 1434 6592 37 -1.0 -659.0 461.0 531.0
9183 1435 6593 37 -1.0 -659.0 461.0 601.0
9184 1436 6594 37 -1.0 -659.0 461.0 671.0
9185 1437 6595 37 -1.0 -659.0 531.0 -659.0
9186 1438 6596 37 -1.0 -659.0 531.0 -589.0
9187 1439 6597 37 -1.0 -659.0 531.0 -519.0
9188 1440 6598 37 -1.0 -659.0 531.0 -449.0
9189 1441 6599 37 -1.0 -659.0 531.0 -379.0
9190 1442 6600 37 -1.0 -659.0 531.0 -309.0
9191 1443 6601 37 -1.0 -659.0 531.0 -239.0
9192 1444 6602 37 -1.0 -659.0 531.0 -169.0
9193 1445 6603 37 -1.0 -659.0 531.0 -99.0
9194 1446 6604 37 -1.0 -659.0 531.0 -29.0
9195 1447 6605 37 -1.0 -659.0 531.0 41.0
9196 1448 6606 37 -1.0 -659.0 531.0 111.0
9197 1449 6607 37 -1.0 -659.0 531.0 181.0
9198 1450 6608 37 -1.0 -659.0 531.0 251.0
9199 1451 6609 37 -1.0 -659.0 531.0 321.0
9200 1452 6610 37 -1.0 -659.0 531.0 391.0
9201 1453 6611 37 -1.0 -659.0 531.0 461.0
9202 1454 6612 37 -1.0 -659.0 531.0 531.0
9203 1455 6613 37 -1.0 -659.0 531.0 601.0
9204 1456 6614 37 -1.0 -659.0 531.0 671.0
9205 1457 6615 37 -1.0 -659.0 601.0 -659.0
9206 1458 6616 37 -1.0 -659.0 601.0 -589.0
9207 1459 6617 37 -1.0 -659.0 601.0 -519.0
9208 1460 6618 37 -1.0 -659.0 601.0 -449.0
9209 1461 6619 37 -1.0 -659.0 601.0 -379.0
9210 1462 6620 37 -1.0 -659.0 601.0 -309.0
9211 1463 6621 37 -1.0 -659.0 601.0 -239.0
9212 1464 6622 37 -1.0 -659.0 601.0 -169.0
9213 1465 6623 37 -1.0 -659.0 601.0 -99.0
9214 1466 6624 37 -1.0 -659.0 601.0 -29.0
9215 1467 6625 37 -1.0 -659.0 601.0 41.0
9216 1468 6626 37 -1.0 -659.0 601.0 111.0
9217 1469 6627 37 -1.0 -659.0 601.0 181.0
9218 1470 6628 37 -1.0 -659.0 601.0 251.0
9219 1471 6629 37 -1.0 -659.0 601.0 321.0
9220 1472 6630 37 -1.0 -659.0 601.0 391.0
9221 1473 6631 37 -1.0 -659.0 601.0 461.0
9222 1474 6632 37 -1.0 -659.0 601.0 531.0
9223 1475 6633 37 -1.0 -659.0 601.0 601.0
9224 1476 6634 37 -1.0 -659.0 601.0 671.0
9225 1477 6635 37 -1.0 -659.0 671.0 -659.0
9226 1478 6636 37 -1.0 -659.0 671.0 -589.0
9227 1479 6637 37 -1.0 -659.0 671.0 -519.0
9228 1480 6638 37 -1.0 -659.0 671.0 -449.0
9229 1481 6639 37 -1.0 -659.0 671.0 -379.0
9230 1482 6640 37 -1.0 -659.0 671.0 -309.0
9231 1483 6641 37 -1.0 -659.0 671.0 -239.0
9232 1484 6642 37 -1.0 -659.0 671.0 -169.0
9233 1485 6643 37 -1.0 -659.0 671.0 -99.0
9234 1486 6644 37 -1.0 -659.0 671.0 -29.0
9235 1487 6645 37 -1.0 -659.0 671.0 41.0
9236 1488 6646 37 -1.0 -659.0 671.0 111.0
9237 1489 6647 37 -1.0 -659.0 671.0 181.0
9238 1490 6648 37 -1.0 -659.0 671.0 251.0
9239 1491 6649 37 -1.0 -659.0 671.0 321.0
9240 1492 6650 37 -1.0 -659.0 671.0 391.0
9241 1493 6651 37 -1.0 -659.0 671.0 461.0
9242 1494 6652 37 -1.0 -659.0 671.0 531.0
9243 1495 6653 37 -1.0 -659.0 671.0 601.0
9244 1496 6654 37 -1.0 -659.0 671.0 671.0
9245 1497 6655 37 -1.0 -589.0 -659.0 -659.0
9246 1498 6656 37 -1.0 -589.0 -659.0 -589.0
9247 1499 6657 37 -1.0 -589.0 -659.0 -519.0
9248 1500 6658 37 -1.0 -589.0 -659.0 -449.0
9249 1501 6659 37 -1.0 -589.0 -659.0 -379.0
9250 1502 6660 37 -1.0 -589.0 -659.0 -309.0
9251 1503 6661 37 -1.0 -589.0 -659.0 -239.0
9252 1504 6662 37 -1.0 -589.0 -659.0 -169.0
9253 1505 6663 37 -1.0 -589.0 -659.0 -99.0
9254 1506 6664 37 -1.0 -589.0 -659.0 -29.0
9255 1507 6665 37 -1.0 -589.0 -659.0 41.0
9256 1508 6666 37 -1.0 -589.0 -659.0 111.0
9257 1509 6667 37 -1.0 -589.0 -659.0 181.0
9258 1510 6668 37 -1.0 -589.0 -659.0 251.0
9259 1511 6669 37 -1.0 -589.0 -659.0 321.0
9260 1512 6670 37 -1.0 -589.0 -659.0 391.0
9261 1513 6671 37 -1.0 -589.0 -659.0 461.0
9262 1514 6672 37 -1.0 -589.0 -659.0 531.0
9263 1515 6673 37 -1.0 -589.0 -659.0 601.0
9264 1516 6674 37 -1.0 -589.0 -659.0 671.0
9265 1517 6675 37 -1.0 -589.0 -589.0 -659.0
9266 1518 6676 37 -1.0 -589.0 -589.0 -589.0
9267 1519 6677 37 -1.0 -589.0 -589.0 -519.0
9268 1520 6678 37 -1.0 -589.0 -589.0 -449.0
9269 1521 6679 37 -1.0 -589.0 -589.0 -379.0
9270 1522 6680 37 -1.0 -589.0 -589.0 -309.0
9271 1523 6681 37 -1.0 -589.0 -589.0 -239.0
9272 1524 6682 37 -1.0 -589.0 -589.0 -169.0
9273 1525 6683 37 -1.0 -589.0 -589.0 -99.0
9274 1526 6684 37 -1.0 -589.0 -589.0 -29.0
9275 1527 6685 37 -1.0 -589.0 -589.0 41.0
9276 1528 6686 37 -1.0 -589.0 -589.0 111.0
9277 1529 6687 37 -1.0 -589.0 -589.0 181.0
9278 1530 6688 37 -1.0 -589.0 -589.0 251.0
9279 1531 6689 37 -1.0 -589.0 -589.0 321.0
9280 1532 6690 37 -1.0 -589.0 -589.0 391.0
9281 1533 6691 37 -1.0 -589.0 -589.0 461.0
9282 1534 6692 37 -1.0 -589.0 -589.0 531.0
9283 1535 6693 37 -1.0 -589.0 -589.0 601.0
9284 1536 6694 37 -1.0 -589.0 -589.0 671.0
9285 1537 6695 37 -1.0 -589.0 -519.0 -659.0
9286 1538 6696 37 -1.0 -589.0 -519.0 -589.0
9287 1539 6697 37 -1.0 -589.0 -519.0 -519.0
9288 1540 6698 37 -1.0 -589.0 -519.0 -449.0
9289 1541 6699 37 -1.0 -589.0 -519.0 -379.0
9290 1542 6700 37 -1.0 -589.0 -519.0 -309.0
9291 1543 6701 37 -1.0 -589.0 -519.0 -239.0
9292 1544 6702 37 -1.0 -589.0 -519.0 -169.0
9293 1545 6703 37 -1.0 -589.0 -519.0 -99.0
9294 1546 6704 37 -1.0 -589.0 -519.0 -29.0
9295 1547 6705 37 -1.0 -589.0 -519.0 41.0
9296 1548 6706 37 -1.0 -589.0 -519.0 111.0
9297 1549 6707 37 -1.0 -589.0 -519.0 181.0
9298 1550 6708 37 -1.0 -589.0 -519.0 251.0
9299 1551 6709 37 -1.0 -589.0 -519.0 321.0
9300 1552 6710 37 -1.0 -589.0 -519.0 391.0
9301 1553 6711 37 -1.0 -589.0 -519.0 461.0
9302 1554 6712 37 -1.0 -589.0 -519.0 531.0
9303 1555 6713 37 -1.0 -589.0 -519.0 601.0
9304 1556 6714 37 -1.0 -589.0 -519.0 671.0
9305 1557 6715 37 -1.0 -589.0 -449.0 -659.0
9306 1558 6716 37 -1.0 -589.0 -449.0 -589.0
9307 1559 6717 37 -1.0 -589.0 -449.0 -519.0
9308 1560 6718 37 -1.0 -589.0 -449.0 -449.0
9309 1561 6719 37 -1.0 -589.0 -449.0 -379.0
9310 1562 6720 37 -1.0 -589.0 -449.0 -309.0
9311 1563 6721 37 -1.0 -589.0 -449.0 -239.0
9312 1564 6722 37 -1.0 -589.0 -449.0 -169.0
9313 1565 6723 37 -1.0 -589.0 -449.0 -99.0
9314 1566 6724 37 -1.0 -589.0 -449.0 -29.0
9315 1567 6725 37 -1.0 -589.0 -449.0 41.0
9316 1568 6726 37 -1.0 -589.0 -449.0 111.0
9317 1569 6727 37 -1.0 -589.0 -449.0 181.0
9318 1570 6728 37 -1.0 -589.0 -449.0 251.0
9319 1571 6729 37 -1.0 -589.0 -449.0 321.0
9320 1572 6730 37 -1.0 -589.0 -449.0 391.0
9321 1573 6731 37 -1.0 -589.0 -449.0 461.0
9322 1574 6732 37 -1.0 -589.0 -449.0 531.0
9323 1575 6733 37 -1.0 -589.0 -449.0 601.0
9324 1576 6734 37 -1.0 -589.0 -449.0 671.0
9325 1577 6735 37 -1.0 -589.0 -379.0 -659.0
9326 1578 6736 37 -1.0 -589.0 -379.0 -589.0
9327 1579 6737 37 -1.0 -589.0 -379.0 -519.0
9328 1580 6738 37 -1.0 -589.0 -379.0 -449.0
9329 1581 6739 37 -1.0 -589.0 -379.0 -379.0
9330 1582 6740 37 -1.0 -589.0 -379.0 -309.0
9331 1583 6741 37 -1.0 -589.0 -379.0 -239.0
9332 1584 6742 37 -1.0 -589.0 -379.0 -169.0
9333 1585 6743 37 -1.0 -589.0 -379.0 -99.0
9334 1586 6744 37 -1.0 -589.0 -379.0 -29.0
9335 1587 6745 37 -1.0 -589.0 -379.0 41.0
9336 1588 6746 37 -1.0 -589.0 -379.0 111.0
9337 1589 6747 37 -1.0 -589.0 -379.0 181.0
9338 1590 6748 37 -1.0 -589.0 -379.0 251.0
9339 1591 6749 37 -1.0 -589.0 -379.0 321.0
9340 1592 6750 37 -1.0 -589.0 -379.0 391.0
9341 1593 6751 37 -1.0 -589.0 -379.0 461.0
9342 1594 6752 37 -1.0 -589.0 -379.0 531.0
9343 1595 6753 37 -1.0 -589.0 -379.0 601.0
9344 1596 6754 37 -1.0 -589.0 -379.0 671.0
9345 1597 6755 37 -1.0 -589.0 -309.0 -659.0
9346 1598 6756 37 -1.0 -589.0 -309.0 -589.0
9347 1599 6757 37 -1.0 -589.0 -309.0 -519.0
9348 1600 6758 37 -1.0 -589.0 -309.0 -449.0
9349 1601 6759 37 -1.0 -589.0 -309.0 -379.0
9350 1602 6760 37 -1.0 -589.0 -309.0 -309.0
9351 1603 6761 37 -1.0 -589.0 -309.0 -239.0
9352 1604 6762 37 -1.0 -589.0 -309.0 -169.0
9353 1605 6763 37 -1.0 -589.0 -309.0 -99.0
9354 1606 6764 37 -1.0 -589.0 -309.0 -29.0
9355 1607 6765 37 -1.0 -589.0 -309.0 41.0
9356 1608 6766 37 -1.0 -589.0 -309.0 111.0
9357 1609 6767 37 -1.0 -589.0 -309.0 181.0
9358 1610 6768 37 -1.0 -589.0 -309.0 251.0
9359 1611 6769 37 -1.0 -589.0 -309.0 321.0
9360 1612 6770 37 -1.0 -589.0 -309.0 391.0
9361 1613 6771 37 -1.0 -589.0 -309.0 461.0
9362 1614 6772 37 -1.0 -589.0 -309.0 531.0
9363 1615 6773 37 -1.0 -589.0 -309.0 601.0
9364 1616 6774 37 -1.0 -589.0 -309.0 671.0
9365 1617 6775 37 -1.0 -589.0 -239.0 -659.0
9366 1618 6776 37 -1.0 -589.0 -239.0 -589.0
9367 1619 6777 37 -1.0 -589.0 -239.0 -519.0
9368 1620 6778 37 -1.0 -589.0 -239.0 -449.0
9369 1621 6779 37 -1.0 -589.0 -239.0 -379.0
9370 1622 6780 37 -1.0 -589.0 -239.0 -309.0
9371 1623 6781 37 -1.0 -589.0 -239.0 -239.0
9372 1624 6782 37 -1.0 -589.0 -239.0 -169.0
9373 1625 6783 37 -1.0 -589.0 -239.0 -99.0
9374 1626 6784 37 -1.0 -589.0 -239.0 -29.0
9375 1627 6785 37 -1.0 -589.0 -239.0 41.0
9376 1628 6786 37 -1.0 -589.0 -239.0 111.0
9377 1629 6787 37 -1.0 -589.0 -239.0 181.0
9378 1630 6788 37 -1.0 -589.0 -239.0 251.0
9379 1631 6789 37 -1.0 -589.0 -239.0 321.0
9380 1632 6790 37 -1.0 -589.0 -239.0 391.0
9381 1633 6791 37 -1.0 -589.0 -239.0 461.0
9382 1634 6792 37 -1.0 -589.0 -239.0 531.0
9383 1635 6793 37 -1.0 -589.0 -239.0 601.0
9384 1636 6794 37 -1.0 -589.0 -239.0 671.0
9385 1637 6795 37 -1.0 -589.0 -169.0 -659.0
9386 1638 6796 37 -1.0 -589.0 -169.0 -589.0
9387 1639 6797 37 -1.0 -589.0 -169.0 -519.0
9388 1640 6798 37 -1.0 -589.0 -169.0 -449.0
9389 1641 6799 37 -1.0 -589.0 -169.0 -379.0
9390 1642 6800 37 -1.0 -589.0 -169.0 -309.0
9391 1643 6801 37 -1.0 -589.0 -169.0 -239.0
9392 1644 6802 37 -1.0 -589.0 -169.0 -169.0
9393 1645 6803 37 -1.0 -589.0 -169.0 -99.0
9394 1646 6804 37 -1.0 -589.0 -169.0 -29.0
9395 1647 6805 37 -1.0 -589.0 -169.0 41.0
9396 1648 6806 37 -1.0 -589.0 -169.0 111.0
9397 1649 6807 37 -1.0 -589.0 -169.0 181.0
9398 1650 6808 37 -1.0 -589.0 -169.0 251.0
9399 1651 6809 37 -1.0 -589.0 -169.0 321.0
9400 1652 6810 37 -1.0 -589.0 -169.0 391.0
9401 1653 6811 37 -1.0 -589.0 -169.0 461.0
9402 1654 6812 37 -1.0 -589.0 -169.0 531.0
9403 1655 6813 37 -1.0 -589.0 -169.0 601.0
9404 1656 6814 37 -1.0 -589.0 -169.0 671.0
9405 1657 6815 37 -1.0 -589.0 -99.0 -659.0
9406 1658 6816 37 -1.0 -589.0 -99.0 -589.0
9407 1659 6817 37 -1.0 -589.0 -99.0 -519.0
9408 1660 6818 37 -1.0 -589.0 -99.0 -449.0
9409 1661 6819 37 -1.0 -589.0 -99.0 -379.0
9410 1662 6820 37 -1.0 -589.0 -99.0 -309.0
9411 1663 6821 37 -1.0 -589.0 -99.0 -239.0
9412 1664 6822 37 -1.0 -589.0 -99.0 -169.0
9413 1665 6823 37 -1.0 -589.0 -99.0 -99.0
9414 1666 6824 37 -1.0 -589.0 -99.0 -29.0
9415 1667 6825 37 -1.0 -589.0 -99.0 41.0
9416 1668 6826 37 -1.0 -589.0 -99.0 111.0
9417 1669 6827 37 -1.0 -589.0 -99.0 181.0
9418 1670 6828 37 -1.0 -589.0 -99.0 251.0
9419 1671 6829 37 -1.0 -589.0 -99.0 321.0
9420 1672 6830 37 -1.0 -589.0 -99.0 391.0
9421 1673 6831 37 -1.0 -589.0 -99.0 461.0
9422 1674 6832 37 -1.0 -589.0 -99.0 531.0
9423 1675 6833 37 -1.0 -589.0 -99.0 601.0
9424 1676 6834 37 -1.0 -589.0 -99.0 671.0
9425 1677 6835 37 -1.0 -589.0 -29.0 -659.0
9426 1678 6836 37 -1.0 -589.0 -29.0 -589.0
9427 1679 6837 37 -1.0 -589.0 -29.0 -519.0
9428 1680 6838 37 -1.0 -589.0 -29.0 -449.0
9429 1681 6839 37 -1.0 -589.0 -29.0 -379.0
9430 1682 6840 37 -1.0 -589.0 -29.0 -309.0
9431 1683 6841 37 -1.0 -589.0 -29.0 -239.0
9432 1684 6842 37 -1.0 -589.0 -29.0 -169.0
9433 1685 6843 37 -1.0 -589.0 -29.0 -99.0
9434 1686 6844 37 -1.0 -589.0 -29.0 -29.0
9435 1687 6845 37 -1.0 -589.0 -29.0 41.0
9436 1688 6846 37 -1.0 -589.0 -29.0 111.0
9437 1689 6847 37 -1.0 -589.0 -29.0 181.0
9438 1690 6848 37 -1.0 -589.0 -29.0 251.0
9439 1691 6849 37 -1.0 -589.0 -29.0 321.0
9440 1692 6850 37 -1.0 -589.0 -29.0 391.0
9441 1693 6851 37 -1.0 -589.0 -29.0 461.0
9442 1694 6852 37 -1.0 -589.0 -29.0 531.0
9443 1695 6853 37 -1.0 -589.0 -29.0 601.0
9444 1696 6854 37 -1.0 -589.0 -29.0 671.0
9445 1697 6855 37 -1.0 -589.0 41.0 -659.0
9446 1698 6856 37 -1.0 -589.0 41.0 -589.0
9447 1699 6857 37 -1.0 -589.0 41.0 -519.0
9448 1700 6858 37 -1.0 -589.0 41.0 -449.0
9449 1701 6859 37 -1.0 -589.0 41.0 -379.0
9450 1702 6860 37 -1.0 -589.0 41.0 -309.0
9451 1703 6861 37 -1.0 -589.0 41.0 -239.0
9452 1704 6862 37 -1.0 -589.0 41.0 -169.0
9453 1705 6863 37 -1.0 -589.0 41.0 -99.0
9454 1706 6864 37 -1.0 -589.0 41.0 -29.0
9455 1707 6865 37 -1.0 -589.0 41.0 41.0
9456 1708 6866 37 -1.0 -589.0 41.0 111.0
9457 1709 6867 37 -1.0 -589.0 41.0 181.0
9458 1710 6868 37 -1.0 -589.0 41.0 251.0
9459 1711 6869 37 -1.0 -589.0 41.0 321.0
9460 1712 6870 37 -1.0 -589.0 41.0 391.0
9461 1713 6871 37 -1.0 -589.0 41.0 461.0
9462 1714 6872 37 -1.0 -589.0 41.0 531.0
9463 1715 6873 37 -1.0 -589.0 41.0 601.0
9464 1716 6874 37 -1.0 -589.0 41.0 671.0
9465 1717 6875 37 -1.0 -589.0 111.0 -659.0
9466 1718 6876 37 -1.0 -589.0 111.0 -589.0
9467 1719 6877 37 -1.0 -589.0 111.0 -519.0
9468 1720 6878 37 -1.0 -589.0 111.0 -449.0
9469 1721 6879 37 -1.0 -589.0 111.0 -379.0
9470 1722 6880 37 -1.0 -589.0 111.0 -309.0
9471 1723 6881 37 -1.0 -589.0 111.0 -239.0
9472 1724 6882 37 -1.0 -589.0 111.0 -169.0
9473 1725 6883 37 -1.0 -589.0 111.0 -99.0
9474 1726 6884 37 -1.0 -589.0 111.0 -29.0
9475 1727 6885 37 -1.0 -589.0 111.0 41.0
9476 1728 6886 37 -1.0 -589.0 111.0 111.0
9477 1729 6887 37 -1.0 -589.0 111.0 181.0
9478 1730 6888 37 -1.0 -589.0 111.0 251.0
9479 1731 6889 37 -1.0 -589.0 111.0 321.0
9480 1732 6890 37 -1.0 -589.0 111.0 391.0
9481 1733 6891 37 -1.0 -589.0 111.0 461.0
9482 1734 6892 37 -1.0 -589.0 111.0 531.0
9483 1735 6893 37 -1.0 -589.0 111.0 601.0
9484 1736 6894 37 -1.0 -589.0 111.0 671.0
9485 1737 6895 37 -1.0 -589.0 181.0 -659.0
9486 1738 6896 37 -1.0 -589.0 181.0 -589.0
9487 1739 6897 37 -1.0 -589.0 181.0 -519.0
9488 1740 6898 37 -1.0 -589.0 181.0 -449.0
9489 1741 6899 37 -1.0 -589.0 181.0 -379.0
9490 1742 6900 37 -1.0 -589.0 181.0 -309.0
9491 1743 6901 37 -1.0 -589.0 181.0 -239.0
9492 1744 6902 37 -1.0 -589.0 181.0 -169.0
9493 1745 6903 37 -1.0 -589.0 181.0 -99.0
9494 1746 6904 37 -1.0 -589.0 181.0 -29.0
9495 1747 6905 37 -1.0 -589.0 181.0 41.0
9496 1748 6906 37 -1.0 -589.0 181.0 111.0
9497 1749 6907 37 -1.0 -589.0 181.0 181.0
9498 1750 6908 37 -1.0 -589.0 181.0 251.0
9499 1751 6909 37 -1.0 -589.0 181.0 321.0
9500 1752 6910 37 -1.0 -589.0 181.0 391.0
9501 1753 6911 37 -1.0 -589.0 181.0 461.0
9502 1754 6912 37 -1.0 -589.0 181.0 531.0
9503 1755 6913 37 -1.0 -589.0 181.0 601.0
9504 1756 6914 37 -1.0 -589.0 181.0 671.0
9505 1757 6915 37 -1.0 -589.0 251.0 -659.0
9506 1758 6916 37 -1.0 -589.0 251.0 -589.0
9507 1759 6917 37 -1.0 -589.0 251.0 -519.0
9508 1760 6918 37 -1.0 -589.0 251.0 -449.0
9509 1761 6919 37 -1.0 -589.0 251.0 -379.0
9510 1762 6920 37 -1.0 -589.0 251.0 -309.0
9511 1763 6921 37 -1.0 -589.0 251.0 -239.0
9512 1764 6922 37 -1.0 -589.0 251.0 -169.0
9513 1765 6923 37 -1.0 -589.0 251.0 -99.0
9514 1766 6924 37 -1.0 -589.0 251.0 -29.0
9515 1767 6925 37 -1.0 -589.0 251.0 41.0
9516 1768 6926 37 -1.0 -589.0 251.0 111.0
9517 1769 6927 37 -1.0 -589.0 251.0 181.0
9518 1770 6928 37 -1.0 -589.0 251.0 251.0
9519 1771 6929 37 -1.0 -589.0 251.0 321.0
9520 1772 6930 37 -1.0 -589.0 251.0 391.0
9521 1773 6931 37 -1.0 -589.0 251.0 461.0
9522 1774 6932 37 -1.0 -589.0 251.0 531.0
9523 1775 6933 37 -1.0 -589.0 251.0 601.0
9524 1776 6934 37 -1.0 -589.0 251.0 671.0
9525 1777 6935 37 -1.0 -589.0 321.0 -659.0
9526 1778 6936 37 -1.0 -589.0 321.0 -589.0
9527 1779 6937 37 -1.0 -589.0 321.0 -519.0
9528 1780 6938 37 -1.0 -589.0 321.0 -449.0
9529 1781 6939 37 -1.0 -589.0 321.0 -379.0
9530 1782 6940 37 -1.0 -589.0 321.0 -309.0
9531 1783 6941 37 -1.0 -589.0 321.0 -239.0
9532 1784 6942 37 -1.0 -589.0 321.0 -169.0
9533 1785 6943 37 -1.0 -589.0 321.0 -99.0
9534 1786 6944 37 -1.0 -589.0 321.0 -29.0
9535 1787 6945 37 -1.0 -589.0 321.0 41.0
9536 1788 6946 37 -1.0 -589.0 321.0 111.0
9537 1789 6947 37 -1.0 -589.0 321.0 181.0
9538 1790 6948 37 -1.0 -589.0 321.0 251.0
9539 1791 6949 37 -1.0 -589.0 321.0 321.0
9540 1792 6950 37 -1.0 -589.0 321.0 391.0
9541 1793 6951 37 -1.0 -589.0 321.0 461.0
9542 1794 6952 37 -1.0 -589.0 321.0 531.0
9543 1795 6953 37 -1.0 -589.0 321.0 601.0
9544 1796 6954 37 -1.0 -589.0 321.0 671.0
9545 1797 6955 37 -1.0 -589.0 391.0 -659.0
9546 1798 6956 37 -1.0 -589.0 391.0 -589.0
9547 1799 6957 37 -1.0 -589.0 391.0 -519.0
9548 1800 6958 37 -1.0 -589.0 391.0 -449.0
9549 1801 6959 37 -1.0 -589.0 391.0 -379.0
9550 1802 6960 37 -1.0 -589.0 391.0 -309.0
9551 1803 6961 37 -1.0 -589.0 391.0 -239.0
9552 1804 6962 37 -1.0 -589.0 391.0 -169.0
9553 1805 6963 37 -1.0 -589.0 391.0 -99.0
9554 1806 6964 37 -1.0 -589.0 391.0 -29.0
9555 1807 6965 37 -1.0 -589.0 391.0 41.0
9556 1808 6966 37 -1.0 -589.0 391.0 111.0
9557 1809 6967 37 -1.0 -589.0 391.0 181.0
9558 1810 6968 37 -1.0 -589.0 391.0 251.0
9559 1811 6969 37 -1.0 -589.0 391.0 321.0
9560 1812 6970 37 -1.0 -589.0 391.0 391.0
9561 1813 6971 37 -1.0 -589.0 391.0 461.0
9562 1814 6972 37 -1.0 -589.0 391.0 531.0
9563 1815 6973 37 -1.0 -589.0 391.0 601.0
9564 1816 6974 37 -1.0 -589.0 391.0 671.0
9565 1817 6975 37 -1.0 -589.0 461.0 -659.0
9566 1818 6976 37 -1.0 -589.0 461.0 -589.0
9567 1819 6977 37 -1.0 -589.0 461.0 -519.0
9568 1820 6978 37 -1.0 -589.0 461.0 -449.0
9569 1821 6979 37 -1.0 -589.0 461.0 -379.0
9570 1822 6980 37 -1.0 -589.0 461.0 -309.0
9571 1823 6981 37 -1.0 -589.0 461.0 -239.0
9572 1824 6982 37 -1.0 -589.0 461.0 -169.0
9573 1825 6983 37 -1.0 -589.0 461.0 -99.0
9574 1826 6984 37 -1.0 -589.0 461.0 -29.0
9575 1827 6985 37 -1.0 -589.0 461.0 41.0
9576 1828 6986 37 -1.0 -589.0 461.0 111.0
9577 1829 6987 37 -1.0 -589.0 461.0 181.0
9578 1830 6988 37 -1.0 -589.0 461.0 251.0
9579 1831 6989 37 -1.0 -589.0 461.0 321.0
9580 1832 6990 37 -1.0 -589.0 461.0 391.0
9581 1833 6991 37 -1.0 -589.0 461.0 461.0
9582 1834 6992 37 -1.0 -589.0 461.0 531.0
9583 1835 6993 37 -1.0 -589.0 461.0 601.0
9584 1836 6994 37 -1.0 -589.0 461.0 671.0
9585 1837 6995 37 -1.0 -589.0 531.0 -659.0
9586 1838 6996 37 -1.0 -589.0 531.0 -589.0
9587 1839 6997 37 -1.0 -589.0 531.0 -519.0
9588 1840 6998 37 -1.0 -589.0 531.0 -449.0
9589 1841 6999 37 -1.0 -589.0 531.0 -379.0
9590 1842 7000 37 -1.0 -589.0 531.0 -309.0
9591 1843 7001 37 -1.0 -589.0 531.0 -239.0
9592 1844 7002 37 -1.0 -589.0 531.0 -169.0
9593 1845 7003 37 -1.0 -589.0 531.0 -99.0
9594 1846 7004 37 -1.0 -589.0 531.0 -29.0
9595 1847 7005 37 -1.0 -589.0 531.0 41.0
9596 1848 7006 37 -1.0 -589.0 531.0 111.0
9597 1849 7007 37 -1.0 -589.0 531.0 181.0
9598 1850 7008 37 -1.0 -589.0 531.0 251.0
9599 1851 7009 37 -1.0 -589.0 531.0 321.0
9600 1852 7010 37 -1.0 -589.0 531.0 391.0
9601 1853 7011 37 -1.0 -589.0 531.0 461.0
9602 1854 7012 37 -1.0 -589.0 531.0 531.0
9603 1855 7013 37 -1.0 -589.0 531.0 601.0
9604 1856 7014 37 -1.0 -589.0 531.0 671.0
9605 1857 7015 37 -1.0 -589.0 601.0 -659.0
9606 1858 7016 37 -1.0 -589.0 601.0 -589.0
9607 1859 7017 37 -1.0 -589.0 601.0 -519.0
9608 1860 7018 37 -1.0 -589.0 601.0 -449.0
9609 1861 7019 37 -1.0 -589.0 601.0 -379.0
9610 1862 7020 37 -1.0 -589.0 601.0 -309.0
9611 1863 7021 37 -1.0 -589.0 601.0 -239.0
9612 1864 7022 37 -1.0 -589.0 601.0 -169.0
9613 1865 7023 37 -1.0 -589.0 601.0 -99.0
9614 1866 7024 37 -1.0 -589.0 601.0 -29.0
9615 1867 7025 37 -1.0 -589.0 601.0 41.0
9616 1868 7026 37 -1.0 -589.0 601.0 111.0
9617 1869 7027 37 -1.0 -589.0 601.0 181.0
9618 1870 7028 37 -1.0 -589.0 601.0 251.0
9619 1871 7029 37 -1.0 -589.0 601.0 321.0
9620 1872 7030 37 -1.0 -589.0 601.0 391.0
9621 1873 7031 37 -1.0 -589.0 601.0 461.0
9622 1874 7032 37 -1.0 -589.0 601.0 531.0
9623 1875 7033 37 -1.0 -589.0 601.0 601.0
9624 1876 7034 37 -1.0 -589.0 601.0 671.0
9625 1877 7035 37 -1.0 -589.0 671.0 -659.0
9626 1878 7036 37 -1.0 -589.0 671.0 -589.0
9627 1879 7037 37 -1.0 -589.0 671.0 -519.0
9628 1880 7038 37 -1.0 -589.0 671.0 -449.0
9629 1881 7039 37 -1.0 -589.0 671.0 -379.0
9630 1882 7040 37 -1.0 -589.0 671.0 -309.0
9631 1883 7041 37 -1.0 -589.0 671.0 -239.0
9632 1884 7042 37 -1.0 -589.0 671.0 -169.0
9633 1885 7043 37 -1.0 -589.0 671.0 -99.0
9634 1886 7044 37 -1.0 -589.0 671.0 -29.0
9635 1887 7045 37 -1.0 -589.0 671.0 41.0
9636 1888 7046 37 -1.0 -589.0 671.0 111.0
9637 1889 7047 37 -1.0 -589.0 671.0 181.0
9638 1890 7048 37 -1.0 -589.0 671.0 251.0
9639 1891 7049 37 -1.0 -589.0 671.0 321.0
9640 1892 7050 37 -1.0 -589.0 671.0 391.0
9641 1893 7051 37 -1.0 -589.0 671.0 461.0
9642 1894 7052 37 -1.0 -589.0 671.0 531.0
9643 1895 7053 37 -1.0 -589.0 671.0 601.0
9644 1896 7054 37 -1.0 -589.0 671.0 671.0
9645 1897 7055 37 -1.0 -519.0 -659.0 -659.0
9646 1898 7056 37 -1.0 -519.0 -659.0 -589.0
9647 1899 7057 37 -1.0 -519.0 -659.0 -519.0
9648 1900 7058 37 -1.0 -519.0 -659.0 -449.0
9649 1901 7059 37 -1.0 -519.0 -659.0 -379.0
9650 1902 7060 37 -1.0 -519.0 -659.0 -309.0
9651 1903 7061 37 -1.0 -519.0 -659.0 -239.0
9652 1904 7062 37 -1.0 -519.0 -659.0 -169.0
9653 1905 7063 37 -1.0 -519.0 -659.0 -99.0
9654 1906 7064 37 -1.0 -519.0 -659.0 -29.0
9655 1907 7065 37 -1.0 -519.0 -659.0 41.0
9656 1908 7066 37 -1.0 -519.0 -659.0 111.0
9657 1909 7067 37 -1.0 -519.0 -659.0 181.0
9658 1910 7068 37 -1.0 -519.0 -659.0 251.0
9659 1911 7069 37 -1.0 -519.0 -659.0 321.0
9660 1912 7070 37 -1.0 -519.0 -659.0 391.0
9661 1913 7071 37 -1.0 -519.0 -659.0 461.0
9662 1914 7072 37 -1.0 -519.0 -659.0 531.0
9663 1915 7073 37 -1.0 -519.0 -659.0 601.0
9664 1916 7074 37 -1.0 -519.0 -659.0 671.0
9665 1917 7075 37 -1.0 -519.0 -589.0 -659.0
9666 1918 7076 37 -1.0 -519.0 -589.0 -589.0
9667 1919 7077 37 -1.0 -519.0 -589.0 -519.0
9668 1920 7078 37 -1.0 -519.0 -589.0 -449.0
9669 1921 7079 37 -1.0 -519.0 -589.0 -379.0
9670 1922 7080 37 -1.0 -519.0 -589.0 -309.0
9671 1923 7081 37 -1.0 -519.0 -589.0 -239.0
9672 1924 7082 37 -1.0 -519.0 -589.0 -169.0
9673 1925 7083 37 -1.0 -519.0 -589.0 -99.0
9674 1926 7084 37 -1.0 -519.0 -589.0 -29.0
9675 1927 7085 37 -1.0 -519.0 -589.0 41.0
9676 1928 7086 37 -1.0 -519.0 -589.0 111.0
9677 1929 7087 37 -1.0 -519.0 -589.0 181.0
9678 1930 7088 37 -1.0 -519.0 -589.0 251.0
9679 1931 7089 37 -1.0 -519.0 -589.0 321.0
9680 1932 7090 37 -1.0 -519.0 -589.0 391.0
9681 1933 7091 37 -1.0 -519.0 -589.0 461.0
9682 1934 7092 37 -1.0 -519.0 -589.0 531.0
9683 1935 7093 37 -1.0 -519.0 -589.0 601.0
9684 1936 7094 37 -1.0 -519.0 -589.0 671.0
9685 1937 7095 37 -1.0 -519.0 -519.0 -659.0
9686 1938 7096 37 -1.0 -519.0 -519.0 -589.0
9687 1939 7097 37 -1.0 -519.0 -519.0 -519.0
9688 1940 7098 37 -1.0 -519.0 -519.0 -449.0
9689 1941 7099 37 -1.0 -519.0 -519.0 -379.0
9690 1942 7100 37 -1.0 -519.0 -519.0 -309.0
9691 1943 7101 37 -1.0 -519.0 -519.0 -239.0
9692 1944 7102 37 -1.0 -519.0 -519.0 -169.0
9693 1945 7103 37 -1.0 -519.0 -519.0 -99.0
9694 1946 7104 37 -1.0 -519.0 -519.0 -29.0
9695 1947 7105 37 -1.0 -519.0 -519.0 41.0
9696 1948 7106 37 -1.0 -519.0 -519.0 111.0
9697 1949 7107 37 -1.0 -519.0 -519.0 181.0
9698 1950 7108 37 -1.0 -519.0 -519.0 251.0
9699 1951 7109 37 -1.0 -519.0 -519.0 321.0
9700 1952 7110 37 -1.0 -519.0 -519.0 391.0
9701 1953 7111 37 -1.0 -519.0 -519.0 461.0
9702 1954 7112 37 -1.0 -519.0 -519.0 531.0
9703 1955 7113 37 -1.0 -519.0 -519.0 601.0
9704 1956 7114 37 -1.0 -519.0 -519.0 671.0
9705 1957 7115 37 -1.0 -519.0 -449.0 -659.0
9706 1958 7116 37 -1.0 -519.0 -449.0 -589.0
9707 1959 7117 37 -1.0 -519.0 -449.0 -519.0
9708 1960 7118 37 -1.0 -519.0 -449.0 -449.0
9709 1961 7119 37 -1.0 -519.0 -449.0 -379.0
9710 1962 7120 37 -1.0 -519.0 -449.0 -309.0
9711 1963 7121 37 -1.0 -519.0 -449.0 -239.0
9712 1964 7122 37 -1.0 -519.0 -449.0 -169.0
9713 1965 7123 37 -1.0 -519.0 -449.0 -99.0
9714 1966 7124 37 -1.0 -519.0 -449.0 -29.0
9715 1967 7125 37 -1.0 -519.0 -449.0 41.0
9716 1968 7126 37 -1.0 -519.0 -449.0 111.0
9717 1969 7127 37 -1.0 -519.0 -449.0 181.0
9718 1970 7128 37 -1.0 -519.0 -449.0 251.0
9719 1971 7129 37 -1.0 -519.0 -449.0 321.0
9720 1972 7130 37 -1.0 -519.0 -449.0 391.0
9721 1973 7131 37 -1.0 -519.0 -449.0 461.0
9722 1974 7132 37 -1.0 -519.0 -449.0 531.0
9723 1975 7133 37 -1.0 -519.0 -449.0 601.0
9724 1976 7134 37 -1.0 -519.0 -449.0 671.0
9725 1977 7135 37 -1.0 -519.0 -379.0 -659.0
9726 1978 7136 37 -1.0 -519.0 -379.0 -589.0
9727 1979 7137 37 -1.0 -519.0 -379.0 -519.0
9728 1980 7138 37 -1.0 -519.0 -379.0 -449.0
9729 1981 7139 37 -1.0 -519.0 -379.0 -379.0
9730 1982 7140 37 -1.0 -519.0 -379.0 -309.0
9731 1983 7141 37 -1.0 -519.0 -379.0 -239.0
9732 1984 7142 37 -1.0 -519.0 -379.0 -169.0
9733 1985 7143 37 -1.0 -519.0 -379.0 -99.0
9734 1986 7144 37 -1.0 -519.0 -379.0 -29.0
9735 1987 7145 37 -1.0 -519.0 -379.0 41.0
9736 1988 7146 37 -1.0 -519.0 -379.0 111.0
9737 1989 7147 37 -1.0 -519.0 -379.0 181.0
9738 1990 7148 37 -1.0 -519.0 -379.0 251.0
9739 1991 7149 37 -1.0 -519.0 -379.0 321.0
9740 1992 7150 37 -1.0 -519.0 -379.0 391.0
9741 1993 7151 37 -1.0 -519.0 -379.0 461.0
9742 1994 7152 37 -1.0 -519.0 -379.0 531.0
9743 1995 7153 37 -1.0 -519.0 -379.0 601.0
9744 1996 7154 37 -1.0 -519.0 -379.0 671.0
9745 1997 7155 37 -1.0 -519.0 -309.0 -659.0
9746 1998 7156 37 -1.0 -519.0 -309.0 -589.0
9747 1999 7157 37 -1.0 -519.0 -309.0 -519.0
9748 2000 7158 37 -1.0 -519.0 -309.0 -449.0
9749 2001 7159 37 -1.0 -519.0 -309.0 -379.0
9750 2002 7160 37 -1.0 -519.0 -309.0 -309.0
9751 2003 7161 37 -1.0 -519.0 -309.0 -239.0
9752 2004 7162 37 -1.0 -519.0 -309.0 -169.0
9753 2005 7163 37 -1.0 -519.0 -309.0 -99.0
9754 2006 7164 37 -1.0 -519.0 -309.0 -29.0
9755 2007 7165 37 -1.0 -519.0 -309.0 41.0
9756 2008 7166 37 -1.0 -519.0 -309.0 111.0
9757 2009 7167 37 -1.0 -519.0 -309.0 181.0
9758 2010 7168 37 -1.0 -519.0 -309.0 251.0
9759 2011 7169 37 -1.0 -519.0 -309.0 321.0
9760 2012 7170 37 -1.0 -519.0 -309.0 391.0
9761 2013 7171 37 -1.0 -519.0 -309.0 461.0
9762 2014 7172 37 -1.0 -519.0 -309.0 531.0
9763 2015 7173 37 -1.0 -519.0 -309.0 601.0
9764 2016 7174 37 -1.0 -519.0 -309.0 671.0
9765 2017 7175 37 -1.0 -519.0 -239.0 -659.0
9766 2018 7176 37 -1.0 -519.0 -239.0 -589.0
9767 2019 7177 37 -1.0 -519.0 -239.0 -519.0
9768 2020 7178 37 -1.0 -519.0 -239.0 -449.0
9769 2021 7179 37 -1.0 -519.0 -239.0 -379.0
9770 2022 7180 37 -1.0 -519.0 -239.0 -309.0
9771 2023 7181 37 -1.0 -519.0 -239.0 -239.0
9772 2024 7182 37 -1.0 -519.0 -239.0 -169.0
9773 2025 7183 37 -1.0 -519.0 -239.0 -99.0
9774 2026 7184 37 -1.0 -519.0 -239.0 -29.0
9775 2027 7185 37 -1.0 -519.0 -239.0 41.0
9776 2028 7186 37 -1.0 -519.0 -239.0 111.0
9777 2029 7187 37 -1.0 -519.0 -239.0 181.0
9778 2030 7188 37 -1.0 -519.0 -239.0 251.0
9779 2031 7189 37 -1.0 -519.0 -239.0 321.0
9780 2032 7190 37 -1.0 -519.0 -239.0 391.0
9781 2033 7191 37 -1.0 -519.0 -239.0 461.0
9782 2034 7192 37 -1.0 -519.0 -239.0 531.0
9783 2035 7193 37 -1.0 -519.0 -239.0 601.0
9784 2036 7194 37 -1.0 -519.0 -239.0 671.0
9785 2037 7195 37 -1.0 -519.0 -169.0 -659.0
9786 2038 7196 37 -1.0 -519.0 -169.0 -589.0
9787 2039 7197 37 -1.0 -519.0 -169.0 -519.0
9788 2040 7198 37 -1.0 -519.0 -169.0 -449.0
9789 2041 7199 37 -1.0 -519.0 -169.0 -379.0
9790 2042 7200 37 -1.0 -519.0 -169.0 -309.0
9791 2043 7201 37 -1.0 -519.0 -169.0 -239.0
9792 2044 7202 37 -1.0 -519.0 -169.0 -169.0
9793 2045 7203 37 -1.0 -519.0 -169.0 -99.0
9794 2046 7204 37 -1.0 -519.0 -169.0 -29.0
9795 2047 7205 37 -1.0 -519.0 -169.0 41.0
9796 2048 7206 37 -1.0 -519.0 -169.0 111.0
9797 2049 7207 37 -1.0 -519.0 -169.0 181.0
9798 2050 7208 37 -1.0 -519.0 -169.0 251.0
9799 2051 7209 37 -1.0 -519.0 -169.0 321.0
9800 2052 7210 37 -1.0 -519.0 -169.0 391.0
9801 2053 7211 37 -1.0 -519.0 -169.0 461.0
9802 2054 7212 37 -1.0 -519.0 -169.0 531.0
9803 2055 7213 37 -1.0 -519.0 -169.0 601.0
9804 2056 7214 37 -1.0 -519.0 -169.0 671.0
9805 2057 7215 37 -1.0 -519.0 -99.0 -659.0
9806 2058 7216 37 -1.0 -519.0 -99.0 -589.0
9807 2059 7217 37 -1.0 -519.0 -99.0 -519.0
9808 2060 7218 37 -1.0 -519.0 -99.0 -449.0
9809 2061 7219 37 -1.0 -519.0 -99.0 -379.0
9810 2062 7220 37 -1.0 -519.0 -99.0 -309.0
9811 2063 7221 37 -1.0 -519.0 -99.0 -239.0
9812 2064 7222 37 -1.0 -519.0 -99.0 -169.0
9813 2065 7223 37 -1.0 -519.0 -99.0 -99.0
9814 2066 7224 37 -1.0 -519.0 -99.0 -29.0
9815 2067 7225 37 -1.0 -519.0 -99.0 41.0
9816 2068 7226 37 -1.0 -519.0 -99.0 111.0
9817 2069 7227 37 -1.0 -519.0 -99.0 181.0
9818 2070 7228 37 -1.0 -519.0 -99.0 251.0
9819 2071 7229 37 -1.0 -519.0 -99.0 321.0
9820 2072 7230 37 -1.0 -519.0 -99.0 391.0
9821 2073 7231 37 -1.0 -519.0 -99.0 461.0
9822 2074 7232 37 -1.0 -519.0 -99.0 531.0
9823 2075 7233 37 -1.0 -519.0 -99.0 601.0
9824 2076 7234 37 -1.0 -519.0 -99.0 671.0
9825 2077 7235 37 -1.0 -519.0 -29.0 -659.0
9826 2078 7236 37 -1.0 -519.0 -29.0 -589.0
9827 2079 7237 37 -1.0 -519.0 -29.0 -519.0
9828 2080 7238 37 -1.0 -519.0 -29.0 -449.0
9829 2081 7239 37 -1.0 -519.0 -29.0 -379.0
9830 2082 7240 37 -1.0 -519.0 -29.0 -309.0
9831 2083 7241 37 -1.0 -519.0 -29.0 -239.0
9832 2084 7242 37 -1.0 -519.0 -29.0 -169.0
9833 2085 7243 37 -1.0 -519.0 -29.0 -99.0
9834 2086 7244 37 -1.0 -519.0 -29.0 -29.0
9835 2087 7245 37 -1.0 -519.0 -29.0 41.0
9836 2088 7246 37 -1.0 -519.0 -29.0 111.0
9837 2089 7247 37 -1.0 -519.0 -29.0 181.0
9838 2090 7248 37 -1.0 -519.0 -29.0 251.0
9839 2091 7249 37 -1.0 -519.0 -29.0 321.0
9840 2092 7250 37 -1.0 -519.0 -29.0 391.0
9841 2093 7251 37 -1.0 -519.0 -29.0 461.0
9842 2094 7252 37 -1.0 -519.0 -29.0 531.0
9843 2095 7253 37 -1.0 -519.0 -29.0 601.0
9844 2096 7254 37 -1.0 -519.0 -29.0 671.0
9845 2097 7255 37 -1.0 -519.0 41.0 -659.0
9846 2098 7256 37 -1.0 -519.0 41.0 -589.0
9847 2099 7257 37 -1.0 -519.0 41.0 -519.0
9848 2100 7258 37 -1.0 -519.0 41.0 -449.0
9849 2101 7259 37 -1.0 -519.0 41.0 -379.0
9850 2102 7260 37 -1.0 -519.0 41.0 -309.0
9851 2103 7261 37 -1.0 -519.0 41.0 -239.0
9852 2104 7262 37 -1.0 -519.0 41.0 -169.0
9853 2105 7263 37 -1.0 -519.0 41.0 -99.0
9854 2106 7264 37 -1.0 -519.0 41.0 -29.0
9855 2107 7265 37 -1.0 -519.0 41.0 41.0
9856 2108 7266 37 -1.0 -519.0 41.0 111.0
9857 2109 7267 37 -1.0 -519.0 41.0 181.0
9858 2110 7268 37 -1.0 -519.0 41.0 251.0
9859 2111 7269 37 -1.0 -519.0 41.0 321.0
9860 2112 7270 37 -1.0 -519.0 41.0 391.0
9861 2113 7271 37 -1.0 -519.0 41.0 461.0
9862 2114 7272 37 -1.0 -519.0 41.0 531.0
9863 2115 7273 37 -1.0 -519.0 41.0 601.0
9864 2116 7274 37 -1.0 -519.0 41.0 671.0
9865 2117 7275 37 -1.0 -519.0 111.0 -659.0
9866 2118 7276 37 -1.0 -519.0 111.0 -589.0
9867 2119 7277 37 -1.0 -519.0 111.0 -519.0
9868 2120 7278 37 -1.0 -519.0 111.0 -449.0
9869 2121 7279 37 -1.0 -519.0 111.0 -379.0
9870 2122 7280 37 -1.0 -519.0 111.0 -309.0
9871 2123 7281 37 -1.0 -519.0 111.0 -239.0
9872 2124 7282 37 -1.0 -519.0 111.0 -169.0
9873 2125 7283 37 -1.0 -519.0 111.0 -99.0
9874 2126 7284 37 -1.0 -519.0 111.0 -29.0
9875 2127 7285 37 -1.0 -519.0 111.0 41.0
9876 2128 7286 37 -1.0 -519.0 111.0 111.0
9877 2129 7287 37 -1.0 -519.0 111.0 181.0
9878 2130 7288 37 -1.0 -519.0 111.0 251.0
9879 2131 7289 37 -1.0 -519.0 111.0 321.0
9880 2132 7290 37 -1.0 -519.0 111.0 391.0
9881 2133 7291 37 -1.0 -519.0 111.0 461.0
9882 2134 7292 37 -1.0 -519.0 111.0 531.0
9883 2135 7293 37 -1.0 -519.0 111.0 601.0
9884 2136 7294 37 -1.0 -519.0 111.0 671.0
9885 2137 7295 37 -1.0 -519.0 181.0 -659.0
9886 2138 7296 37 -1.0 -519.0 181.0 -589.0
9887 2139 7297 37 -1.0 -519.0 181.0 -519.0
9888 2140 7298 37 -1.0 -519.0 181.0 -449.0
9889 2141 7299 37 -1.0 -519.0 181.0 -379.0
9890 2142 7300 37 -1.0 -519.0 181.0 -309.0
9891 2143 7301 37 -1.0 -519.0 181.0 -239.0
9892 2144 7302 37 -1.0 -519.0 181.0 -169.0
9893 2145 7303 37 -1.0 -519.0 181.0 -99.0
9894 2146 7304 37 -1.0 -519.0 181.0 -29.0
9895 2147 7305 37 -1.0 -519.0 181.0 41.0
9896 2148 7306 37 -1.0 -519.0 181.0 111.0
9897 2149 7307 37 -1.0 -519.0 181.0 181.0
9898 2150 7308 37 -1.0 -519.0 181.0 251.0
9899 2151 7309 37 -1.0 -519.0 181.0 321.0
9900 2152 7310 37 -1.0 -519.0 181.0 391.0
9901 2153 7311 37 -1.0 -519.0 181.0 461.0
9902 2154 7312 37 -1.0 -519.0 181.0 531.0
9903 2155 7313 37 -1.0 -519.0 181.0 601.0
9904 2156 7314 37 -1.0 -519.0 181.0 671.0
9905 2157 7315 37 -1.0 -519.0 251.0 -659.0
9906 2158 7316 37 -1.0 -519.0 251.0 -589.0
9907 2159 7317 37 -1.0 -519.0 251.0 -519.0
9908 2160 7318 37 -1.0 -519.0 251.0 -449.0
9909 2161 7319 37 -1.0 -519.0 251.0 -379.0
9910 2162 7320 37 -1.0 -519.0 251.0 -309.0
9911 2163 7321 37 -1.0 -519.0 251.0 -239.0
9912 2164 7322 37 -1.0 -519.0 251.0 -169.0
9913 2165 7323 37 -1.0 -519.0 251.0 -99.0
9914 2166 7324 37 -1.0 -519.0 251.0 -29.0
9915 2167 7325 37 -1.0 -519.0 251.0 41.0
9916 2168 7326 37 -1.0 -519.0 251.0 111.0
9917 2169 7327 37 -1.0 -519.0 251.0 181.0
9918 2170 7328 37 -1.0 -519.0 251.0 251.0
9919 2171 7329 37 -1.0 -519.0 251.0 321.0
9920 2172 7330 37 -1.0 -519.0 251.0 391.0
9921 2173 7331 37 -1.0 -519.0 251.0 461.0
9922 2174 7332 37 -1.0 -519.0 251.0 531.0
9923 2175 7333 37 -1.0 -519.0 251.0 601.0
9924 2176 7334 37 -1.0 -519.0 251.0 671.0
9925 2177 7335 37 -1.0 -519.0 321.0 -659.0
9926 2178 7336 37 -1.0 -519.0 321.0 -589.0
9927 2179 7337 37 -1.0 -519.0 321.0 -519.0
9928 2180 7338 37 -1.0 -519.0 321.0 -449.0
9929 2181 7339 37 -1.0 -519.0 321.0 -379.0
9930 2182 7340 37 -1.0 -519.0 321.0 -309.0
9931 2183 7341 37 -1.0 -519.0 321.0 -239.0
9932 2184 7342 37 -1.0 -519.0 321.0 -169.0
9933 2185 7343 37 -1.0 -519.0 321.0 -99.0
9934 2186 7344 37 -1.0 -519.0 321.0 -29.0
9935 2187 7345 37 -1.0 -519.0 321.0 41.0
9936 2188 7346 37 -1.0 -519.0 321.0 111.0
9937 2189 7347 37 -1.0 -519.0 321.0 181.0
9938 2190 7348 37 -1.0 -519.0 321.0 251.0
9939 2191 7349 37 -1.0 -519.0 321.0 321.0
9940 2192 7350 37 -1.0 -519.0 321.0 391.0
9941 2193 7351 37 -1.0 -519.0 321.0 461.0
9942 2194 7352 37 -1.0 -519.0 321.0 531.0
9943 2195 7353 37 -1.0 -519.0 321.0 601.0
9944 2196 7354 37 -1.0 -519.0 321.0 671.0
9945 2197 7355 37 -1.0 -519.0 391.0 -659.0
9946 2198 7356 37 -1.0 -519.0 391.0 -589.0
9947 2199 7357 37 -1.0 -519.0 391.0 -519.0
9948 2200 7358 37 -1.0 -519.0 391.0 -449.0
9949 2201 7359 37 -1.0 -519.0 391.0 -379.0
9950 2202 7360 37 -1.0 -519.0 391.0 -309.0
9951 2203 7361 37 -1.0 -519.0 391.0 -239.0
9952 2204 7362 37 -1.0 -519.0 391.0 -169.0
9953 2205 7363 37 -1.0 -519.0 391.0 -99.0
9954 2206 7364 37 -1.0 -519.0 391.0 -29.0
9955 2207 7365 37 -1.0 -519.0 391.0 41.0
9956 2208 7366 37 -1.0 -519.0 391.0 111.0
9957 2209 7367 37 -1.0 -519.0 391.0 181.0
9958 2210 7368 37 -1.0 -519.0 391.0 251.0
9959 2211 7369 37 -1.0 -519.0 391.0 321.0
9960 2212 7370 37 -1.0 -519.0 391.0 391.0
9961 2213 7371 37 -1.0 -519.0 391.0 461.0
9962 2214 7372 37 -1.0 -519.0 391.0 531.0
9963 2215 7373 37 -1.0 -519.0 391.0 601.0
9964 2216 7374 37 -1.0 -519.0 391.0 671.0
9965 2217 7375 37 -1.0 -519.0 461.0 -659.0
9966 2218 7376 37 -1.0 -519.0 461.0 -589.0
9967 2219 7377 37 -1.0 -519.0 461.0 -519.0
9968 2220 7378 37 -1.0 -519.0 461.0 -449.0
9969 2221 7379 37 -1.0 -519.0 461.0 -379.0
9970 2222 7380 37 -1.0 -519.0 461.0 -309.0
9971 2223 7381 37 -1.0 -519.0 461.0 -239.0
9972 2224 7382 37 -1.0 -519.0 461.0 -169.0
9973 2225 7383 37 -1.0 -519.0 461.0 -99.0
9974 2226 7384 37 -1.0 -519.0 461.0 -29.0
9975 2227 7385 37 -1.0 -519.0 461.0 41.0
9976 2228 7386 37 -1.0 -519.0 461.0 111.0
9977 2229 7387 37 -1.0 -519.0 461.0 181.0
9978 2230 7388 37 -1.0 -519.0 461.0 251.0
9979 2231 7389 37 -1.0 -519.0 461.0 321.0
9980 2232 7390 37 -1.0 -519.0 461.0 391.0
9981 2233 7391 37 -1.0 -519.0 461.0 461.0
9982 2234 7392 37 -1.0 -519.0 461.0 531.0
9983 2235 7393 37 -1.0 -519.0 461.0 601.0
9984 2236 7394 37 -1.0 -519.0 461.0 671.0
9985 2237 7395 37 -1.0 -519.0 531.0 -659.0
9986 2238 7396 37 -1.0 -519.0 531.0 -589.0
9987 2239 7397 37 -1.0 -519.0 531.0 -519.0
9988 2240 7398 37 -1.0 -519.0 531.0 -449.0
9989 2241 7399 37 -1.0 -519.0 531.0 -379.0
9990 2242 7400 37 -1.0 -519.0 531.0 -309.0
9991 2243 7401 37 -1.0 -519.0 531.0 -239.0
9992 2244 7402 37 -1.0 -519.0 531.0 -169.0
9993 2245 7403 37 -1.0 -519.0 531.0 -99.0
9994 2246 7404 37 -1.0 -519.0 531.0 -29.0
9995 2247 7405 37 -1.0 -519.0 531.0 41.0
9996 2248 7406 37 -1.0 -519.0 531.0 111.0
9997 2249 7407 37 -1.0 -519.0 531.0 181.0
9998 2250 7408 37 -1.0 -519.0 531.0 251.0
9999 2251 7409 37 -1.0 -519.0 531.0 321.0
10000 2252 7410 37 -1.0 -519.0 531.0 391.0
10001 2253 7411 37 -1.0 -519.0 531.0 461.0
10002 2254 7412 37 -1.0 -519.0 531.0 531.0
10003 2255 7413 37 -1.0 -519.0 531.0 601.0
10004 2256 7414 37 -1.0 -519.0 531.0 671.0
10005 2257 7415 37 -1.0 -519.0 601.0 -659.0
10006 2258 7416 37 -1.0 -519.0 601.0 -589.0
10007 2259 7417 37 -1.0 -519.0 601.0 -519.0
10008 2260 7418 37 -1.0 -519.0 601.0 -449.0
10009 2261 7419 37 -1.0 -519.0 601.0 -379.0
10010 2262 7420 37 -1.0 -519.0 601.0 -309.0
10011 2263 7421 37 -1.0 -519.0 601.0 -239.0
10012 2264 7422 37 -1.0 -519.0 601.0 -169.0
10013 2265 7423 37 -1.0 -519.0 601.0 -99.0
10014 2266 7424 37 -1.0 -519.0 601.0 -29.0
10015 2267 7425 37 -1.0 -519.0 601.0 41.0
10016 2268 7426 37 -1.0 -519.0 601.0 111.0
10017 2269 7427 37 -1.0 -519.0 601.0 181.0
10018 2270 7428 37 -1.0 -519.0 601.0 251.0
10019 2271 7429 37 -1.0 -519.0 601.0 321.0
10020 2272 7430 37 -1.0 -519.0 601.0 391.0
10021 2273 7431 37 -1.0 -519.0 601.0 461.0
10022 2274 7432 37 -1.0 -519.0 601.0 531.0
10023 2275 7433 37 -1.0 -519.0 601.0 601.0
10024 2276 7434 37 -1.0 -519.0 601.0 671.0
10025 2277 7435 37 -1.0 -519.0 671.0 -659.0
10026 2278 7436 37 -1.0 -519.0 671.0 -589.0
10027 2279 7437 37 -1.0 -519.0 671.0 -519.0
10028 2280 7438 37 -1.0 -519.0 671.0 -449.0
10029 2281 7439 37 -1.0 -519.0 671.0 -379.0
10030 2282 7440 37 -1.0 -519.0 671.0 -309.0
10031 2283 7441 37 -1.0 -519.0 671.0 -239.0
10032 2284 7442 37 -1.0 -519.0 671.0 -169.0
10033 2285 7443 37 -1.0 -519.0 671.0 -99.0
10034 2286 7444 37 -1.0 -519.0 671.0 -29.0
10035 2287 7445 37 -1.0 -519.0 671.0 41.0
10036 2288 7446 37 -1.0 -519.0 671.0 111.0
10037 2289 7447 37 -1.0 -519.0 671.0 181.0
10038 2290 7448 37 -1.0 -519.0 671.0 251.0
10039 2291 7449 37 -1.0 -519.0 671.0 321.0
10040 2292 7450 37 -1.0 -519.0 671.0 391.0
10041 2293 7451 37 -1.0 -519.0 671.0 461.0
10042 2294 7452 37 -1.0 -519.0 671.0 531.0
10043 2295 7453 37 -1.0 -519.0 671.0 601.0
10044 2296 7454 37 -1.0 -519.0 671.0 671.0
10045 2297 7455 37 -1.0 -449.0 -659.0 -659.0
10046 2298 7456 37 -1.0 -449.0 -659.0 -589.0
10047 2299 7457 37 -1.0 -449.0 -659.0 -519.0
10048 2300 7458 37 -1.0 -449.0 -659.0 -449.0
10049 2301 7459 37 -1.0 -449.0 -659.0 -379.0
10050 2302 7460 37 -1.0 -449.0 -659.0 -309.0
10051 2303 7461 37 -1.0 -449.0 -659.0 -239.0
10052 2304 7462 37 -1.0 -449.0 -659.0 -169.0
10053 2305 7463 37 -1.0 -449.0 -659.0 -99.0
10054 2306 7464 37 -1.0 -449.0 -659.0 -29.0
10055 2307 7465 37 -1.0 -449.0 -659.0 41.0
10056 2308 7466 37 -1.0 -449.0 -659.0 111.0
10057 2309 7467 37 -1.0 -449.0 -659.0 181.0
10058 2310 7468 37 -1.0 -449.0 -659.0 251.0
10059 2311 7469 37 -1.0 -449.0 -659.0 321.0
10060 2312 7470 37 -1.0 -449.0 -659.0 391.0
10061 2313 7471 37 -1.0 -449.0 -659.0 461.0
10062 2314 7472 37 -1.0 -449.0 -659.0 531.0
10063 2315 7473 37 -1.0 -449.0 -659.0 601.0
10064 2316 7474 37 -1.0 -449.0 -659.0 671.0
10065 2317 7475 37 -1.0 -449.0 -589.0 -659.0
10066 2318 7476 37 -1.0 -449.0 -589.0 -589.0
10067 2319 7477 37 -1.0 -449.0 -589.0 -519.0
10068 2320 7478 37 -1.0 -449.0 -589.0 -449.0
10069 2321 7479 37 -1.0 -449.0 -589.0 -379.0
10070 2322 7480 37 -1.0 -449.0 -589.0 -309.0
10071 2323 7481 37 -1.0 -449.0 -589.0 -239.0
10072 2324 7482 37 -1.0 -449.0 -589.0 -169.0
10073 2325 7483 37 -1.0 -449.0 -589.0 -99.0
10074 2326 7484 37 -1.0 -449.0 -589.0 -29.0
10075 2327 7485 37 -1.0 -449.0 -589.0 41.0
10076 2328 7486 37 -1.0 -449.0 -589.0 111.0
10077 2329 7487 37 -1.0 -449.0 -589.0 181.0
10078 2330 7488 37 -1.0 -449.0 -589.0 251.0
10079 2331 7489 37 -1.0 -449.0 -589.0 321.0
10080 2332 7490 37 -1.0 -449.0 -589.0 391.0
10081 2333 7491 37 -1.0 -449.0 -589.0 461.0
10082 2334 7492 37 -1.0 -449.0 -589.0 531.0
10083 2335 7493 37 -1.0 -449.0 -589.0 601.0
10084 2336 7494 37 -1.0 -449.0 -589.0 671.0
10085 2337 7495 37 -1.0 -449.0 -519.0 -659.0
10086 2338 7496 37 -1.0 -449.0 -519.0 -589.0
10087 2339 7497 37 -1.0 -449.0 -519.0 -519.0
10088 2340 7498 37 -1.0 -449.0 -519.0 -449.0
10089 2341 7499 37 -1.0 -449.0 -519.0 -379.0
10090 2342 7500 37 -1.0 -449.0 -519.0 -309.0
10091 2343 7501 37 -1.0 -449.0 -519.0 -239.0
10092 2344 7502 37 -1.0 -449.0 -519.0 -169.0
10093 2345 7503 37 -1.0 -449.0 -519.0 -99.0
10094 2346 7504 37 -1.0 -449.0 -519.0 -29.0
10095 2347 7505 37 -1.0 -449.0 -519.0 41.0
10096 2348 7506 37 -1.0 -449.0 -519.0 111.0
10097 2349 7507 37 -1.0 -449.0 -519.0 181.0
10098 2350 7508 37 -1.0 -449.0 -519.0 251.0
10099 2351 7509 37 -1.0 -449.0 -519.0 321.0
10100 2352 7510 37 -1.0 -449.0 -519.0 391.0
10101 2353 7511 37 -1.0 -449.0 -519.0 461.0
10102 2354 7512 37 -1.0 -449.0 -519.0 531.0
10103 2355 7513 37 -1.0 -449.0 -519.0 601.0
10104 2356 7514 37 -1.0 -449.0 -519.0 671.0
10105 2357 7515 37 -1.0 -449.0 -449.0 -659.0
10106 2358 7516 37 -1.0 -449.0 -449.0 -589.0
10107 2359 7517 37 -1.0 -449.0 -449.0 -519.0
10108 2360 7518 37 -1.0 -449.0 -449.0 -449.0
10109 2361 7519 37 -1.0 -449.0 -449.0 -379.0
10110 2362 7520 37 -1.0 -449.0 -449.0 -309.0
10111 2363 7521 37 -1.0 -449.0 -449.0 -239.0
10112 2364 7522 37 -1.0 -449.0 -449.0 -169.0
10113 2365 7523 37 -1.0 -449.0 -449.0 -99.0
10114 2366 7524 37 -1.0 -449.0 -449.0 -29.0
10115 2367 7525 37 -1.0 -449.0 -449.0 41.0
10116 2368 7526 37 -1.0 -449.0 -449.0 111.0
10117 2369 7527 37 -1.0 -449.0 -449.0 181.0
10118 2370 7528 37 -1.0 -449.0 -449.0 251.0
10119 2371 7529 37 -1.0 -449.0 -449.0 321.0
10120 2372 7530 37 -1.0 -449.0 -449.0 391.0
10121 2373 7531 37 -1.0 -449.0 -449.0 461.0
10122 2374 7532 37 -1.0 -449.0 -449.0 531.0
10123 2375 7533 37 -1.0 -449.0 -449.0 601.0
10124 2376 7534 37 -1.0 -449.0 -449.0 671.0
10125 2377 7535 37 -1.0 -449.0 -379.0 -659.0
10126 2378 7536 37 -1.0 -449.0 -379.0 -589.0
10127 2379 7537 37 -1.0 -449.0 -379.0 -519.0
10128 2380 7538 37 -1.0 -449.0 -379.0 -449.0
10129 2381 7539 37 -1.0 -449.0 -379.0 -379.0
10130 2382 7540 37 -1.0 -449.0 -379.0 -309.0
10131 2383 7541 37 -1.0 -449.0 -379.0 -239.0
10132 2384 7542 37 -1.0 -449.0 -379.0 -169.0
10133 2385 7543 37 -1.0 -449.0 -379.0 -99.0
10134 2386 7544 37 -1.0 -449.0 -379.0 -29.0
10135 2387 7545 37 -1.0 -449.0 -379.0 41.0
10136 2388 7546 37 -1.0 -449.0 -379.0 111.0
10137 2389 7547 37 -1.0 -449.0 -379.0 181.0
10138 2390 7548 37 -1.0 -449.0 -379.0 251.0
10139 2391 7549 37 -1.0 -449.0 -379.0 321.0
10140 2392 7550 37 -1.0 -449.0 -379.0 391.0
10141 2393 7551 37 -1.0 -449.0 -379.0 461.0
10142 2394 7552 37 -1.0 -449.0 -379.0 531.0
10143 2395 7553 37 -1.0 -449.0 -379.0 601.0
10144 2396 7554 37 -1.0 -449.0 -379.0 671.0
10145 2397 7555 37 -1.0 -449.0 -309.0 -659.0
10146 2398 7556 37 -1.0 -449.0 -309.0 -589.0
10147 2399 7557 37 -1.0 -449.0 -309.0 -519.0
10148 2400 7558 37 -1.0 -449.0 -309.0 -449.0
10149 2401 7559 37 -1.0 -449.0 -309.0 -379.0
10150 2402 7560 37 -1.0 -449.0 -309.0 -309.0
10151 2403 7561 37 -1.0 -449.0 -309.0 -239.0
10152 2404 7562 37 -1.0 -449.0 -309.0 -169.0
10153 2405 7563 37 -1.0 -449.0 -309.0 -99.0
10154 2406 7564 37 -1.0 -449.0 -309.0 -29.0
10155 2407 7565 37 -1.0 -449.0 -309.0 41.0
10156 2408 7566 37 -1.0 -449.0 -309.0 111.0
10157 2409 7567 37 -1.0 -449.0 -309.0 181.0
10158 2410 7568 37 -1.0 -449.0 -309.0 251.0
10159 2411 7569 37 -1.0 -449.0 -309.0 321.0
10160 2412 7570 37 -1.0 -449.0 -309.0 391.0
10161 2413 7571 37 -1.0 -449.0 -309.0 461.0
10162 2414 7572 37 -1.0 -449.0 -309.0 531.0
10163 2415 7573 37 -1.0 -449.0 -309.0 601.0
10164 2416 7574 37 -1.0 -449.0 -309.0 671.0
10165 2417 7575 37 -1.0 -449.0 -239.0 -659.0
10166 2418 7576 37 -1.0 -449.0 -239.0 -589.0
10167 2419 7577 37 -1.0 -449.0 -239.0 -519.0
10168 2420 7578 37 -1.0 -449.0 -239.0 -449.0
10169 2421 7579 37 -1.0 -449.0 -239.0 -379.0
10170 2422 7580 37 -1.0 -449.0 -239.0 -309.0
10171 2423 7581 37 -1.0 -449.0 -239.0 -239.0
10172 2424 7582 37 -1.0 -449.0 -239.0 -169.0
10173 2425 7583 37 -1.0 -449.0 -239.0 -99.0
10174 2426 7584 37 -1.0 -449.0 -239.0 -29.0
10175 2427 7585 37 -1.0 -449.0 -239.0 41.0
10176 2428 7586 37 -1.0 -449.0 -239.0 111.0
10177 2429 7587 37 -1.0 -449.0 -239.0 181.0
10178 2430 7588 37 -1.0 -449.0 -239.0 251.0
10179 2431 7589 37 -1.0 -449.0 -239.0 321.0
10180 2432 7590 37 -1.0 -449.0 -239.0 391.0
10181 2433 7591 37 -1.0 -449.0 -239.0 461.0
10182 2434 7592 37 -1.0 -449.0 -239.0 531.0
10183 2435 7593 37 -1.0 -449.0 -239.0 601.0
10184 2436 7594 37 -1.0 -449.0 -239.0 671.0
10185 2437 7595 37 -1.0 -449.0 -169.0 -659.0
10186 2438 7596 37 -1.0 -449.0 -169.0 -589.0
10187 2439 7597 37 -1.0 -449.0 -169.0 -519.0
10188 2440 7598 37 -1.0 -449.0 -169.0 -449.0
10189 2441 7599 37 -1.0 -449.0 -169.0 -379.0
10190 2442 7600 37 -1.0 -449.0 -169.0 -309.0
10191 2443 7601 37 -1.0 -449.0 -169.0 -239.0
10192 2444 7602 37 -1.0 -449.0 -169.0 -169.0
10193 2445 7603 37 -1.0 -449.0 -169.0 -99.0
10194 2446 7604 37 -1.0 -449.0 -169.0 -29.0
10195 2447 7605 37 -1.0 -449.0 -169.0 41.0
10196 2448 7606 37 -1.0 -449.0 -169.0 111.0
10197 2449 7607 37 -1.0 -449.0 -169.0 181.0
10198 2450 7608 37 -1.0 -449.0 -169.0 251.0
10199 2451 7609 37 -1.0 -449.0 -169.0 321.0
10200 2452 7610 37 -1.0 -449.0 -169.0 391.0
10201 2453 7611 37 -1.0 -449.0 -169.0 461.0
10202 2454 7612 37 -1.0 -449.0 -169.0 531.0
10203 2455 7613 37 -1.0 -449.0 -169.0 601.0
10204 2456 7614 37 -1.0 -449.0 -169.0 671.0
10205 2457 7615 37 -1.0 -449.0 -99.0 -659.0
10206 2458 7616 37 -1.0 -449.0 -99.0 -589.0
10207 2459 7617 37 -1.0 -449.0 -99.0 -519.0
10208 2460 7618 37 -1.0 -449.0 -99.0 -449.0
10209 2461 7619 37 -1.0 -449.0 -99.0 -379.0
10210 2462 7620 37 -1.0 -449.0 -99.0 -309.0
10211 2463 7621 37 -1.0 -449.0 -99.0 -239.0
10212 2464 7622 37 -1.0 -449.0 -99.0 -169.0
10213 2465 7623 37 -1.0 -449.0 -99.0 -99.0
10214 2466 7624 37 -1.0 -449.0 -99.0 -29.0
10215 2467 7625 37 -1.0 -449.0 -99.0 41.0
10216 2468 7626 37 -1.0 -449.0 -99.0 111.0
10217 2469 7627 37 -1.0 -449.0 -99.0 181.0
10218 2470 7628 37 -1.0 -449.0 -99.0 251.0
10219 2471 7629 37 -1.0 -449.0 -99.0 321.0
10220 2472 7630 37 -1.0 -449.0 -99.0 391.0
10221 2473 7631 37 -1.0 -449.0 -99.0 461.0
10222 2474 7632 37 -1.0 -449.0 -99.0 531.0
10223 2475 7633 37 -1.0 -449.0 -99.0 601.0
10224 2476 7634 37 -1.0 -449.0 -99.0 671.0
10225 2477 7635 37 -1.0 -449.0 -29.0 -659.0
10226 2478 7636 37 -1.0 -449.0 -29.0 -589.0
10227 2479 7637 37 -1.0 -449.0 -29.0 -519.0
10228 2480 7638 37 -1.0 -449.0 -29.0 -449.0
10229 2481 7639 37 -1.0 -449.0 -29.0 -379.0
10230 2482 7640 37 -1.0 -449.0 -29.0 -309.0
10231 2483 7641 37 -1.0 -449.0 -29.0 -239.0
10232 2484 7642 37 -1.0 -449.0 -29.0 -169.0
10233 2485 7643 37 -1.0 -449.0 -29.0 -99.0
10234 2486 7644 37 -1.0 -449.0 -29.0 -29.0
10235 2487 7645 37 -1.0 -449.0 -29.0 41.0
10236 2488 7646 37 -1.0 -449.0 -29.0 111.0
10237 2489 7647 37 -1.0 -449.0 -29.0 181.0
10238 2490 7648 37 -1.0 -449.0 -29.0 251.0
10239 2491 7649 37 -1.0 -449.0 -29.0 321.0
10240 2492 7650 37 -1.0 -449.0 -29.0 391.0
10241 2493 7651 37 -1.0 -449.0 -29.0 461.0
10242 2494 7652 37 -1.0 -449.0 -29.0 531.0
10243 2495 7653 37 -1.0 -449.0 -29.0 601.0
10244 2496 7654 37 -1.0 -449.0 -29.0 671.0
10245 2497 7655 37 -1.0 -449.0 41.0 -659.0
10246 2498 7656 37 -1.0 -449.0 41.0 -589.0
10247 2499 7657 37 -1.0 -449.0 41.0 -519.0
10248 2500 7658 37 -1.0 -449.0 41.0 -449.0
10249 2501 7659 37 -1.0 -449.0 41.0 -379.0
10250 2502 7660 37 -1.0 -449.0 41.0 -309.0
10251 2503 7661 37 -1.0 -449.0 41.0 -239.0
10252 2504 7662 37 -1.0 -449.0 41.0 -169.0
10253 2505 7663 37 -1.0 -449.0 41.0 -99.0
10254 2506 7664 37 -1.0 -449.0 41.0 -29.0
10255 2507 7665 37 -1.0 -449.0 41.0 41.0
10256 2508 7666 37 -1.0 -449.0 41.0 111.0
10257 2509 7667 37 -1.0 -449.0 41.0 181.0
10258 2510 7668 37 -1.0 -449.0 41.0 251.0
10259 2511 7669 37 -1.0 -449.0 41.0 321.0
10260 2512 7670 37 -1.0 -449.0 41.0 391.0
10261 2513 7671 37 -1.0 -449.0 41.0 461.0
10262 2514 7672 37 -1.0 -449.0 41.0 531.0
10263 2515 7673 37 -1.0 -449.0 41.0 601.0
10264 2516 7674 37 -1.0 -449.0 41.0 671.0
10265 2517 7675 37 -1.0 -449.0 111.0 -659.0
10266 2518 7676 37 -1.0 -449.0 111.0 -589.0
