7783 35 5193 36 2.0 -669.0 -669.0 -669.0
7784 36 5194 36 2.0 -669.0 -669.0 -599.0
7785 37 5195 36 2.0 -669.0 -669.0 -529.0
7786 38 5196 36 2.0 -669.0 -669.0 -459.0
7787 39 5197 36 2.0 -669.0 -669.0 -389.0
7788 40 5198 36 2.0 -669.0 -669.0 -319.0
7789 41 5199 36 2.0 -669.0 -669.0 -249.0
7790 42 5200 36 2.0 -669.0 -669.0 -179.0
7791 43 5201 36 2.0 -669.0 -669.0 -109.0
7792 44 5202 36 2.0 -669.0 -669.0 -39.0
7793 45 5203 36 2.0 -669.0 -669.0 31.0
7794 46 5204 36 2.0 -669.0 -669.0 101.0
7795 47 5205 36 2.0 -669.0 -669.0 171.0
7796 48 5206 36 2.0 -669.0 -669.0 241.0
7797 49 5207 36 2.0 -669.0 -669.0 311.0
7798 50 5208 36 2.0 -669.0 -669.0 381.0
7799 51 5209 36 2.0 -669.0 -669.0 451.0
7800 52 5210 36 2.0 -669.0 -669.0 521.0
7801 53 5211 36 2.0 -669.0 -669.0 591.0
7802 54 5212 36 2.0 -669.0 -669.0 661.0
7803 55 5213 36 2.0 -669.0 -599.0 -669.0
7804 56 5214 36 2.0 -669.0 -599.0 -599.0
7805 57 5215 36 2.0 -669.0 -599.0 -529.0
7806 58 5216 36 2.0 -669.0 -599.0 -459.0
7807 59 5217 36 2.0 -669.0 -599.0 -389.0
7808 60 5218 36 2.0 -669.0 -599.0 -319.0
7809 61 5219 36 2.0 -669.0 -599.0 -249.0
7810 62 5220 36 2.0 -669.0 -599.0 -179.0
7811 63 5221 36 2.0 -669.0 -599.0 -109.0
7812 64 5222 36 2.0 -669.0 -599.0 -39.0
7813 65 5223 36 2.0 -669.0 -599.0 31.0
7814 66 5224 36 2.0 -669.0 -599.0 101.0
7815 67 5225 36 2.0 -669.0 -599.0 171.0
7816 68 5226 36 2.0 -669.0 -599.0 241.0
7817 69 5227 36 2.0 -669.0 -599.0 311.0
7818 70 5228 36 2.0 -669.0 -599.0 381.0
7819 71 5229 36 2.0 -669.0 -599.0 451.0
7820 72 5230 36 2.0 -669.0 -599.0 521.0
7821 73 5231 36 2.0 -669.0 -599.0 591.0
7822 74 5232 36 2.0 -669.0 -599.0 661.0
7823 75 5233 36 2.0 -669.0 -529.0 -669.0
7824 76 5234 36 2.0 -669.0 -529.0 -599.0
7825 77 5235 36 2.0 -669.0 -529.0 -529.0
7826 78 5236 36 2.0 -669.0 -529.0 -459.0
7827 79 5237 36 2.0 -669.0 -529.0 -389.0
7828 80 5238 36 2.0 -669.0 -529.0 -319.0
7829 81 5239 36 2.0 -669.0 -529.0 -249.0
7830 82 5240 36 2.0 -669.0 -529.0 -179.0
7831 83 5241 36 2.0 -669.0 -529.0 -109.0
7832 84 5242 36 2.0 -669.0 -529.0 -39.0
7833 85 5243 36 2.0 -669.0 -529.0 31.0
7834 86 5244 36 2.0 -669.0 -529.0 101.0
7835 87 5245 36 2.0 -669.0 -529.0 171.0
7836 88 5246 36 2.0 -669.0 -529.0 241.0
7837 89 5247 36 2.0 -669.0 -529.0 311.0
7838 90 5248 36 2.0 -669.0 -529.0 381.0
7839 91 5249 36 2.0 -669.0 -529.0 451.0
7840 92 5250 36 2.0 -669.0 -529.0 521.0
7841 93 5251 36 2.0 -669.0 -529.0 591.0
7842 94 5252 36 2.0 -669.0 -529.0 661.0
7843 95 5253 36 2.0 -669.0 -459.0 -669.0
7844 96 5254 36 2.0 -669.0 -459.0 -599.0
7845 97 5255 36 2.0 -669.0 -459.0 -529.0
7846 98 5256 36 2.0 -669.0 -459.0 -459.0
7847 99 5257 36 2.0 -669.0 -459.0 -389.0
7848 100 5258 36 2.0 -669.0 -459.0 -319.0
7849 101 5259 36 2.0 -669.0 -459.0 -249.0
7850 102 5260 36 2.0 -669.0 -459.0 -179.0
7851 103 5261 36 2.0 -669.0 -459.0 -109.0
7852 104 5262 36 2.0 -669.0 -459.0 -39.0
7853 105 5263 36 2.0 -669.0 -459.0 31.0
7854 106 5264 36 2.0 -669.0 -459.0 101.0
7855 107 5265 36 2.0 -669.0 -459.0 171.0
7856 108 5266 36 2.0 -669.0 -459.0 241.0
7857 109 5267 36 2.0 -669.0 -459.0 311.0
7858 110 5268 36 2.0 -669.0 -459.0 381.0
7859 111 5269 36 2.0 -669.0 -459.0 451.0
7860 112 5270 36 2.0 -669.0 -459.0 521.0
7861 113 5271 36 2.0 -669.0 -459.0 591.0
7862 114 5272 36 2.0 -669.0 -459.0 661.0
7863 115 5273 36 2.0 -669.0 -389.0 -669.0
7864 116 5274 36 2.0 -669.0 -389.0 -599.0
7865 117 5275 36 2.0 -669.0 -389.0 -529.0
7866 118 5276 36 2.0 -669.0 -389.0 -459.0
7867 119 5277 36 2.0 -669.0 -389.0 -389.0
7868 120 5278 36 2.0 -669.0 -389.0 -319.0
7869 121 5279 36 2.0 -669.0 -389.0 -249.0
7870 122 5280 36 2.0 -669.0 -389.0 -179.0
7871 123 5281 36 2.0 -669.0 -389.0 -109.0
7872 124 5282 36 2.0 -669.0 -389.0 -39.0
7873 125 5283 36 2.0 -669.0 -389.0 31.0
7874 126 5284 36 2.0 -669.0 -389.0 101.0
7875 127 5285 36 2.0 -669.0 -389.0 171.0
7876 128 5286 36 2.0 -669.0 -389.0 241.0
7877 129 5287 36 2.0 -669.0 -389.0 311.0
7878 130 5288 36 2.0 -669.0 -389.0 381.0
7879 131 5289 36 2.0 -669.0 -389.0 451.0
7880 132 5290 36 2.0 -669.0 -389.0 521.0
7881 133 5291 36 2.0 -669.0 -389.0 591.0
7882 134 5292 36 2.0 -669.0 -389.0 661.0
7883 135 5293 36 2.0 -669.0 -319.0 -669.0
7884 136 5294 36 2.0 -669.0 -319.0 -599.0
7885 137 5295 36 2.0 -669.0 -319.0 -529.0
7886 138 5296 36 2.0 -669.0 -319.0 -459.0
7887 139 5297 36 2.0 -669.0 -319.0 -389.0
7888 140 5298 36 2.0 -669.0 -319.0 -319.0
7889 141 5299 36 2.0 -669.0 -319.0 -249.0
7890 142 5300 36 2.0 -669.0 -319.0 -179.0
7891 143 5301 36 2.0 -669.0 -319.0 -109.0
7892 144 5302 36 2.0 -669.0 -319.0 -39.0
7893 145 5303 36 2.0 -669.0 -319.0 31.0
7894 146 5304 36 2.0 -669.0 -319.0 101.0
7895 147 5305 36 2.0 -669.0 -319.0 171.0
7896 148 5306 36 2.0 -669.0 -319.0 241.0
7897 149 5307 36 2.0 -669.0 -319.0 311.0
7898 150 5308 36 2.0 -669.0 -319.0 381.0
7899 151 5309 36 2.0 -669.0 -319.0 451.0
7900 152 5310 36 2.0 -669.0 -319.0 521.0
7901 153 5311 36 2.0 -669.0 -319.0 591.0
7902 154 5312 36 2.0 -669.0 -319.0 661.0
7903 155 5313 36 2.0 -669.0 -249.0 -669.0
7904 156 5314 36 2.0 -669.0 -249.0 -599.0
7905 157 5315 36 2.0 -669.0 -249.0 -529.0
7906 158 5316 36 2.0 -669.0 -249.0 -459.0
7907 159 5317 36 2.0 -669.0 -249.0 -389.0
7908 160 5318 36 2.0 -669.0 -249.0 -319.0
7909 161 5319 36 2.0 -669.0 -249.0 -249.0
7910 162 5320 36 2.0 -669.0 -249.0 -179.0
7911 163 5321 36 2.0 -669.0 -249.0 -109.0
7912 164 5322 36 2.0 -669.0 -249.0 -39.0
7913 165 5323 36 2.0 -669.0 -249.0 31.0
7914 166 5324 36 2.0 -669.0 -249.0 101.0
7915 167 5325 36 2.0 -669.0 -249.0 171.0
7916 168 5326 36 2.0 -669.0 -249.0 241.0
7917 169 5327 36 2.0 -669.0 -249.0 311.0
7918 170 5328 36 2.0 -669.0 -249.0 381.0
7919 171 5329 36 2.0 -669.0 -249.0 451.0
7920 172 5330 36 2.0 -669.0 -249.0 521.0
7921 173 5331 36 2.0 -669.0 -249.0 591.0
7922 174 5332 36 2.0 -669.0 -249.0 661.0
7923 175 5333 36 2.0 -669.0 -179.0 -669.0
7924 176 5334 36 2.0 -669.0 -179.0 -599.0
7925 177 5335 36 2.0 -669.0 -179.0 -529.0
7926 178 5336 36 2.0 -669.0 -179.0 -459.0
7927 179 5337 36 2.0 -669.0 -179.0 -389.0
7928 180 5338 36 2.0 -669.0 -179.0 -319.0
7929 181 5339 36 2.0 -669.0 -179.0 -249.0
7930 182 5340 36 2.0 -669.0 -179.0 -179.0
7931 183 5341 36 2.0 -669.0 -179.0 -109.0
7932 184 5342 36 2.0 -669.0 -179.0 -39.0
7933 185 5343 36 2.0 -669.0 -179.0 31.0
7934 186 5344 36 2.0 -669.0 -179.0 101.0
7935 187 5345 36 2.0 -669.0 -179.0 171.0
7936 188 5346 36 2.0 -669.0 -179.0 241.0
7937 189 5347 36 2.0 -669.0 -179.0 311.0
7938 190 5348 36 2.0 -669.0 -179.0 381.0
7939 191 5349 36 2.0 -669.0 -179.0 451.0
7940 192 5350 36 2.0 -669.0 -179.0 521.0
7941 193 5351 36 2.0 -669.0 -179.0 591.0
7942 194 5352 36 2.0 -669.0 -179.0 661.0
7943 195 5353 36 2.0 -669.0 -109.0 -669.0
7944 196 5354 36 2.0 -669.0 -109.0 -599.0
7945 197 5355 36 2.0 -669.0 -109.0 -529.0
7946 198 5356 36 2.0 -669.0 -109.0 -459.0
7947 199 5357 36 2.0 -669.0 -109.0 -389.0
7948 200 5358 36 2.0 -669.0 -109.0 -319.0
7949 201 5359 36 2.0 -669.0 -109.0 -249.0
7950 202 5360 36 2.0 -669.0 -109.0 -179.0
7951 203 5361 36 2.0 -669.0 -109.0 -109.0
7952 204 5362 36 2.0 -669.0 -109.0 -39.0
7953 205 5363 36 2.0 -669.0 -109.0 31.0
7954 206 5364 36 2.0 -669.0 -109.0 101.0
7955 207 5365 36 2.0 -669.0 -109.0 171.0
7956 208 5366 36 2.0 -669.0 -109.0 241.0
7957 209 5367 36 2.0 -669.0 -109.0 311.0
7958 210 5368 36 2.0 -669.0 -109.0 381.0
7959 211 5369 36 2.0 -669.0 -109.0 451.0
7960 212 5370 36 2.0 -669.0 -109.0 521.0
7961 213 5371 36 2.0 -669.0 -109.0 591.0
7962 214 5372 36 2.0 -669.0 -109.0 661.0
7963 215 5373 36 2.0 -669.0 -39.0 -669.0
7964 216 5374 36 2.0 -669.0 -39.0 -599.0
7965 217 5375 36 2.0 -669.0 -39.0 -529.0
7966 218 5376 36 2.0 -669.0 -39.0 -459.0
7967 219 5377 36 2.0 -669.0 -39.0 -389.0
7968 220 5378 36 2.0 -669.0 -39.0 -319.0
7969 221 5379 36 2.0 -669.0 -39.0 -249.0
7970 222 5380 36 2.0 -669.0 -39.0 -179.0
7971 223 5381 36 2.0 -669.0 -39.0 -109.0
7972 224 5382 36 2.0 -669.0 -39.0 -39.0
7973 225 5383 36 2.0 -669.0 -39.0 31.0
7974 226 5384 36 2.0 -669.0 -39.0 101.0
7975 227 5385 36 2.0 -669.0 -39.0 171.0
7976 228 5386 36 2.0 -669.0 -39.0 241.0
7977 229 5387 36 2.0 -669.0 -39.0 311.0
7978 230 5388 36 2.0 -669.0 -39.0 381.0
7979 231 5389 36 2.0 -669.0 -39.0 451.0
7980 232 5390 36 2.0 -669.0 -39.0 521.0
7981 233 5391 36 2.0 -669.0 -39.0 591.0
7982 234 5392 36 2.0 -669.0 -39.0 661.0
7983 235 5393 36 2.0 -669.0 31.0 -669.0
7984 236 5394 36 2.0 -669.0 31.0 -599.0
7985 237 5395 36 2.0 -669.0 31.0 -529.0
7986 238 5396 36 2.0 -669.0 31.0 -459.0
7987 239 5397 36 2.0 -669.0 31.0 -389.0
7988 240 5398 36 2.0 -669.0 31.0 -319.0
7989 241 5399 36 2.0 -669.0 31.0 -249.0
7990 242 5400 36 2.0 -669.0 31.0 -179.0
7991 243 5401 36 2.0 -669.0 31.0 -109.0
7992 244 5402 36 2.0 -669.0 31.0 -39.0
7993 245 5403 36 2.0 -669.0 31.0 31.0
7994 246 5404 36 2.0 -669.0 31.0 101.0
7995 247 5405 36 2.0 -669.0 31.0 171.0
7996 248 5406 36 2.0 -669.0 31.0 241.0
7997 249 5407 36 2.0 -669.0 31.0 311.0
7998 250 5408 36 2.0 -669.0 31.0 381.0
7999 251 5409 36 2.0 -669.0 31.0 451.0
8000 252 5410 36 2.0 -669.0 31.0 521.0
8001 253 5411 36 2.0 -669.0 31.0 591.0
8002 254 5412 36 2.0 -669.0 31.0 661.0
8003 255 5413 36 2.0 -669.0 101.0 -669.0
8004 256 5414 36 2.0 -669.0 101.0 -599.0
8005 257 5415 36 2.0 -669.0 101.0 -529.0
8006 258 5416 36 2.0 -669.0 101.0 -459.0
8007 259 5417 36 2.0 -669.0 101.0 -389.0
8008 260 5418 36 2.0 -669.0 101.0 -319.0
8009 261 5419 36 2.0 -669.0 101.0 -249.0
8010 262 5420 36 2.0 -669.0 101.0 -179.0
8011 263 5421 36 2.0 -669.0 101.0 -109.0
8012 264 5422 36 2.0 -669.0 101.0 -39.0
8013 265 5423 36 2.0 -669.0 101.0 31.0
8014 266 5424 36 2.0 -669.0 101.0 101.0
8015 267 5425 36 2.0 -669.0 101.0 171.0
8016 268 5426 36 2.0 -669.0 101.0 241.0
8017 269 5427 36 2.0 -669.0 101.0 311.0
8018 270 5428 36 2.0 -669.0 101.0 381.0
8019 271 5429 36 2.0 -669.0 101.0 451.0
8020 272 5430 36 2.0 -669.0 101.0 521.0
8021 273 5431 36 2.0 -669.0 101.0 591.0
8022 274 5432 36 2.0 -669.0 101.0 661.0
8023 275 5433 36 2.0 -669.0 171.0 -669.0
8024 276 5434 36 2.0 -669.0 171.0 -599.0
8025 277 5435 36 2.0 -669.0 171.0 -529.0
8026 278 5436 36 2.0 -669.0 171.0 -459.0
8027 279 5437 36 2.0 -669.0 171.0 -389.0
8028 280 5438 36 2.0 -669.0 171.0 -319.0
8029 281 5439 36 2.0 -669.0 171.0 -249.0
8030 282 5440 36 2.0 -669.0 171.0 -179.0
8031 283 5441 36 2.0 -669.0 171.0 -109.0
8032 284 5442 36 2.0 -669.0 171.0 -39.0
8033 285 5443 36 2.0 -669.0 171.0 31.0
8034 286 5444 36 2.0 -669.0 171.0 101.0
8035 287 5445 36 2.0 -669.0 171.0 171.0
8036 288 5446 36 2.0 -669.0 171.0 241.0
8037 289 5447 36 2.0 -669.0 171.0 311.0
8038 290 5448 36 2.0 -669.0 171.0 381.0
8039 291 5449 36 2.0 -669.0 171.0 451.0
8040 292 5450 36 2.0 -669.0 171.0 521.0
8041 293 5451 36 2.0 -669.0 171.0 591.0
8042 294 5452 36 2.0 -669.0 171.0 661.0
8043 295 5453 36 2.0 -669.0 241.0 -669.0
8044 296 5454 36 2.0 -669.0 241.0 -599.0
8045 297 5455 36 2.0 -669.0 241.0 -529.0
8046 298 5456 36 2.0 -669.0 241.0 -459.0
8047 299 5457 36 2.0 -669.0 241.0 -389.0
8048 300 5458 36 2.0 -669.0 241.0 -319.0
8049 301 5459 36 2.0 -669.0 241.0 -249.0
8050 302 5460 36 2.0 -669.0 241.0 -179.0
8051 303 5461 36 2.0 -669.0 241.0 -109.0
8052 304 5462 36 2.0 -669.0 241.0 -39.0
8053 305 5463 36 2.0 -669.0 241.0 31.0
8054 306 5464 36 2.0 -669.0 241.0 101.0
8055 307 5465 36 2.0 -669.0 241.0 171.0
8056 308 5466 36 2.0 -669.0 241.0 241.0
8057 309 5467 36 2.0 -669.0 241.0 311.0
8058 310 5468 36 2.0 -669.0 241.0 381.0
8059 311 5469 36 2.0 -669.0 241.0 451.0
8060 312 5470 36 2.0 -669.0 241.0 521.0
8061 313 5471 36 2.0 -669.0 241.0 591.0
8062 314 5472 36 2.0 -669.0 241.0 661.0
8063 315 5473 36 2.0 -669.0 311.0 -669.0
8064 316 5474 36 2.0 -669.0 311.0 -599.0
8065 317 5475 36 2.0 -669.0 311.0 -529.0
8066 318 5476 36 2.0 -669.0 311.0 -459.0
8067 319 5477 36 2.0 -669.0 311.0 -389.0
8068 320 5478 36 2.0 -669.0 311.0 -319.0
8069 321 5479 36 2.0 -669.0 311.0 -249.0
8070 322 5480 36 2.0 -669.0 311.0 -179.0
8071 323 5481 36 2.0 -669.0 311.0 -109.0
8072 324 5482 36 2.0 -669.0 311.0 -39.0
8073 325 5483 36 2.0 -669.0 311.0 31.0
8074 326 5484 36 2.0 -669.0 311.0 101.0
8075 327 5485 36 2.0 -669.0 311.0 171.0
8076 328 5486 36 2.0 -669.0 311.0 241.0
8077 329 5487 36 2.0 -669.0 311.0 311.0
8078 330 5488 36 2.0 -669.0 311.0 381.0
8079 331 5489 36 2.0 -669.0 311.0 451.0
8080 332 5490 36 2.0 -669.0 311.0 521.0
8081 333 5491 36 2.0 -669.0 311.0 591.0
8082 334 5492 36 2.0 -669.0 311.0 661.0
8083 335 5493 36 2.0 -669.0 381.0 -669.0
8084 336 5494 36 2.0 -669.0 381.0 -599.0
8085 337 5495 36 2.0 -669.0 381.0 -529.0
8086 338 5496 36 2.0 -669.0 381.0 -459.0
8087 339 5497 36 2.0 -669.0 381.0 -389.0
8088 340 5498 36 2.0 -669.0 381.0 -319.0
8089 341 5499 36 2.0 -669.0 381.0 -249.0
8090 342 5500 36 2.0 -669.0 381.0 -179.0
8091 343 5501 36 2.0 -669.0 381.0 -109.0
8092 344 5502 36 2.0 -669.0 381.0 -39.0
8093 345 5503 36 2.0 -669.0 381.0 31.0
8094 346 5504 36 2.0 -669.0 381.0 101.0
8095 347 5505 36 2.0 -669.0 381.0 171.0
8096 348 5506 36 2.0 -669.0 381.0 241.0
8097 349 5507 36 2.0 -669.0 381.0 311.0
8098 350 5508 36 2.0 -669.0 381.0 381.0
8099 351 5509 36 2.0 -669.0 381.0 451.0
8100 352 5510 36 2.0 -669.0 381.0 521.0
8101 353 5511 36 2.0 -669.0 381.0 591.0
8102 354 5512 36 2.0 -669.0 381.0 661.0
8103 355 5513 36 2.0 -669.0 451.0 -669.0
8104 356 5514 36 2.0 -669.0 451.0 -599.0
8105 357 5515 36 2.0 -669.0 451.0 -529.0
8106 358 5516 36 2.0 -669.0 451.0 -459.0
8107 359 5517 36 2.0 -669.0 451.0 -389.0
8108 360 5518 36 2.0 -669.0 451.0 -319.0
8109 361 5519 36 2.0 -669.0 451.0 -249.0
8110 362 5520 36 2.0 -669.0 451.0 -179.0
8111 363 5521 36 2.0 -669.0 451.0 -109.0
8112 364 5522 36 2.0 -669.0 451.0 -39.0
8113 365 5523 36 2.0 -669.0 451.0 31.0
8114 366 5524 36 2.0 -669.0 451.0 101.0
8115 367 5525 36 2.0 -669.0 451.0 171.0
8116 368 5526 36 2.0 -669.0 451.0 241.0
8117 369 5527 36 2.0 -669.0 451.0 311.0
8118 370 5528 36 2.0 -669.0 451.0 381.0
8119 371 5529 36 2.0 -669.0 451.0 451.0
8120 372 5530 36 2.0 -669.0 451.0 521.0
8121 373 5531 36 2.0 -669.0 451.0 591.0
8122 374 5532 36 2.0 -669.0 451.0 661.0
8123 375 5533 36 2.0 -669.0 521.0 -669.0
8124 376 5534 36 2.0 -669.0 521.0 -599.0
8125 377 5535 36 2.0 -669.0 521.0 -529.0
8126 378 5536 36 2.0 -669.0 521.0 -459.0
8127 379 5537 36 2.0 -669.0 521.0 -389.0
8128 380 5538 36 2.0 -669.0 521.0 -319.0
8129 381 5539 36 2.0 -669.0 521.0 -249.0
8130 382 5540 36 2.0 -669.0 521.0 -179.0
8131 383 5541 36 2.0 -669.0 521.0 -109.0
8132 384 5542 36 2.0 -669.0 521.0 -39.0
8133 385 5543 36 2.0 -669.0 521.0 31.0
8134 386 5544 36 2.0 -669.0 521.0 101.0
8135 387 5545 36 2.0 -669.0 521.0 171.0
8136 388 5546 36 2.0 -669.0 521.0 241.0
8137 389 5547 36 2.0 -669.0 521.0 311.0
8138 390 5548 36 2.0 -669.0 521.0 381.0
8139 391 5549 36 2.0 -669.0 521.0 451.0
8140 392 5550 36 2.0 -669.0 521.0 521.0
8141 393 5551 36 2.0 -669.0 521.0 591.0
8142 394 5552 36 2.0 -669.0 521.0 661.0
8143 395 5553 36 2.0 -669.0 591.0 -669.0
8144 396 5554 36 2.0 -669.0 591.0 -599.0
8145 397 5555 36 2.0 -669.0 591.0 -529.0
8146 398 5556 36 2.0 -669.0 591.0 -459.0
8147 399 5557 36 2.0 -669.0 591.0 -389.0
8148 400 5558 36 2.0 -669.0 591.0 -319.0
8149 401 5559 36 2.0 -669.0 591.0 -249.0
8150 402 5560 36 2.0 -669.0 591.0 -179.0
8151 403 5561 36 2.0 -669.0 591.0 -109.0
8152 404 5562 36 2.0 -669.0 591.0 -39.0
8153 405 5563 36 2.0 -669.0 591.0 31.0
8154 406 5564 36 2.0 -669.0 591.0 101.0
8155 407 5565 36 2.0 -669.0 591.0 171.0
8156 408 5566 36 2.0 -669.0 591.0 241.0
8157 409 5567 36 2.0 -669.0 591.0 311.0
8158 410 5568 36 2.0 -669.0 591.0 381.0
8159 411 5569 36 2.0 -669.0 591.0 451.0
8160 412 5570 36 2.0 -669.0 591.0 521.0
8161 413 5571 36 2.0 -669.0 591.0 591.0
8162 414 5572 36 2.0 -669.0 591.0 661.0
8163 415 5573 36 2.0 -669.0 661.0 -669.0
8164 416 5574 36 2.0 -669.0 661.0 -599.0
8165 417 5575 36 2.0 -669.0 661.0 -529.0
8166 418 5576 36 2.0 -669.0 661.0 -459.0
8167 419 5577 36 2.0 -669.0 661.0 -389.0
8168 420 5578 36 2.0 -669.0 661.0 -319.0
8169 421 5579 36 2.0 -669.0 661.0 -249.0
8170 422 5580 36 2.0 -669.0 661.0 -179.0
8171 423 5581 36 2.0 -669.0 661.0 -109.0
8172 424 5582 36 2.0 -669.0 661.0 -39.0
8173 425 5583 36 2.0 -669.0 661.0 31.0
8174 426 5584 36 2.0 -669.0 661.0 101.0
8175 427 5585 36 2.0 -669.0 661.0 171.0
8176 428 5586 36 2.0 -669.0 661.0 241.0
8177 429 5587 36 2.0 -669.0 661.0 311.0
8178 430 5588 36 2.0 -669.0 661.0 381.0
8179 431 5589 36 2.0 -669.0 661.0 451.0
8180 432 5590 36 2.0 -669.0 661.0 521.0
8181 433 5591 36 2.0 -669.0 661.0 591.0
8182 434 5592 36 2.0 -669.0 661.0 661.0
8183 435 5593 36 2.0 -599.0 -669.0 -669.0
8184 436 5594 36 2.0 -599.0 -669.0 -599.0
8185 437 5595 36 2.0 -599.0 -669.0 -529.0
8186 438 5596 36 2.0 -599.0 -669.0 -459.0
8187 439 5597 36 2.0 -599.0 -669.0 -389.0
8188 440 5598 36 2.0 -599.0 -669.0 -319.0
8189 441 5599 36 2.0 -599.0 -669.0 -249.0
8190 442 5600 36 2.0 -599.0 -669.0 -179.0
8191 443 5601 36 2.0 -599.0 -669.0 -109.0
8192 444 5602 36 2.0 -599.0 -669.0 -39.0
8193 445 5603 36 2.0 -599.0 -669.0 31.0
8194 446 5604 36 2.0 -599.0 -669.0 101.0
8195 447 5605 36 2.0 -599.0 -669.0 171.0
8196 448 5606 36 2.0 -599.0 -669.0 241.0
8197 449 5607 36 2.0 -599.0 -669.0 311.0
8198 450 5608 36 2.0 -599.0 -669.0 381.0
8199 451 5609 36 2.0 -599.0 -669.0 451.0
8200 452 5610 36 2.0 -599.0 -669.0 521.0
8201 453 5611 36 2.0 -599.0 -669.0 591.0
8202 454 5612 36 2.0 -599.0 -669.0 661.0
8203 455 5613 36 2.0 -599.0 -599.0 -669.0
8204 456 5614 36 2.0 -599.0 -599.0 -599.0
8205 457 5615 36 2.0 -599.0 -599.0 -529.0
8206 458 5616 36 2.0 -599.0 -599.0 -459.0
8207 459 5617 36 2.0 -599.0 -599.0 -389.0
8208 460 5618 36 2.0 -599.0 -599.0 -319.0
8209 461 5619 36 2.0 -599.0 -599.0 -249.0
8210 462 5620 36 2.0 -599.0 -599.0 -179.0
8211 463 5621 36 2.0 -599.0 -599.0 -109.0
8212 464 5622 36 2.0 -599.0 -599.0 -39.0
8213 465 5623 36 2.0 -599.0 -599.0 31.0
8214 466 5624 36 2.0 -599.0 -599.0 101.0
8215 467 5625 36 2.0 -599.0 -599.0 171.0
8216 468 5626 36 2.0 -599.0 -599.0 241.0
8217 469 5627 36 2.0 -599.0 -599.0 311.0
8218 470 5628 36 2.0 -599.0 -599.0 381.0
8219 471 5629 36 2.0 -599.0 -599.0 451.0
8220 472 5630 36 2.0 -599.0 -599.0 521.0
8221 473 5631 36 2.0 -599.0 -599.0 591.0
8222 474 5632 36 2.0 -599.0 -599.0 661.0
8223 475 5633 36 2.0 -599.0 -529.0 -669.0
8224 476 5634 36 2.0 -599.0 -529.0 -599.0
8225 477 5635 36 2.0 -599.0 -529.0 -529.0
8226 478 5636 36 2.0 -599.0 -529.0 -459.0
8227 479 5637 36 2.0 -599.0 -529.0 -389.0
8228 480 5638 36 2.0 -599.0 -529.0 -319.0
8229 481 5639 36 2.0 -599.0 -529.0 -249.0
8230 482 5640 36 2.0 -599.0 -529.0 -179.0
8231 483 5641 36 2.0 -599.0 -529.0 -109.0
8232 484 5642 36 2.0 -599.0 -529.0 -39.0
8233 485 5643 36 2.0 -599.0 -529.0 31.0
8234 486 5644 36 2.0 -599.0 -529.0 101.0
8235 487 5645 36 2.0 -599.0 -529.0 171.0
8236 488 5646 36 2.0 -599.0 -529.0 241.0
8237 489 5647 36 2.0 -599.0 -529.0 311.0
8238 490 5648 36 2.0 -599.0 -529.0 381.0
8239 491 5649 36 2.0 -599.0 -529.0 451.0
8240 492 5650 36 2.0 -599.0 -529.0 521.0
8241 493 5651 36 2.0 -599.0 -529.0 591.0
8242 494 5652 36 2.0 -599.0 -529.0 661.0
8243 495 5653 36 2.0 -599.0 -459.0 -669.0
8244 496 5654 36 2.0 -599.0 -459.0 -599.0
8245 497 5655 36 2.0 -599.0 -459.0 -529.0
8246 498 5656 36 2.0 -599.0 -459.0 -459.0
8247 499 5657 36 2.0 -599.0 -459.0 -389.0
8248 500 5658 36 2.0 -599.0 -459.0 -319.0
8249 501 5659 36 2.0 -599.0 -459.0 -249.0
8250 502 5660 36 2.0 -599.0 -459.0 -179.0
8251 503 5661 36 2.0 -599.0 -459.0 -109.0
8252 504 5662 36 2.0 -599.0 -459.0 -39.0
8253 505 5663 36 2.0 -599.0 -459.0 31.0
8254 506 5664 36 2.0 -599.0 -459.0 101.0
8255 507 5665 36 2.0 -599.0 -459.0 171.0
8256 508 5666 36 2.0 -599.0 -459.0 241.0
8257 509 5667 36 2.0 -599.0 -459.0 311.0
8258 510 5668 36 2.0 -599.0 -459.0 381.0
8259 511 5669 36 2.0 -599.0 -459.0 451.0
8260 512 5670 36 2.0 -599.0 -459.0 521.0
8261 513 5671 36 2.0 -599.0 -459.0 591.0
8262 514 5672 36 2.0 -599.0 -459.0 661.0
8263 515 5673 36 2.0 -599.0 -389.0 -669.0
8264 516 5674 36 2.0 -599.0 -389.0 -599.0
8265 517 5675 36 2.0 -599.0 -389.0 -529.0
8266 518 5676 36 2.0 -599.0 -389.0 -459.0
8267 519 5677 36 2.0 -599.0 -389.0 -389.0
8268 520 5678 36 2.0 -599.0 -389.0 -319.0
8269 521 5679 36 2.0 -599.0 -389.0 -249.0
8270 522 5680 36 2.0 -599.0 -389.0 -179.0
8271 523 5681 36 2.0 -599.0 -389.0 -109.0
8272 524 5682 36 2.0 -599.0 -389.0 -39.0
8273 525 5683 36 2.0 -599.0 -389.0 31.0
8274 526 5684 36 2.0 -599.0 -389.0 101.0
8275 527 5685 36 2.0 -599.0 -389.0 171.0
8276 528 5686 36 2.0 -599.0 -389.0 241.0
8277 529 5687 36 2.0 -599.0 -389.0 311.0
8278 530 5688 36 2.0 -599.0 -389.0 381.0
8279 531 5689 36 2.0 -599.0 -389.0 451.0
8280 532 5690 36 2.0 -599.0 -389.0 521.0
8281 533 5691 36 2.0 -599.0 -389.0 591.0
8282 534 5692 36 2.0 -599.0 -389.0 661.0
8283 535 5693 36 2.0 -599.0 -319.0 -669.0
8284 536 5694 36 2.0 -599.0 -319.0 -599.0
8285 537 5695 36 2.0 -599.0 -319.0 -529.0
8286 538 5696 36 2.0 -599.0 -319.0 -459.0
8287 539 5697 36 2.0 -599.0 -319.0 -389.0
8288 540 5698 36 2.0 -599.0 -319.0 -319.0
8289 541 5699 36 2.0 -599.0 -319.0 -249.0
8290 542 5700 36 2.0 -599.0 -319.0 -179.0
8291 543 5701 36 2.0 -599.0 -319.0 -109.0
8292 544 5702 36 2.0 -599.0 -319.0 -39.0
8293 545 5703 36 2.0 -599.0 -319.0 31.0
8294 546 5704 36 2.0 -599.0 -319.0 101.0
8295 547 5705 36 2.0 -599.0 -319.0 171.0
8296 548 5706 36 2.0 -599.0 -319.0 241.0
8297 549 5707 36 2.0 -599.0 -319.0 311.0
8298 550 5708 36 2.0 -599.0 -319.0 381.0
8299 551 5709 36 2.0 -599.0 -319.0 451.0
8300 552 5710 36 2.0 -599.0 -319.0 521.0
8301 553 5711 36 2.0 -599.0 -319.0 591.0
8302 554 5712 36 2.0 -599.0 -319.0 661.0
8303 555 5713 36 2.0 -599.0 -249.0 -669.0
8304 556 5714 36 2.0 -599.0 -249.0 -599.0
8305 557 5715 36 2.0 -599.0 -249.0 -529.0
8306 558 5716 36 2.0 -599.0 -249.0 -459.0
8307 559 5717 36 2.0 -599.0 -249.0 -389.0
8308 560 5718 36 2.0 -599.0 -249.0 -319.0
8309 561 5719 36 2.0 -599.0 -249.0 -249.0
8310 562 5720 36 2.0 -599.0 -249.0 -179.0
8311 563 5721 36 2.0 -599.0 -249.0 -109.0
8312 564 5722 36 2.0 -599.0 -249.0 -39.0
8313 565 5723 36 2.0 -599.0 -249.0 31.0
8314 566 5724 36 2.0 -599.0 -249.0 101.0
8315 567 5725 36 2.0 -599.0 -249.0 171.0
8316 568 5726 36 2.0 -599.0 -249.0 241.0
8317 569 5727 36 2.0 -599.0 -249.0 311.0
8318 570 5728 36 2.0 -599.0 -249.0 381.0
8319 571 5729 36 2.0 -599.0 -249.0 451.0
8320 572 5730 36 2.0 -599.0 -249.0 521.0
8321 573 5731 36 2.0 -599.0 -249.0 591.0
8322 574 5732 36 2.0 -599.0 -249.0 661.0
8323 575 5733 36 2.0 -599.0 -179.0 -669.0
8324 576 5734 36 2.0 -599.0 -179.0 -599.0
8325 577 5735 36 2.0 -599.0 -179.0 -529.0
8326 578 5736 36 2.0 -599.0 -179.0 -459.0
8327 579 5737 36 2.0 -599.0 -179.0 -389.0
8328 580 5738 36 2.0 -599.0 -179.0 -319.0
8329 581 5739 36 2.0 -599.0 -179.0 -249.0
8330 582 5740 36 2.0 -599.0 -179.0 -179.0
8331 583 5741 36 2.0 -599.0 -179.0 -109.0
8332 584 5742 36 2.0 -599.0 -179.0 -39.0
8333 585 5743 36 2.0 -599.0 -179.0 31.0
8334 586 5744 36 2.0 -599.0 -179.0 101.0
8335 587 5745 36 2.0 -599.0 -179.0 171.0
8336 588 5746 36 2.0 -599.0 -179.0 241.0
8337 589 5747 36 2.0 -599.0 -179.0 311.0
8338 590 5748 36 2.0 -599.0 -179.0 381.0
8339 591 5749 36 2.0 -599.0 -179.0 451.0
8340 592 5750 36 2.0 -599.0 -179.0 521.0
8341 593 5751 36 2.0 -599.0 -179.0 591.0
8342 594 5752 36 2.0 -599.0 -179.0 661.0
8343 595 5753 36 2.0 -599.0 -109.0 -669.0
8344 596 5754 36 2.0 -599.0 -109.0 -599.0
8345 597 5755 36 2.0 -599.0 -109.0 -529.0
8346 598 5756 36 2.0 -599.0 -109.0 -459.0
8347 599 5757 36 2.0 -599.0 -109.0 -389.0
8348 600 5758 36 2.0 -599.0 -109.0 -319.0
8349 601 5759 36 2.0 -599.0 -109.0 -249.0
8350 602 5760 36 2.0 -599.0 -109.0 -179.0
8351 603 5761 36 2.0 -599.0 -109.0 -109.0
8352 604 5762 36 2.0 -599.0 -109.0 -39.0
8353 605 5763 36 2.0 -599.0 -109.0 31.0
8354 606 5764 36 2.0 -599.0 -109.0 101.0
8355 607 5765 36 2.0 -599.0 -109.0 171.0
8356 608 5766 36 2.0 -599.0 -109.0 241.0
8357 609 5767 36 2.0 -599.0 -109.0 311.0
8358 610 5768 36 2.0 -599.0 -109.0 381.0
8359 611 5769 36 2.0 -599.0 -109.0 451.0
8360 612 5770 36 2.0 -599.0 -109.0 521.0
8361 613 5771 36 2.0 -599.0 -109.0 591.0
8362 614 5772 36 2.0 -599.0 -109.0 661.0
8363 615 5773 36 2.0 -599.0 -39.0 -669.0
8364 616 5774 36 2.0 -599.0 -39.0 -599.0
8365 617 5775 36 2.0 -599.0 -39.0 -529.0
8366 618 5776 36 2.0 -599.0 -39.0 -459.0
8367 619 5777 36 2.0 -599.0 -39.0 -389.0
8368 620 5778 36 2.0 -599.0 -39.0 -319.0
8369 621 5779 36 2.0 -599.0 -39.0 -249.0
8370 622 5780 36 2.0 -599.0 -39.0 -179.0
8371 623 5781 36 2.0 -599.0 -39.0 -109.0
8372 624 5782 36 2.0 -599.0 -39.0 -39.0
8373 625 5783 36 2.0 -599.0 -39.0 31.0
8374 626 5784 36 2.0 -599.0 -39.0 101.0
8375 627 5785 36 2.0 -599.0 -39.0 171.0
8376 628 5786 36 2.0 -599.0 -39.0 241.0
8377 629 5787 36 2.0 -599.0 -39.0 311.0
8378 630 5788 36 2.0 -599.0 -39.0 381.0
8379 631 5789 36 2.0 -599.0 -39.0 451.0
8380 632 5790 36 2.0 -599.0 -39.0 521.0
8381 633 5791 36 2.0 -599.0 -39.0 591.0
8382 634 5792 36 2.0 -599.0 -39.0 661.0
8383 635 5793 36 2.0 -599.0 31.0 -669.0
8384 636 5794 36 2.0 -599.0 31.0 -599.0
8385 637 5795 36 2.0 -599.0 31.0 -529.0
8386 638 5796 36 2.0 -599.0 31.0 -459.0
8387 639 5797 36 2.0 -599.0 31.0 -389.0
8388 640 5798 36 2.0 -599.0 31.0 -319.0
8389 641 5799 36 2.0 -599.0 31.0 -249.0
8390 642 5800 36 2.0 -599.0 31.0 -179.0
8391 643 5801 36 2.0 -599.0 31.0 -109.0
8392 644 5802 36 2.0 -599.0 31.0 -39.0
8393 645 5803 36 2.0 -599.0 31.0 31.0
8394 646 5804 36 2.0 -599.0 31.0 101.0
8395 647 5805 36 2.0 -599.0 31.0 171.0
8396 648 5806 36 2.0 -599.0 31.0 241.0
8397 649 5807 36 2.0 -599.0 31.0 311.0
8398 650 5808 36 2.0 -599.0 31.0 381.0
8399 651 5809 36 2.0 -599.0 31.0 451.0
8400 652 5810 36 2.0 -599.0 31.0 521.0
8401 653 5811 36 2.0 -599.0 31.0 591.0
8402 654 5812 36 2.0 -599.0 31.0 661.0
8403 655 5813 36 2.0 -599.0 101.0 -669.0
8404 656 5814 36 2.0 -599.0 101.0 -599.0
8405 657 5815 36 2.0 -599.0 101.0 -529.0
8406 658 5816 36 2.0 -599.0 101.0 -459.0
8407 659 5817 36 2.0 -599.0 101.0 -389.0
8408 660 5818 36 2.0 -599.0 101.0 -319.0
8409 661 5819 36 2.0 -599.0 101.0 -249.0
8410 662 5820 36 2.0 -599.0 101.0 -179.0
8411 663 5821 36 2.0 -599.0 101.0 -109.0
8412 664 5822 36 2.0 -599.0 101.0 -39.0
8413 665 5823 36 2.0 -599.0 101.0 31.0
8414 666 5824 36 2.0 -599.0 101.0 101.0
8415 667 5825 36 2.0 -599.0 101.0 171.0
8416 668 5826 36 2.0 -599.0 101.0 241.0
8417 669 5827 36 2.0 -599.0 101.0 311.0
8418 670 5828 36 2.0 -599.0 101.0 381.0
8419 671 5829 36 2.0 -599.0 101.0 451.0
8420 672 5830 36 2.0 -599.0 101.0 521.0
8421 673 5831 36 2.0 -599.0 101.0 591.0
8422 674 5832 36 2.0 -599.0 101.0 661.0
8423 675 5833 36 2.0 -599.0 171.0 -669.0
8424 676 5834 36 2.0 -599.0 171.0 -599.0
8425 677 5835 36 2.0 -599.0 171.0 -529.0
8426 678 5836 36 2.0 -599.0 171.0 -459.0
8427 679 5837 36 2.0 -599.0 171.0 -389.0
8428 680 5838 36 2.0 -599.0 171.0 -319.0
8429 681 5839 36 2.0 -599.0 171.0 -249.0
8430 682 5840 36 2.0 -599.0 171.0 -179.0
8431 683 5841 36 2.0 -599.0 171.0 -109.0
8432 684 5842 36 2.0 -599.0 171.0 -39.0
8433 685 5843 36 2.0 -599.0 171.0 31.0
8434 686 5844 36 2.0 -599.0 171.0 101.0
8435 687 5845 36 2.0 -599.0 171.0 171.0
8436 688 5846 36 2.0 -599.0 171.0 241.0
8437 689 5847 36 2.0 -599.0 171.0 311.0
8438 690 5848 36 2.0 -599.0 171.0 381.0
8439 691 5849 36 2.0 -599.0 171.0 451.0
8440 692 5850 36 2.0 -599.0 171.0 521.0
8441 693 5851 36 2.0 -599.0 171.0 591.0
8442 694 5852 36 2.0 -599.0 171.0 661.0
8443 695 5853 36 2.0 -599.0 241.0 -669.0
8444 696 5854 36 2.0 -599.0 241.0 -599.0
8445 697 5855 36 2.0 -599.0 241.0 -529.0
8446 698 5856 36 2.0 -599.0 241.0 -459.0
8447 699 5857 36 2.0 -599.0 241.0 -389.0
8448 700 5858 36 2.0 -599.0 241.0 -319.0
8449 701 5859 36 2.0 -599.0 241.0 -249.0
8450 702 5860 36 2.0 -599.0 241.0 -179.0
8451 703 5861 36 2.0 -599.0 241.0 -109.0
8452 704 5862 36 2.0 -599.0 241.0 -39.0
8453 705 5863 36 2.0 -599.0 241.0 31.0
8454 706 5864 36 2.0 -599.0 241.0 101.0
8455 707 5865 36 2.0 -599.0 241.0 171.0
8456 708 5866 36 2.0 -599.0 241.0 241.0
8457 709 5867 36 2.0 -599.0 241.0 311.0
8458 710 5868 36 2.0 -599.0 241.0 381.0
8459 711 5869 36 2.0 -599.0 241.0 451.0
8460 712 5870 36 2.0 -599.0 241.0 521.0
8461 713 5871 36 2.0 -599.0 241.0 591.0
8462 714 5872 36 2.0 -599.0 241.0 661.0
8463 715 5873 36 2.0 -599.0 311.0 -669.0
8464 716 5874 36 2.0 -599.0 311.0 -599.0
8465 717 5875 36 2.0 -599.0 311.0 -529.0
8466 718 5876 36 2.0 -599.0 311.0 -459.0
8467 719 5877 36 2.0 -599.0 311.0 -389.0
8468 720 5878 36 2.0 -599.0 311.0 -319.0
8469 721 5879 36 2.0 -599.0 311.0 -249.0
8470 722 5880 36 2.0 -599.0 311.0 -179.0
8471 723 5881 36 2.0 -599.0 311.0 -109.0
8472 724 5882 36 2.0 -599.0 311.0 -39.0
8473 725 5883 36 2.0 -599.0 311.0 31.0
8474 726 5884 36 2.0 -599.0 311.0 101.0
8475 727 5885 36 2.0 -599.0 311.0 171.0
8476 728 5886 36 2.0 -599.0 311.0 241.0
8477 729 5887 36 2.0 -599.0 311.0 311.0
8478 730 5888 36 2.0 -599.0 311.0 381.0
8479 731 5889 36 2.0 -599.0 311.0 451.0
8480 732 5890 36 2.0 -599.0 311.0 521.0
8481 733 5891 36 2.0 -599.0 311.0 591.0
8482 734 5892 36 2.0 -599.0 311.0 661.0
8483 735 5893 36 2.0 -599.0 381.0 -669.0
8484 736 5894 36 2.0 -599.0 381.0 -599.0
8485 737 5895 36 2.0 -599.0 381.0 -529.0
8486 738 5896 36 2.0 -599.0 381.0 -459.0
8487 739 5897 36 2.0 -599.0 381.0 -389.0
8488 740 5898 36 2.0 -599.0 381.0 -319.0
8489 741 5899 36 2.0 -599.0 381.0 -249.0
8490 742 5900 36 2.0 -599.0 381.0 -179.0
8491 743 5901 36 2.0 -599.0 381.0 -109.0
8492 744 5902 36 2.0 -599.0 381.0 -39.0
8493 745 5903 36 2.0 -599.0 381.0 31.0
8494 746 5904 36 2.0 -599.0 381.0 101.0
8495 747 5905 36 2.0 -599.0 381.0 171.0
8496 748 5906 36 2.0 -599.0 381.0 241.0
8497 749 5907 36 2.0 -599.0 381.0 311.0
8498 750 5908 36 2.0 -599.0 381.0 381.0
8499 751 5909 36 2.0 -599.0 381.0 451.0
8500 752 5910 36 2.0 -599.0 381.0 521.0
8501 753 5911 36 2.0 -599.0 381.0 591.0
8502 754 5912 36 2.0 -599.0 381.0 661.0
8503 755 5913 36 2.0 -599.0 451.0 -669.0
8504 756 5914 36 2.0 -599.0 451.0 -599.0
8505 757 5915 36 2.0 -599.0 451.0 -529.0
8506 758 5916 36 2.0 -599.0 451.0 -459.0
8507 759 5917 36 2.0 -599.0 451.0 -389.0
8508 760 5918 36 2.0 -599.0 451.0 -319.0
8509 761 5919 36 2.0 -599.0 451.0 -249.0
8510 762 5920 36 2.0 -599.0 451.0 -179.0
8511 763 5921 36 2.0 -599.0 451.0 -109.0
8512 764 5922 36 2.0 -599.0 451.0 -39.0
8513 765 5923 36 2.0 -599.0 451.0 31.0
8514 766 5924 36 2.0 -599.0 451.0 101.0
8515 767 5925 36 2.0 -599.0 451.0 171.0
8516 768 5926 36 2.0 -599.0 451.0 241.0
8517 769 5927 36 2.0 -599.0 451.0 311.0
8518 770 5928 36 2.0 -599.0 451.0 381.0
8519 771 5929 36 2.0 -599.0 451.0 451.0
8520 772 5930 36 2.0 -599.0 451.0 521.0
8521 773 5931 36 2.0 -599.0 451.0 591.0
8522 774 5932 36 2.0 -599.0 451.0 661.0
8523 775 5933 36 2.0 -599.0 521.0 -669.0
8524 776 5934 36 2.0 -599.0 521.0 -599.0
8525 777 5935 36 2.0 -599.0 521.0 -529.0
8526 778 5936 36 2.0 -599.0 521.0 -459.0
8527 779 5937 36 2.0 -599.0 521.0 -389.0
8528 780 5938 36 2.0 -599.0 521.0 -319.0
8529 781 5939 36 2.0 -599.0 521.0 -249.0
8530 782 5940 36 2.0 -599.0 521.0 -179.0
8531 783 5941 36 2.0 -599.0 521.0 -109.0
8532 784 5942 36 2.0 -599.0 521.0 -39.0
8533 785 5943 36 2.0 -599.0 521.0 31.0
8534 786 5944 36 2.0 -599.0 521.0 101.0
8535 787 5945 36 2.0 -599.0 521.0 171.0
8536 788 5946 36 2.0 -599.0 521.0 241.0
8537 789 5947 36 2.0 -599.0 521.0 311.0
8538 790 5948 36 2.0 -599.0 521.0 381.0
8539 791 5949 36 2.0 -599.0 521.0 451.0
8540 792 5950 36 2.0 -599.0 521.0 521.0
8541 793 5951 36 2.0 -599.0 521.0 591.0
8542 794 5952 36 2.0 -599.0 521.0 661.0
8543 795 5953 36 2.0 -599.0 591.0 -669.0
8544 796 5954 36 2.0 -599.0 591.0 -599.0
8545 797 5955 36 2.0 -599.0 591.0 -529.0
8546 798 5956 36 2.0 -599.0 591.0 -459.0
8547 799 5957 36 2.0 -599.0 591.0 -389.0
8548 800 5958 36 2.0 -599.0 591.0 -319.0
8549 801 5959 36 2.0 -599.0 591.0 -249.0
8550 802 5960 36 2.0 -599.0 591.0 -179.0
8551 803 5961 36 2.0 -599.0 591.0 -109.0
8552 804 5962 36 2.0 -599.0 591.0 -39.0
8553 805 5963 36 2.0 -599.0 591.0 31.0
8554 806 5964 36 2.0 -599.0 591.0 101.0
8555 807 5965 36 2.0 -599.0 591.0 171.0
8556 808 5966 36 2.0 -599.0 591.0 241.0
8557 809 5967 36 2.0 -599.0 591.0 311.0
8558 810 5968 36 2.0 -599.0 591.0 381.0
8559 811 5969 36 2.0 -599.0 591.0 451.0
8560 812 5970 36 2.0 -599.0 591.0 521.0
8561 813 5971 36 2.0 -599.0 591.0 591.0
8562 814 5972 36 2.0 -599.0 591.0 661.0
8563 815 5973 36 2.0 -599.0 661.0 -669.0
8564 816 5974 36 2.0 -599.0 661.0 -599.0
8565 817 5975 36 2.0 -599.0 661.0 -529.0
8566 818 5976 36 2.0 -599.0 661.0 -459.0
8567 819 5977 36 2.0 -599.0 661.0 -389.0
8568 820 5978 36 2.0 -599.0 661.0 -319.0
8569 821 5979 36 2.0 -599.0 661.0 -249.0
8570 822 5980 36 2.0 -599.0 661.0 -179.0
8571 823 5981 36 2.0 -599.0 661.0 -109.0
8572 824 5982 36 2.0 -599.0 661.0 -39.0
8573 825 5983 36 2.0 -599.0 661.0 31.0
8574 826 5984 36 2.0 -599.0 661.0 101.0
8575 827 5985 36 2.0 -599.0 661.0 171.0
8576 828 5986 36 2.0 -599.0 661.0 241.0
8577 829 5987 36 2.0 -599.0 661.0 311.0
8578 830 5988 36 2.0 -599.0 661.0 381.0
8579 831 5989 36 2.0 -599.0 661.0 451.0
8580 832 5990 36 2.0 -599.0 661.0 521.0
8581 833 5991 36 2.0 -599.0 661.0 591.0
8582 834 5992 36 2.0 -599.0 661.0 661.0
8583 835 5993 36 2.0 -529.0 -669.0 -669.0
8584 836 5994 36 2.0 -529.0 -669.0 -599.0
8585 837 5995 36 2.0 -529.0 -669.0 -529.0
8586 838 5996 36 2.0 -529.0 -669.0 -459.0
8587 839 5997 36 2.0 -529.0 -669.0 -389.0
8588 840 5998 36 2.0 -529.0 -669.0 -319.0
8589 841 5999 36 2.0 -529.0 -669.0 -249.0
8590 842 6000 36 2.0 -529.0 -669.0 -179.0
8591 843 6001 36 2.0 -529.0 -669.0 -109.0
8592 844 6002 36 2.0 -529.0 -669.0 -39.0
8593 845 6003 36 2.0 -529.0 -669.0 31.0
8594 846 6004 36 2.0 -529.0 -669.0 101.0
8595 847 6005 36 2.0 -529.0 -669.0 171.0
8596 848 6006 36 2.0 -529.0 -669.0 241.0
8597 849 6007 36 2.0 -529.0 -669.0 311.0
8598 850 6008 36 2.0 -529.0 -669.0 381.0
8599 851 6009 36 2.0 -529.0 -669.0 451.0
8600 852 6010 36 2.0 -529.0 -669.0 521.0
8601 853 6011 36 2.0 -529.0 -669.0 591.0
8602 854 6012 36 2.0 -529.0 -669.0 661.0
8603 855 6013 36 2.0 -529.0 -599.0 -669.0
8604 856 6014 36 2.0 -529.0 -599.0 -599.0
8605 857 6015 36 2.0 -529.0 -599.0 -529.0
8606 858 6016 36 2.0 -529.0 -599.0 -459.0
8607 859 6017 36 2.0 -529.0 -599.0 -389.0
8608 860 6018 36 2.0 -529.0 -599.0 -319.0
8609 861 6019 36 2.0 -529.0 -599.0 -249.0
8610 862 6020 36 2.0 -529.0 -599.0 -179.0
8611 863 6021 36 2.0 -529.0 -599.0 -109.0
8612 864 6022 36 2.0 -529.0 -599.0 -39.0
8613 865 6023 36 2.0 -529.0 -599.0 31.0
8614 866 6024 36 2.0 -529.0 -599.0 101.0
8615 867 6025 36 2.0 -529.0 -599.0 171.0
8616 868 6026 36 2.0 -529.0 -599.0 241.0
8617 869 6027 36 2.0 -529.0 -599.0 311.0
8618 870 6028 36 2.0 -529.0 -599.0 381.0
8619 871 6029 36 2.0 -529.0 -599.0 451.0
8620 872 6030 36 2.0 -529.0 -599.0 521.0
8621 873 6031 36 2.0 -529.0 -599.0 591.0
8622 874 6032 36 2.0 -529.0 -599.0 661.0
8623 875 6033 36 2.0 -529.0 -529.0 -669.0
8624 876 6034 36 2.0 -529.0 -529.0 -599.0
8625 877 6035 36 2.0 -529.0 -529.0 -529.0
8626 878 6036 36 2.0 -529.0 -529.0 -459.0
8627 879 6037 36 2.0 -529.0 -529.0 -389.0
8628 880 6038 36 2.0 -529.0 -529.0 -319.0
8629 881 6039 36 2.0 -529.0 -529.0 -249.0
8630 882 6040 36 2.0 -529.0 -529.0 -179.0
8631 883 6041 36 2.0 -529.0 -529.0 -109.0
8632 884 6042 36 2.0 -529.0 -529.0 -39.0
8633 885 6043 36 2.0 -529.0 -529.0 31.0
8634 886 6044 36 2.0 -529.0 -529.0 101.0
8635 887 6045 36 2.0 -529.0 -529.0 171.0
8636 888 6046 36 2.0 -529.0 -529.0 241.0
8637 889 6047 36 2.0 -529.0 -529.0 311.0
8638 890 6048 36 2.0 -529.0 -529.0 381.0
8639 891 6049 36 2.0 -529.0 -529.0 451.0
8640 892 6050 36 2.0 -529.0 -529.0 521.0
8641 893 6051 36 2.0 -529.0 -529.0 591.0
8642 894 6052 36 2.0 -529.0 -529.0 661.0
8643 895 6053 36 2.0 -529.0 -459.0 -669.0
8644 896 6054 36 2.0 -529.0 -459.0 -599.0
8645 897 6055 36 2.0 -529.0 -459.0 -529.0
8646 898 6056 36 2.0 -529.0 -459.0 -459.0
8647 899 6057 36 2.0 -529.0 -459.0 -389.0
8648 900 6058 36 2.0 -529.0 -459.0 -319.0
8649 901 6059 36 2.0 -529.0 -459.0 -249.0
8650 902 6060 36 2.0 -529.0 -459.0 -179.0
8651 903 6061 36 2.0 -529.0 -459.0 -109.0
8652 904 6062 36 2.0 -529.0 -459.0 -39.0
8653 905 6063 36 2.0 -529.0 -459.0 31.0
8654 906 6064 36 2.0 -529.0 -459.0 101.0
8655 907 6065 36 2.0 -529.0 -459.0 171.0
8656 908 6066 36 2.0 -529.0 -459.0 241.0
8657 909 6067 36 2.0 -529.0 -459.0 311.0
8658 910 6068 36 2.0 -529.0 -459.0 381.0
8659 911 6069 36 2.0 -529.0 -459.0 451.0
8660 912 6070 36 2.0 -529.0 -459.0 521.0
8661 913 6071 36 2.0 -529.0 -459.0 591.0
8662 914 6072 36 2.0 -529.0 -459.0 661.0
8663 915 6073 36 2.0 -529.0 -389.0 -669.0
8664 916 6074 36 2.0 -529.0 -389.0 -599.0
8665 917 6075 36 2.0 -529.0 -389.0 -529.0
8666 918 6076 36 2.0 -529.0 -389.0 -459.0
8667 919 6077 36 2.0 -529.0 -389.0 -389.0
8668 920 6078 36 2.0 -529.0 -389.0 -319.0
8669 921 6079 36 2.0 -529.0 -389.0 -249.0
8670 922 6080 36 2.0 -529.0 -389.0 -179.0
8671 923 6081 36 2.0 -529.0 -389.0 -109.0
8672 924 6082 36 2.0 -529.0 -389.0 -39.0
8673 925 6083 36 2.0 -529.0 -389.0 31.0
8674 926 6084 36 2.0 -529.0 -389.0 101.0
8675 927 6085 36 2.0 -529.0 -389.0 171.0
8676 928 6086 36 2.0 -529.0 -389.0 241.0
8677 929 6087 36 2.0 -529.0 -389.0 311.0
8678 930 6088 36 2.0 -529.0 -389.0 381.0
8679 931 6089 36 2.0 -529.0 -389.0 451.0
8680 932 6090 36 2.0 -529.0 -389.0 521.0
8681 933 6091 36 2.0 -529.0 -389.0 591.0
8682 934 6092 36 2.0 -529.0 -389.0 661.0
8683 935 6093 36 2.0 -529.0 -319.0 -669.0
8684 936 6094 36 2.0 -529.0 -319.0 -599.0
8685 937 6095 36 2.0 -529.0 -319.0 -529.0
8686 938 6096 36 2.0 -529.0 -319.0 -459.0
8687 939 6097 36 2.0 -529.0 -319.0 -389.0
8688 940 6098 36 2.0 -529.0 -319.0 -319.0
8689 941 6099 36 2.0 -529.0 -319.0 -249.0
8690 942 6100 36 2.0 -529.0 -319.0 -179.0
8691 943 6101 36 2.0 -529.0 -319.0 -109.0
8692 944 6102 36 2.0 -529.0 -319.0 -39.0
8693 945 6103 36 2.0 -529.0 -319.0 31.0
8694 946 6104 36 2.0 -529.0 -319.0 101.0
8695 947 6105 36 2.0 -529.0 -319.0 171.0
8696 948 6106 36 2.0 -529.0 -319.0 241.0
8697 949 6107 36 2.0 -529.0 -319.0 311.0
8698 950 6108 36 2.0 -529.0 -319.0 381.0
8699 951 6109 36 2.0 -529.0 -319.0 451.0
8700 952 6110 36 2.0 -529.0 -319.0 521.0
8701 953 6111 36 2.0 -529.0 -319.0 591.0
8702 954 6112 36 2.0 -529.0 -319.0 661.0
8703 955 6113 36 2.0 -529.0 -249.0 -669.0
8704 956 6114 36 2.0 -529.0 -249.0 -599.0
8705 957 6115 36 2.0 -529.0 -249.0 -529.0
8706 958 6116 36 2.0 -529.0 -249.0 -459.0
8707 959 6117 36 2.0 -529.0 -249.0 -389.0
8708 960 6118 36 2.0 -529.0 -249.0 -319.0
8709 961 6119 36 2.0 -529.0 -249.0 -249.0
8710 962 6120 36 2.0 -529.0 -249.0 -179.0
8711 963 6121 36 2.0 -529.0 -249.0 -109.0
8712 964 6122 36 2.0 -529.0 -249.0 -39.0
8713 965 6123 36 2.0 -529.0 -249.0 31.0
8714 966 6124 36 2.0 -529.0 -249.0 101.0
8715 967 6125 36 2.0 -529.0 -249.0 171.0
8716 968 6126 36 2.0 -529.0 -249.0 241.0
8717 969 6127 36 2.0 -529.0 -249.0 311.0
8718 970 6128 36 2.0 -529.0 -249.0 381.0
8719 971 6129 36 2.0 -529.0 -249.0 451.0
8720 972 6130 36 2.0 -529.0 -249.0 521.0
8721 973 6131 36 2.0 -529.0 -249.0 591.0
8722 974 6132 36 2.0 -529.0 -249.0 661.0
8723 975 6133 36 2.0 -529.0 -179.0 -669.0
8724 976 6134 36 2.0 -529.0 -179.0 -599.0
8725 977 6135 36 2.0 -529.0 -179.0 -529.0
8726 978 6136 36 2.0 -529.0 -179.0 -459.0
8727 979 6137 36 2.0 -529.0 -179.0 -389.0
8728 980 6138 36 2.0 -529.0 -179.0 -319.0
8729 981 6139 36 2.0 -529.0 -179.0 -249.0
8730 982 6140 36 2.0 -529.0 -179.0 -179.0
8731 983 6141 36 2.0 -529.0 -179.0 -109.0
8732 984 6142 36 2.0 -529.0 -179.0 -39.0
8733 985 6143 36 2.0 -529.0 -179.0 31.0
8734 986 6144 36 2.0 -529.0 -179.0 101.0
8735 987 6145 36 2.0 -529.0 -179.0 171.0
8736 988 6146 36 2.0 -529.0 -179.0 241.0
8737 989 6147 36 2.0 -529.0 -179.0 311.0
8738 990 6148 36 2.0 -529.0 -179.0 381.0
8739 991 6149 36 2.0 -529.0 -179.0 451.0
8740 992 6150 36 2.0 -529.0 -179.0 521.0
8741 993 6151 36 2.0 -529.0 -179.0 591.0
8742 994 6152 36 2.0 -529.0 -179.0 661.0
8743 995 6153 36 2.0 -529.0 -109.0 -669.0
8744 996 6154 36 2.0 -529.0 -109.0 -599.0
8745 997 6155 36 2.0 -529.0 -109.0 -529.0
8746 998 6156 36 2.0 -529.0 -109.0 -459.0
8747 999 6157 36 2.0 -529.0 -109.0 -389.0
8748 1000 6158 36 2.0 -529.0 -109.0 -319.0
8749 1001 6159 36 2.0 -529.0 -109.0 -249.0
8750 1002 6160 36 2.0 -529.0 -109.0 -179.0
8751 1003 6161 36 2.0 -529.0 -109.0 -109.0
8752 1004 6162 36 2.0 -529.0 -109.0 -39.0
8753 1005 6163 36 2.0 -529.0 -109.0 31.0
8754 1006 6164 36 2.0 -529.0 -109.0 101.0
8755 1007 6165 36 2.0 -529.0 -109.0 171.0
8756 1008 6166 36 2.0 -529.0 -109.0 241.0
8757 1009 6167 36 2.0 -529.0 -109.0 311.0
8758 1010 6168 36 2.0 -529.0 -109.0 381.0
8759 1011 6169 36 2.0 -529.0 -109.0 451.0
8760 1012 6170 36 2.0 -529.0 -109.0 521.0
8761 1013 6171 36 2.0 -529.0 -109.0 591.0
8762 1014 6172 36 2.0 -529.0 -109.0 661.0
8763 1015 6173 36 2.0 -529.0 -39.0 -669.0
8764 1016 6174 36 2.0 -529.0 -39.0 -599.0
8765 1017 6175 36 2.0 -529.0 -39.0 -529.0
8766 1018 6176 36 2.0 -529.0 -39.0 -459.0
8767 1019 6177 36 2.0 -529.0 -39.0 -389.0
8768 1020 6178 36 2.0 -529.0 -39.0 -319.0
8769 1021 6179 36 2.0 -529.0 -39.0 -249.0
8770 1022 6180 36 2.0 -529.0 -39.0 -179.0
8771 1023 6181 36 2.0 -529.0 -39.0 -109.0
8772 1024 6182 36 2.0 -529.0 -39.0 -39.0
8773 1025 6183 36 2.0 -529.0 -39.0 31.0
8774 1026 6184 36 2.0 -529.0 -39.0 101.0
8775 1027 6185 36 2.0 -529.0 -39.0 171.0
8776 1028 6186 36 2.0 -529.0 -39.0 241.0
8777 1029 6187 36 2.0 -529.0 -39.0 311.0
8778 1030 6188 36 2.0 -529.0 -39.0 381.0
8779 1031 6189 36 2.0 -529.0 -39.0 451.0
8780 1032 6190 36 2.0 -529.0 -39.0 521.0
8781 1033 6191 36 2.0 -529.0 -39.0 591.0
8782 1034 6192 36 2.0 -529.0 -39.0 661.0
8783 1035 6193 36 2.0 -529.0 31.0 -669.0
8784 1036 6194 36 2.0 -529.0 31.0 -599.0
8785 1037 6195 36 2.0 -529.0 31.0 -529.0
8786 1038 6196 36 2.0 -529.0 31.0 -459.0
8787 1039 6197 36 2.0 -529.0 31.0 -389.0
8788 1040 6198 36 2.0 -529.0 31.0 -319.0
8789 1041 6199 36 2.0 -529.0 31.0 -249.0
8790 1042 6200 36 2.0 -529.0 31.0 -179.0
8791 1043 6201 36 2.0 -529.0 31.0 -109.0
8792 1044 6202 36 2.0 -529.0 31.0 -39.0
8793 1045 6203 36 2.0 -529.0 31.0 31.0
8794 1046 6204 36 2.0 -529.0 31.0 101.0
8795 1047 6205 36 2.0 -529.0 31.0 171.0
8796 1048 6206 36 2.0 -529.0 31.0 241.0
8797 1049 6207 36 2.0 -529.0 31.0 311.0
8798 1050 6208 36 2.0 -529.0 31.0 381.0
8799 1051 6209 36 2.0 -529.0 31.0 451.0
8800 1052 6210 36 2.0 -529.0 31.0 521.0
8801 1053 6211 36 2.0 -529.0 31.0 591.0
8802 1054 6212 36 2.0 -529.0 31.0 661.0
8803 1055 6213 36 2.0 -529.0 101.0 -669.0
8804 1056 6214 36 2.0 -529.0 101.0 -599.0
8805 1057 6215 36 2.0 -529.0 101.0 -529.0
8806 1058 6216 36 2.0 -529.0 101.0 -459.0
8807 1059 6217 36 2.0 -529.0 101.0 -389.0
8808 1060 6218 36 2.0 -529.0 101.0 -319.0
8809 1061 6219 36 2.0 -529.0 101.0 -249.0
8810 1062 6220 36 2.0 -529.0 101.0 -179.0
8811 1063 6221 36 2.0 -529.0 101.0 -109.0
8812 1064 6222 36 2.0 -529.0 101.0 -39.0
8813 1065 6223 36 2.0 -529.0 101.0 31.0
8814 1066 6224 36 2.0 -529.0 101.0 101.0
8815 1067 6225 36 2.0 -529.0 101.0 171.0
8816 1068 6226 36 2.0 -529.0 101.0 241.0
8817 1069 6227 36 2.0 -529.0 101.0 311.0
8818 1070 6228 36 2.0 -529.0 101.0 381.0
8819 1071 6229 36 2.0 -529.0 101.0 451.0
8820 1072 6230 36 2.0 -529.0 101.0 521.0
8821 1073 6231 36 2.0 -529.0 101.0 591.0
8822 1074 6232 36 2.0 -529.0 101.0 661.0
8823 1075 6233 36 2.0 -529.0 171.0 -669.0
8824 1076 6234 36 2.0 -529.0 171.0 -599.0
8825 1077 6235 36 2.0 -529.0 171.0 -529.0
8826 1078 6236 36 2.0 -529.0 171.0 -459.0
8827 1079 6237 36 2.0 -529.0 171.0 -389.0
8828 1080 6238 36 2.0 -529.0 171.0 -319.0
8829 1081 6239 36 2.0 -529.0 171.0 -249.0
8830 1082 6240 36 2.0 -529.0 171.0 -179.0
8831 1083 6241 36 2.0 -529.0 171.0 -109.0
8832 1084 6242 36 2.0 -529.0 171.0 -39.0
8833 1085 6243 36 2.0 -529.0 171.0 31.0
8834 1086 6244 36 2.0 -529.0 171.0 101.0
8835 1087 6245 36 2.0 -529.0 171.0 171.0
8836 1088 6246 36 2.0 -529.0 171.0 241.0
8837 1089 6247 36 2.0 -529.0 171.0 311.0
8838 1090 6248 36 2.0 -529.0 171.0 381.0
8839 1091 6249 36 2.0 -529.0 171.0 451.0
8840 1092 6250 36 2.0 -529.0 171.0 521.0
8841 1093 6251 36 2.0 -529.0 171.0 591.0
8842 1094 6252 36 2.0 -529.0 171.0 661.0
8843 1095 6253 36 2.0 -529.0 241.0 -669.0
8844 1096 6254 36 2.0 -529.0 241.0 -599.0
