7783 35 36 2.0 -669.0 -669.0 -669.0
7784 36 36 2.0 -669.0 -669.0 -599.0
7785 37 36 2.0 -669.0 -669.0 -529.0
7786 38 36 2.0 -669.0 -669.0 -459.0
7787 39 36 2.0 -669.0 -669.0 -389.0
7788 40 36 2.0 -669.0 -669.0 -319.0
7789 41 36 2.0 -669.0 -669.0 -249.0
7790 42 36 2.0 -669.0 -669.0 -179.0
7791 43 36 2.0 -669.0 -669.0 -109.0
7792 44 36 2.0 -669.0 -669.0 -39.0
7793 45 36 2.0 -669.0 -669.0 31.0
7794 46 36 2.0 -669.0 -669.0 101.0
7795 47 36 2.0 -669.0 -669.0 171.0
7796 48 36 2.0 -669.0 -669.0 241.0
7797 49 36 2.0 -669.0 -669.0 311.0
7798 50 36 2.0 -669.0 -669.0 381.0
7799 51 36 2.0 -669.0 -669.0 451.0
7800 52 36 2.0 -669.0 -669.0 521.0
7801 53 36 2.0 -669.0 -669.0 591.0
7802 54 36 2.0 -669.0 -669.0 661.0
7803 55 36 2.0 -669.0 -599.0 -669.0
7804 56 36 2.0 -669.0 -599.0 -599.0
7805 57 36 2.0 -669.0 -599.0 -529.0
7806 58 36 2.0 -669.0 -599.0 -459.0
7807 59 36 2.0 -669.0 -599.0 -389.0
7808 60 36 2.0 -669.0 -599.0 -319.0
7809 61 36 2.0 -669.0 -599.0 -249.0
7810 62 36 2.0 -669.0 -599.0 -179.0
7811 63 36 2.0 -669.0 -599.0 -109.0
7812 64 36 2.0 -669.0 -599.0 -39.0
7813 65 36 2.0 -669.0 -599.0 31.0
7814 66 36 2.0 -669.0 -599.0 101.0
7815 67 36 2.0 -669.0 -599.0 171.0
7816 68 36 2.0 -669.0 -599.0 241.0
7817 69 36 2.0 -669.0 -599.0 311.0
7818 70 36 2.0 -669.0 -599.0 381.0
7819 71 36 2.0 -669.0 -599.0 451.0
7820 72 36 2.0 -669.0 -599.0 521.0
7821 73 36 2.0 -669.0 -599.0 591.0
7822 74 36 2.0 -669.0 -599.0 661.0
7823 75 36 2.0 -669.0 -529.0 -669.0
7824 76 36 2.0 -669.0 -529.0 -599.0
7825 77 36 2.0 -669.0 -529.0 -529.0
7826 78 36 2.0 -669.0 -529.0 -459.0
7827 79 36 2.0 -669.0 -529.0 -389.0
7828 80 36 2.0 -669.0 -529.0 -319.0
7829 81 36 2.0 -669.0 -529.0 -249.0
7830 82 36 2.0 -669.0 -529.0 -179.0
7831 83 36 2.0 -669.0 -529.0 -109.0
7832 84 36 2.0 -669.0 -529.0 -39.0
7833 85 36 2.0 -669.0 -529.0 31.0
7834 86 36 2.0 -669.0 -529.0 101.0
7835 87 36 2.0 -669.0 -529.0 171.0
7836 88 36 2.0 -669.0 -529.0 241.0
7837 89 36 2.0 -669.0 -529.0 311.0
7838 90 36 2.0 -669.0 -529.0 381.0
7839 91 36 2.0 -669.0 -529.0 451.0
7840 92 36 2.0 -669.0 -529.0 521.0
7841 93 36 2.0 -669.0 -529.0 591.0
7842 94 36 2.0 -669.0 -529.0 661.0
7843 95 36 2.0 -669.0 -459.0 -669.0
7844 96 36 2.0 -669.0 -459.0 -599.0
7845 97 36 2.0 -669.0 -459.0 -529.0
7846 98 36 2.0 -669.0 -459.0 -459.0
7847 99 36 2.0 -669.0 -459.0 -389.0
7848 100 36 2.0 -669.0 -459.0 -319.0
7849 101 36 2.0 -669.0 -459.0 -249.0
7850 102 36 2.0 -669.0 -459.0 -179.0
7851 103 36 2.0 -669.0 -459.0 -109.0
7852 104 36 2.0 -669.0 -459.0 -39.0
7853 105 36 2.0 -669.0 -459.0 31.0
7854 106 36 2.0 -669.0 -459.0 101.0
7855 107 36 2.0 -669.0 -459.0 171.0
7856 108 36 2.0 -669.0 -459.0 241.0
7857 109 36 2.0 -669.0 -459.0 311.0
7858 110 36 2.0 -669.0 -459.0 381.0
7859 111 36 2.0 -669.0 -459.0 451.0
7860 112 36 2.0 -669.0 -459.0 521.0
7861 113 36 2.0 -669.0 -459.0 591.0
7862 114 36 2.0 -669.0 -459.0 661.0
7863 115 36 2.0 -669.0 -389.0 -669.0
7864 116 36 2.0 -669.0 -389.0 -599.0
7865 117 36 2.0 -669.0 -389.0 -529.0
7866 118 36 2.0 -669.0 -389.0 -459.0
7867 119 36 2.0 -669.0 -389.0 -389.0
7868 120 36 2.0 -669.0 -389.0 -319.0
7869 121 36 2.0 -669.0 -389.0 -249.0
7870 122 36 2.0 -669.0 -389.0 -179.0
7871 123 36 2.0 -669.0 -389.0 -109.0
7872 124 36 2.0 -669.0 -389.0 -39.0
7873 125 36 2.0 -669.0 -389.0 31.0
7874 126 36 2.0 -669.0 -389.0 101.0
7875 127 36 2.0 -669.0 -389.0 171.0
7876 128 36 2.0 -669.0 -389.0 241.0
7877 129 36 2.0 -669.0 -389.0 311.0
7878 130 36 2.0 -669.0 -389.0 381.0
7879 131 36 2.0 -669.0 -389.0 451.0
7880 132 36 2.0 -669.0 -389.0 521.0
7881 133 36 2.0 -669.0 -389.0 591.0
7882 134 36 2.0 -669.0 -389.0 661.0
7883 135 36 2.0 -669.0 -319.0 -669.0
7884 136 36 2.0 -669.0 -319.0 -599.0
7885 137 36 2.0 -669.0 -319.0 -529.0
7886 138 36 2.0 -669.0 -319.0 -459.0
7887 139 36 2.0 -669.0 -319.0 -389.0
7888 140 36 2.0 -669.0 -319.0 -319.0
7889 141 36 2.0 -669.0 -319.0 -249.0
7890 142 36 2.0 -669.0 -319.0 -179.0
7891 143 36 2.0 -669.0 -319.0 -109.0
7892 144 36 2.0 -669.0 -319.0 -39.0
7893 145 36 2.0 -669.0 -319.0 31.0
7894 146 36 2.0 -669.0 -319.0 101.0
7895 147 36 2.0 -669.0 -319.0 171.0
7896 148 36 2.0 -669.0 -319.0 241.0
7897 149 36 2.0 -669.0 -319.0 311.0
7898 150 36 2.0 -669.0 -319.0 381.0
7899 151 36 2.0 -669.0 -319.0 451.0
7900 152 36 2.0 -669.0 -319.0 521.0
7901 153 36 2.0 -669.0 -319.0 591.0
7902 154 36 2.0 -669.0 -319.0 661.0
7903 155 36 2.0 -669.0 -249.0 -669.0
7904 156 36 2.0 -669.0 -249.0 -599.0
7905 157 36 2.0 -669.0 -249.0 -529.0
7906 158 36 2.0 -669.0 -249.0 -459.0
7907 159 36 2.0 -669.0 -249.0 -389.0
7908 160 36 2.0 -669.0 -249.0 -319.0
7909 161 36 2.0 -669.0 -249.0 -249.0
7910 162 36 2.0 -669.0 -249.0 -179.0
7911 163 36 2.0 -669.0 -249.0 -109.0
7912 164 36 2.0 -669.0 -249.0 -39.0
7913 165 36 2.0 -669.0 -249.0 31.0
7914 166 36 2.0 -669.0 -249.0 101.0
7915 167 36 2.0 -669.0 -249.0 171.0
7916 168 36 2.0 -669.0 -249.0 241.0
7917 169 36 2.0 -669.0 -249.0 311.0
7918 170 36 2.0 -669.0 -249.0 381.0
7919 171 36 2.0 -669.0 -249.0 451.0
7920 172 36 2.0 -669.0 -249.0 521.0
7921 173 36 2.0 -669.0 -249.0 591.0
7922 174 36 2.0 -669.0 -249.0 661.0
7923 175 36 2.0 -669.0 -179.0 -669.0
7924 176 36 2.0 -669.0 -179.0 -599.0
7925 177 36 2.0 -669.0 -179.0 -529.0
7926 178 36 2.0 -669.0 -179.0 -459.0
7927 179 36 2.0 -669.0 -179.0 -389.0
7928 180 36 2.0 -669.0 -179.0 -319.0
7929 181 36 2.0 -669.0 -179.0 -249.0
7930 182 36 2.0 -669.0 -179.0 -179.0
7931 183 36 2.0 -669.0 -179.0 -109.0
7932 184 36 2.0 -669.0 -179.0 -39.0
7933 185 36 2.0 -669.0 -179.0 31.0
7934 186 36 2.0 -669.0 -179.0 101.0
7935 187 36 2.0 -669.0 -179.0 171.0
7936 188 36 2.0 -669.0 -179.0 241.0
7937 189 36 2.0 -669.0 -179.0 311.0
7938 190 36 2.0 -669.0 -179.0 381.0
7939 191 36 2.0 -669.0 -179.0 451.0
7940 192 36 2.0 -669.0 -179.0 521.0
7941 193 36 2.0 -669.0 -179.0 591.0
7942 194 36 2.0 -669.0 -179.0 661.0
7943 195 36 2.0 -669.0 -109.0 -669.0
7944 196 36 2.0 -669.0 -109.0 -599.0
7945 197 36 2.0 -669.0 -109.0 -529.0
7946 198 36 2.0 -669.0 -109.0 -459.0
7947 199 36 2.0 -669.0 -109.0 -389.0
7948 200 36 2.0 -669.0 -109.0 -319.0
7949 201 36 2.0 -669.0 -109.0 -249.0
7950 202 36 2.0 -669.0 -109.0 -179.0
7951 203 36 2.0 -669.0 -109.0 -109.0
7952 204 36 2.0 -669.0 -109.0 -39.0
7953 205 36 2.0 -669.0 -109.0 31.0
7954 206 36 2.0 -669.0 -109.0 101.0
7955 207 36 2.0 -669.0 -109.0 171.0
7956 208 36 2.0 -669.0 -109.0 241.0
7957 209 36 2.0 -669.0 -109.0 311.0
7958 210 36 2.0 -669.0 -109.0 381.0
7959 211 36 2.0 -669.0 -109.0 451.0
7960 212 36 2.0 -669.0 -109.0 521.0
7961 213 36 2.0 -669.0 -109.0 591.0
7962 214 36 2.0 -669.0 -109.0 661.0
7963 215 36 2.0 -669.0 -39.0 -669.0
7964 216 36 2.0 -669.0 -39.0 -599.0
7965 217 36 2.0 -669.0 -39.0 -529.0
7966 218 36 2.0 -669.0 -39.0 -459.0
7967 219 36 2.0 -669.0 -39.0 -389.0
7968 220 36 2.0 -669.0 -39.0 -319.0
7969 221 36 2.0 -669.0 -39.0 -249.0
7970 222 36 2.0 -669.0 -39.0 -179.0
7971 223 36 2.0 -669.0 -39.0 -109.0
7972 224 36 2.0 -669.0 -39.0 -39.0
7973 225 36 2.0 -669.0 -39.0 31.0
7974 226 36 2.0 -669.0 -39.0 101.0
7975 227 36 2.0 -669.0 -39.0 171.0
7976 228 36 2.0 -669.0 -39.0 241.0
7977 229 36 2.0 -669.0 -39.0 311.0
7978 230 36 2.0 -669.0 -39.0 381.0
7979 231 36 2.0 -669.0 -39.0 451.0
7980 232 36 2.0 -669.0 -39.0 521.0
7981 233 36 2.0 -669.0 -39.0 591.0
7982 234 36 2.0 -669.0 -39.0 661.0
7983 235 36 2.0 -669.0 31.0 -669.0
7984 236 36 2.0 -669.0 31.0 -599.0
7985 237 36 2.0 -669.0 31.0 -529.0
7986 238 36 2.0 -669.0 31.0 -459.0
7987 239 36 2.0 -669.0 31.0 -389.0
7988 240 36 2.0 -669.0 31.0 -319.0
7989 241 36 2.0 -669.0 31.0 -249.0
7990 242 36 2.0 -669.0 31.0 -179.0
7991 243 36 2.0 -669.0 31.0 -109.0
7992 244 36 2.0 -669.0 31.0 -39.0
7993 245 36 2.0 -669.0 31.0 31.0
7994 246 36 2.0 -669.0 31.0 101.0
7995 247 36 2.0 -669.0 31.0 171.0
7996 248 36 2.0 -669.0 31.0 241.0
7997 249 36 2.0 -669.0 31.0 311.0
7998 250 36 2.0 -669.0 31.0 381.0
7999 251 36 2.0 -669.0 31.0 451.0
8000 252 36 2.0 -669.0 31.0 521.0
8001 253 36 2.0 -669.0 31.0 591.0
8002 254 36 2.0 -669.0 31.0 661.0
8003 255 36 2.0 -669.0 101.0 -669.0
8004 256 36 2.0 -669.0 101.0 -599.0
8005 257 36 2.0 -669.0 101.0 -529.0
8006 258 36 2.0 -669.0 101.0 -459.0
8007 259 36 2.0 -669.0 101.0 -389.0
8008 260 36 2.0 -669.0 101.0 -319.0
8009 261 36 2.0 -669.0 101.0 -249.0
8010 262 36 2.0 -669.0 101.0 -179.0
8011 263 36 2.0 -669.0 101.0 -109.0
8012 264 36 2.0 -669.0 101.0 -39.0
8013 265 36 2.0 -669.0 101.0 31.0
8014 266 36 2.0 -669.0 101.0 101.0
8015 267 36 2.0 -669.0 101.0 171.0
8016 268 36 2.0 -669.0 101.0 241.0
8017 269 36 2.0 -669.0 101.0 311.0
8018 270 36 2.0 -669.0 101.0 381.0
8019 271 36 2.0 -669.0 101.0 451.0
8020 272 36 2.0 -669.0 101.0 521.0
8021 273 36 2.0 -669.0 101.0 591.0
8022 274 36 2.0 -669.0 101.0 661.0
8023 275 36 2.0 -669.0 171.0 -669.0
8024 276 36 2.0 -669.0 171.0 -599.0
8025 277 36 2.0 -669.0 171.0 -529.0
8026 278 36 2.0 -669.0 171.0 -459.0
8027 279 36 2.0 -669.0 171.0 -389.0
8028 280 36 2.0 -669.0 171.0 -319.0
8029 281 36 2.0 -669.0 171.0 -249.0
8030 282 36 2.0 -669.0 171.0 -179.0
8031 283 36 2.0 -669.0 171.0 -109.0
8032 284 36 2.0 -669.0 171.0 -39.0
8033 285 36 2.0 -669.0 171.0 31.0
8034 286 36 2.0 -669.0 171.0 101.0
8035 287 36 2.0 -669.0 171.0 171.0
8036 288 36 2.0 -669.0 171.0 241.0
8037 289 36 2.0 -669.0 171.0 311.0
8038 290 36 2.0 -669.0 171.0 381.0
8039 291 36 2.0 -669.0 171.0 451.0
8040 292 36 2.0 -669.0 171.0 521.0
8041 293 36 2.0 -669.0 171.0 591.0
8042 294 36 2.0 -669.0 171.0 661.0
8043 295 36 2.0 -669.0 241.0 -669.0
8044 296 36 2.0 -669.0 241.0 -599.0
8045 297 36 2.0 -669.0 241.0 -529.0
8046 298 36 2.0 -669.0 241.0 -459.0
8047 299 36 2.0 -669.0 241.0 -389.0
8048 300 36 2.0 -669.0 241.0 -319.0
8049 301 36 2.0 -669.0 241.0 -249.0
8050 302 36 2.0 -669.0 241.0 -179.0
8051 303 36 2.0 -669.0 241.0 -109.0
8052 304 36 2.0 -669.0 241.0 -39.0
8053 305 36 2.0 -669.0 241.0 31.0
8054 306 36 2.0 -669.0 241.0 101.0
8055 307 36 2.0 -669.0 241.0 171.0
8056 308 36 2.0 -669.0 241.0 241.0
8057 309 36 2.0 -669.0 241.0 311.0
8058 310 36 2.0 -669.0 241.0 381.0
8059 311 36 2.0 -669.0 241.0 451.0
8060 312 36 2.0 -669.0 241.0 521.0
8061 313 36 2.0 -669.0 241.0 591.0
8062 314 36 2.0 -669.0 241.0 661.0
8063 315 36 2.0 -669.0 311.0 -669.0
8064 316 36 2.0 -669.0 311.0 -599.0
8065 317 36 2.0 -669.0 311.0 -529.0
8066 318 36 2.0 -669.0 311.0 -459.0
8067 319 36 2.0 -669.0 311.0 -389.0
8068 320 36 2.0 -669.0 311.0 -319.0
8069 321 36 2.0 -669.0 311.0 -249.0
8070 322 36 2.0 -669.0 311.0 -179.0
8071 323 36 2.0 -669.0 311.0 -109.0
8072 324 36 2.0 -669.0 311.0 -39.0
8073 325 36 2.0 -669.0 311.0 31.0
8074 326 36 2.0 -669.0 311.0 101.0
8075 327 36 2.0 -669.0 311.0 171.0
8076 328 36 2.0 -669.0 311.0 241.0
8077 329 36 2.0 -669.0 311.0 311.0
8078 330 36 2.0 -669.0 311.0 381.0
8079 331 36 2.0 -669.0 311.0 451.0
8080 332 36 2.0 -669.0 311.0 521.0
8081 333 36 2.0 -669.0 311.0 591.0
8082 334 36 2.0 -669.0 311.0 661.0
8083 335 36 2.0 -669.0 381.0 -669.0
8084 336 36 2.0 -669.0 381.0 -599.0
8085 337 36 2.0 -669.0 381.0 -529.0
8086 338 36 2.0 -669.0 381.0 -459.0
8087 339 36 2.0 -669.0 381.0 -389.0
8088 340 36 2.0 -669.0 381.0 -319.0
8089 341 36 2.0 -669.0 381.0 -249.0
8090 342 36 2.0 -669.0 381.0 -179.0
8091 343 36 2.0 -669.0 381.0 -109.0
8092 344 36 2.0 -669.0 381.0 -39.0
8093 345 36 2.0 -669.0 381.0 31.0
8094 346 36 2.0 -669.0 381.0 101.0
8095 347 36 2.0 -669.0 381.0 171.0
8096 348 36 2.0 -669.0 381.0 241.0
8097 349 36 2.0 -669.0 381.0 311.0
8098 350 36 2.0 -669.0 381.0 381.0
8099 351 36 2.0 -669.0 381.0 451.0
8100 352 36 2.0 -669.0 381.0 521.0
8101 353 36 2.0 -669.0 381.0 591.0
8102 354 36 2.0 -669.0 381.0 661.0
8103 355 36 2.0 -669.0 451.0 -669.0
8104 356 36 2.0 -669.0 451.0 -599.0
8105 357 36 2.0 -669.0 451.0 -529.0
8106 358 36 2.0 -669.0 451.0 -459.0
8107 359 36 2.0 -669.0 451.0 -389.0
8108 360 36 2.0 -669.0 451.0 -319.0
8109 361 36 2.0 -669.0 451.0 -249.0
8110 362 36 2.0 -669.0 451.0 -179.0
8111 363 36 2.0 -669.0 451.0 -109.0
8112 364 36 2.0 -669.0 451.0 -39.0
8113 365 36 2.0 -669.0 451.0 31.0
8114 366 36 2.0 -669.0 451.0 101.0
8115 367 36 2.0 -669.0 451.0 171.0
8116 368 36 2.0 -669.0 451.0 241.0
8117 369 36 2.0 -669.0 451.0 311.0
8118 370 36 2.0 -669.0 451.0 381.0
8119 371 36 2.0 -669.0 451.0 451.0
8120 372 36 2.0 -669.0 451.0 521.0
8121 373 36 2.0 -669.0 451.0 591.0
8122 374 36 2.0 -669.0 451.0 661.0
8123 375 36 2.0 -669.0 521.0 -669.0
8124 376 36 2.0 -669.0 521.0 -599.0
8125 377 36 2.0 -669.0 521.0 -529.0
8126 378 36 2.0 -669.0 521.0 -459.0
8127 379 36 2.0 -669.0 521.0 -389.0
8128 380 36 2.0 -669.0 521.0 -319.0
8129 381 36 2.0 -669.0 521.0 -249.0
8130 382 36 2.0 -669.0 521.0 -179.0
8131 383 36 2.0 -669.0 521.0 -109.0
8132 384 36 2.0 -669.0 521.0 -39.0
8133 385 36 2.0 -669.0 521.0 31.0
8134 386 36 2.0 -669.0 521.0 101.0
8135 387 36 2.0 -669.0 521.0 171.0
8136 388 36 2.0 -669.0 521.0 241.0
8137 389 36 2.0 -669.0 521.0 311.0
8138 390 36 2.0 -669.0 521.0 381.0
8139 391 36 2.0 -669.0 521.0 451.0
8140 392 36 2.0 -669.0 521.0 521.0
8141 393 36 2.0 -669.0 521.0 591.0
8142 394 36 2.0 -669.0 521.0 661.0
8143 395 36 2.0 -669.0 591.0 -669.0
8144 396 36 2.0 -669.0 591.0 -599.0
8145 397 36 2.0 -669.0 591.0 -529.0
8146 398 36 2.0 -669.0 591.0 -459.0
8147 399 36 2.0 -669.0 591.0 -389.0
8148 400 36 2.0 -669.0 591.0 -319.0
8149 401 36 2.0 -669.0 591.0 -249.0
8150 402 36 2.0 -669.0 591.0 -179.0
8151 403 36 2.0 -669.0 591.0 -109.0
8152 404 36 2.0 -669.0 591.0 -39.0
8153 405 36 2.0 -669.0 591.0 31.0
8154 406 36 2.0 -669.0 591.0 101.0
8155 407 36 2.0 -669.0 591.0 171.0
8156 408 36 2.0 -669.0 591.0 241.0
8157 409 36 2.0 -669.0 591.0 311.0
8158 410 36 2.0 -669.0 591.0 381.0
8159 411 36 2.0 -669.0 591.0 451.0
8160 412 36 2.0 -669.0 591.0 521.0
8161 413 36 2.0 -669.0 591.0 591.0
8162 414 36 2.0 -669.0 591.0 661.0
8163 415 36 2.0 -669.0 661.0 -669.0
8164 416 36 2.0 -669.0 661.0 -599.0
8165 417 36 2.0 -669.0 661.0 -529.0
8166 418 36 2.0 -669.0 661.0 -459.0
8167 419 36 2.0 -669.0 661.0 -389.0
8168 420 36 2.0 -669.0 661.0 -319.0
8169 421 36 2.0 -669.0 661.0 -249.0
8170 422 36 2.0 -669.0 661.0 -179.0
8171 423 36 2.0 -669.0 661.0 -109.0
8172 424 36 2.0 -669.0 661.0 -39.0
8173 425 36 2.0 -669.0 661.0 31.0
8174 426 36 2.0 -669.0 661.0 101.0
8175 427 36 2.0 -669.0 661.0 171.0
8176 428 36 2.0 -669.0 661.0 241.0
8177 429 36 2.0 -669.0 661.0 311.0
8178 430 36 2.0 -669.0 661.0 381.0
8179 431 36 2.0 -669.0 661.0 451.0
8180 432 36 2.0 -669.0 661.0 521.0
8181 433 36 2.0 -669.0 661.0 591.0
8182 434 36 2.0 -669.0 661.0 661.0
8183 435 36 2.0 -599.0 -669.0 -669.0
8184 436 36 2.0 -599.0 -669.0 -599.0
8185 437 36 2.0 -599.0 -669.0 -529.0
8186 438 36 2.0 -599.0 -669.0 -459.0
8187 439 36 2.0 -599.0 -669.0 -389.0
8188 440 36 2.0 -599.0 -669.0 -319.0
8189 441 36 2.0 -599.0 -669.0 -249.0
8190 442 36 2.0 -599.0 -669.0 -179.0
8191 443 36 2.0 -599.0 -669.0 -109.0
8192 444 36 2.0 -599.0 -669.0 -39.0
8193 445 36 2.0 -599.0 -669.0 31.0
8194 446 36 2.0 -599.0 -669.0 101.0
8195 447 36 2.0 -599.0 -669.0 171.0
8196 448 36 2.0 -599.0 -669.0 241.0
8197 449 36 2.0 -599.0 -669.0 311.0
8198 450 36 2.0 -599.0 -669.0 381.0
8199 451 36 2.0 -599.0 -669.0 451.0
8200 452 36 2.0 -599.0 -669.0 521.0
8201 453 36 2.0 -599.0 -669.0 591.0
8202 454 36 2.0 -599.0 -669.0 661.0
8203 455 36 2.0 -599.0 -599.0 -669.0
8204 456 36 2.0 -599.0 -599.0 -599.0
8205 457 36 2.0 -599.0 -599.0 -529.0
8206 458 36 2.0 -599.0 -599.0 -459.0
8207 459 36 2.0 -599.0 -599.0 -389.0
8208 460 36 2.0 -599.0 -599.0 -319.0
8209 461 36 2.0 -599.0 -599.0 -249.0
8210 462 36 2.0 -599.0 -599.0 -179.0
8211 463 36 2.0 -599.0 -599.0 -109.0
8212 464 36 2.0 -599.0 -599.0 -39.0
8213 465 36 2.0 -599.0 -599.0 31.0
8214 466 36 2.0 -599.0 -599.0 101.0
8215 467 36 2.0 -599.0 -599.0 171.0
8216 468 36 2.0 -599.0 -599.0 241.0
8217 469 36 2.0 -599.0 -599.0 311.0
8218 470 36 2.0 -599.0 -599.0 381.0
8219 471 36 2.0 -599.0 -599.0 451.0
8220 472 36 2.0 -599.0 -599.0 521.0
8221 473 36 2.0 -599.0 -599.0 591.0
8222 474 36 2.0 -599.0 -599.0 661.0
8223 475 36 2.0 -599.0 -529.0 -669.0
8224 476 36 2.0 -599.0 -529.0 -599.0
8225 477 36 2.0 -599.0 -529.0 -529.0
8226 478 36 2.0 -599.0 -529.0 -459.0
8227 479 36 2.0 -599.0 -529.0 -389.0
8228 480 36 2.0 -599.0 -529.0 -319.0
8229 481 36 2.0 -599.0 -529.0 -249.0
8230 482 36 2.0 -599.0 -529.0 -179.0
8231 483 36 2.0 -599.0 -529.0 -109.0
8232 484 36 2.0 -599.0 -529.0 -39.0
8233 485 36 2.0 -599.0 -529.0 31.0
8234 486 36 2.0 -599.0 -529.0 101.0
8235 487 36 2.0 -599.0 -529.0 171.0
8236 488 36 2.0 -599.0 -529.0 241.0
8237 489 36 2.0 -599.0 -529.0 311.0
8238 490 36 2.0 -599.0 -529.0 381.0
8239 491 36 2.0 -599.0 -529.0 451.0
8240 492 36 2.0 -599.0 -529.0 521.0
8241 493 36 2.0 -599.0 -529.0 591.0
8242 494 36 2.0 -599.0 -529.0 661.0
8243 495 36 2.0 -599.0 -459.0 -669.0
8244 496 36 2.0 -599.0 -459.0 -599.0
8245 497 36 2.0 -599.0 -459.0 -529.0
8246 498 36 2.0 -599.0 -459.0 -459.0
8247 499 36 2.0 -599.0 -459.0 -389.0
8248 500 36 2.0 -599.0 -459.0 -319.0
8249 501 36 2.0 -599.0 -459.0 -249.0
8250 502 36 2.0 -599.0 -459.0 -179.0
8251 503 36 2.0 -599.0 -459.0 -109.0
8252 504 36 2.0 -599.0 -459.0 -39.0
8253 505 36 2.0 -599.0 -459.0 31.0
8254 506 36 2.0 -599.0 -459.0 101.0
8255 507 36 2.0 -599.0 -459.0 171.0
8256 508 36 2.0 -599.0 -459.0 241.0
8257 509 36 2.0 -599.0 -459.0 311.0
8258 510 36 2.0 -599.0 -459.0 381.0
8259 511 36 2.0 -599.0 -459.0 451.0
8260 512 36 2.0 -599.0 -459.0 521.0
8261 513 36 2.0 -599.0 -459.0 591.0
8262 514 36 2.0 -599.0 -459.0 661.0
8263 515 36 2.0 -599.0 -389.0 -669.0
8264 516 36 2.0 -599.0 -389.0 -599.0
8265 517 36 2.0 -599.0 -389.0 -529.0
8266 518 36 2.0 -599.0 -389.0 -459.0
8267 519 36 2.0 -599.0 -389.0 -389.0
8268 520 36 2.0 -599.0 -389.0 -319.0
8269 521 36 2.0 -599.0 -389.0 -249.0
8270 522 36 2.0 -599.0 -389.0 -179.0
8271 523 36 2.0 -599.0 -389.0 -109.0
8272 524 36 2.0 -599.0 -389.0 -39.0
8273 525 36 2.0 -599.0 -389.0 31.0
8274 526 36 2.0 -599.0 -389.0 101.0
8275 527 36 2.0 -599.0 -389.0 171.0
8276 528 36 2.0 -599.0 -389.0 241.0
8277 529 36 2.0 -599.0 -389.0 311.0
8278 530 36 2.0 -599.0 -389.0 381.0
8279 531 36 2.0 -599.0 -389.0 451.0
8280 532 36 2.0 -599.0 -389.0 521.0
8281 533 36 2.0 -599.0 -389.0 591.0
8282 534 36 2.0 -599.0 -389.0 661.0
8283 535 36 2.0 -599.0 -319.0 -669.0
8284 536 36 2.0 -599.0 -319.0 -599.0
8285 537 36 2.0 -599.0 -319.0 -529.0
8286 538 36 2.0 -599.0 -319.0 -459.0
8287 539 36 2.0 -599.0 -319.0 -389.0
8288 540 36 2.0 -599.0 -319.0 -319.0
8289 541 36 2.0 -599.0 -319.0 -249.0
8290 542 36 2.0 -599.0 -319.0 -179.0
8291 543 36 2.0 -599.0 -319.0 -109.0
8292 544 36 2.0 -599.0 -319.0 -39.0
8293 545 36 2.0 -599.0 -319.0 31.0
8294 546 36 2.0 -599.0 -319.0 101.0
8295 547 36 2.0 -599.0 -319.0 171.0
8296 548 36 2.0 -599.0 -319.0 241.0
8297 549 36 2.0 -599.0 -319.0 311.0
8298 550 36 2.0 -599.0 -319.0 381.0
8299 551 36 2.0 -599.0 -319.0 451.0
8300 552 36 2.0 -599.0 -319.0 521.0
8301 553 36 2.0 -599.0 -319.0 591.0
8302 554 36 2.0 -599.0 -319.0 661.0
8303 555 36 2.0 -599.0 -249.0 -669.0
8304 556 36 2.0 -599.0 -249.0 -599.0
8305 557 36 2.0 -599.0 -249.0 -529.0
8306 558 36 2.0 -599.0 -249.0 -459.0
8307 559 36 2.0 -599.0 -249.0 -389.0
8308 560 36 2.0 -599.0 -249.0 -319.0
8309 561 36 2.0 -599.0 -249.0 -249.0
8310 562 36 2.0 -599.0 -249.0 -179.0
8311 563 36 2.0 -599.0 -249.0 -109.0
8312 564 36 2.0 -599.0 -249.0 -39.0
8313 565 36 2.0 -599.0 -249.0 31.0
8314 566 36 2.0 -599.0 -249.0 101.0
8315 567 36 2.0 -599.0 -249.0 171.0
8316 568 36 2.0 -599.0 -249.0 241.0
8317 569 36 2.0 -599.0 -249.0 311.0
8318 570 36 2.0 -599.0 -249.0 381.0
8319 571 36 2.0 -599.0 -249.0 451.0
8320 572 36 2.0 -599.0 -249.0 521.0
8321 573 36 2.0 -599.0 -249.0 591.0
8322 574 36 2.0 -599.0 -249.0 661.0
8323 575 36 2.0 -599.0 -179.0 -669.0
8324 576 36 2.0 -599.0 -179.0 -599.0
8325 577 36 2.0 -599.0 -179.0 -529.0
8326 578 36 2.0 -599.0 -179.0 -459.0
8327 579 36 2.0 -599.0 -179.0 -389.0
8328 580 36 2.0 -599.0 -179.0 -319.0
8329 581 36 2.0 -599.0 -179.0 -249.0
8330 582 36 2.0 -599.0 -179.0 -179.0
8331 583 36 2.0 -599.0 -179.0 -109.0
8332 584 36 2.0 -599.0 -179.0 -39.0
8333 585 36 2.0 -599.0 -179.0 31.0
8334 586 36 2.0 -599.0 -179.0 101.0
8335 587 36 2.0 -599.0 -179.0 171.0
8336 588 36 2.0 -599.0 -179.0 241.0
8337 589 36 2.0 -599.0 -179.0 311.0
8338 590 36 2.0 -599.0 -179.0 381.0
8339 591 36 2.0 -599.0 -179.0 451.0
8340 592 36 2.0 -599.0 -179.0 521.0
8341 593 36 2.0 -599.0 -179.0 591.0
8342 594 36 2.0 -599.0 -179.0 661.0
8343 595 36 2.0 -599.0 -109.0 -669.0
8344 596 36 2.0 -599.0 -109.0 -599.0
8345 597 36 2.0 -599.0 -109.0 -529.0
8346 598 36 2.0 -599.0 -109.0 -459.0
8347 599 36 2.0 -599.0 -109.0 -389.0
8348 600 36 2.0 -599.0 -109.0 -319.0
8349 601 36 2.0 -599.0 -109.0 -249.0
8350 602 36 2.0 -599.0 -109.0 -179.0
8351 603 36 2.0 -599.0 -109.0 -109.0
8352 604 36 2.0 -599.0 -109.0 -39.0
8353 605 36 2.0 -599.0 -109.0 31.0
8354 606 36 2.0 -599.0 -109.0 101.0
8355 607 36 2.0 -599.0 -109.0 171.0
8356 608 36 2.0 -599.0 -109.0 241.0
8357 609 36 2.0 -599.0 -109.0 311.0
8358 610 36 2.0 -599.0 -109.0 381.0
8359 611 36 2.0 -599.0 -109.0 451.0
8360 612 36 2.0 -599.0 -109.0 521.0
8361 613 36 2.0 -599.0 -109.0 591.0
8362 614 36 2.0 -599.0 -109.0 661.0
8363 615 36 2.0 -599.0 -39.0 -669.0
8364 616 36 2.0 -599.0 -39.0 -599.0
8365 617 36 2.0 -599.0 -39.0 -529.0
8366 618 36 2.0 -599.0 -39.0 -459.0
8367 619 36 2.0 -599.0 -39.0 -389.0
8368 620 36 2.0 -599.0 -39.0 -319.0
8369 621 36 2.0 -599.0 -39.0 -249.0
8370 622 36 2.0 -599.0 -39.0 -179.0
8371 623 36 2.0 -599.0 -39.0 -109.0
8372 624 36 2.0 -599.0 -39.0 -39.0
8373 625 36 2.0 -599.0 -39.0 31.0
8374 626 36 2.0 -599.0 -39.0 101.0
8375 627 36 2.0 -599.0 -39.0 171.0
8376 628 36 2.0 -599.0 -39.0 241.0
8377 629 36 2.0 -599.0 -39.0 311.0
8378 630 36 2.0 -599.0 -39.0 381.0
8379 631 36 2.0 -599.0 -39.0 451.0
8380 632 36 2.0 -599.0 -39.0 521.0
8381 633 36 2.0 -599.0 -39.0 591.0
8382 634 36 2.0 -599.0 -39.0 661.0
8383 635 36 2.0 -599.0 31.0 -669.0
8384 636 36 2.0 -599.0 31.0 -599.0
8385 637 36 2.0 -599.0 31.0 -529.0
8386 638 36 2.0 -599.0 31.0 -459.0
8387 639 36 2.0 -599.0 31.0 -389.0
8388 640 36 2.0 -599.0 31.0 -319.0
8389 641 36 2.0 -599.0 31.0 -249.0
8390 642 36 2.0 -599.0 31.0 -179.0
8391 643 36 2.0 -599.0 31.0 -109.0
8392 644 36 2.0 -599.0 31.0 -39.0
8393 645 36 2.0 -599.0 31.0 31.0
8394 646 36 2.0 -599.0 31.0 101.0
8395 647 36 2.0 -599.0 31.0 171.0
8396 648 36 2.0 -599.0 31.0 241.0
8397 649 36 2.0 -599.0 31.0 311.0
8398 650 36 2.0 -599.0 31.0 381.0
8399 651 36 2.0 -599.0 31.0 451.0
8400 652 36 2.0 -599.0 31.0 521.0
8401 653 36 2.0 -599.0 31.0 591.0
8402 654 36 2.0 -599.0 31.0 661.0
8403 655 36 2.0 -599.0 101.0 -669.0
8404 656 36 2.0 -599.0 101.0 -599.0
8405 657 36 2.0 -599.0 101.0 -529.0
8406 658 36 2.0 -599.0 101.0 -459.0
8407 659 36 2.0 -599.0 101.0 -389.0
8408 660 36 2.0 -599.0 101.0 -319.0
8409 661 36 2.0 -599.0 101.0 -249.0
8410 662 36 2.0 -599.0 101.0 -179.0
8411 663 36 2.0 -599.0 101.0 -109.0
8412 664 36 2.0 -599.0 101.0 -39.0
8413 665 36 2.0 -599.0 101.0 31.0
8414 666 36 2.0 -599.0 101.0 101.0
8415 667 36 2.0 -599.0 101.0 171.0
8416 668 36 2.0 -599.0 101.0 241.0
8417 669 36 2.0 -599.0 101.0 311.0
8418 670 36 2.0 -599.0 101.0 381.0
8419 671 36 2.0 -599.0 101.0 451.0
8420 672 36 2.0 -599.0 101.0 521.0
8421 673 36 2.0 -599.0 101.0 591.0
8422 674 36 2.0 -599.0 101.0 661.0
8423 675 36 2.0 -599.0 171.0 -669.0
8424 676 36 2.0 -599.0 171.0 -599.0
8425 677 36 2.0 -599.0 171.0 -529.0
8426 678 36 2.0 -599.0 171.0 -459.0
8427 679 36 2.0 -599.0 171.0 -389.0
8428 680 36 2.0 -599.0 171.0 -319.0
8429 681 36 2.0 -599.0 171.0 -249.0
8430 682 36 2.0 -599.0 171.0 -179.0
8431 683 36 2.0 -599.0 171.0 -109.0
8432 684 36 2.0 -599.0 171.0 -39.0
8433 685 36 2.0 -599.0 171.0 31.0
8434 686 36 2.0 -599.0 171.0 101.0
8435 687 36 2.0 -599.0 171.0 171.0
8436 688 36 2.0 -599.0 171.0 241.0
8437 689 36 2.0 -599.0 171.0 311.0
8438 690 36 2.0 -599.0 171.0 381.0
8439 691 36 2.0 -599.0 171.0 451.0
8440 692 36 2.0 -599.0 171.0 521.0
8441 693 36 2.0 -599.0 171.0 591.0
8442 694 36 2.0 -599.0 171.0 661.0
8443 695 36 2.0 -599.0 241.0 -669.0
8444 696 36 2.0 -599.0 241.0 -599.0
8445 697 36 2.0 -599.0 241.0 -529.0
8446 698 36 2.0 -599.0 241.0 -459.0
8447 699 36 2.0 -599.0 241.0 -389.0
8448 700 36 2.0 -599.0 241.0 -319.0
8449 701 36 2.0 -599.0 241.0 -249.0
8450 702 36 2.0 -599.0 241.0 -179.0
8451 703 36 2.0 -599.0 241.0 -109.0
8452 704 36 2.0 -599.0 241.0 -39.0
8453 705 36 2.0 -599.0 241.0 31.0
8454 706 36 2.0 -599.0 241.0 101.0
8455 707 36 2.0 -599.0 241.0 171.0
8456 708 36 2.0 -599.0 241.0 241.0
8457 709 36 2.0 -599.0 241.0 311.0
8458 710 36 2.0 -599.0 241.0 381.0
8459 711 36 2.0 -599.0 241.0 451.0
8460 712 36 2.0 -599.0 241.0 521.0
8461 713 36 2.0 -599.0 241.0 591.0
8462 714 36 2.0 -599.0 241.0 661.0
8463 715 36 2.0 -599.0 311.0 -669.0
8464 716 36 2.0 -599.0 311.0 -599.0
8465 717 36 2.0 -599.0 311.0 -529.0
8466 718 36 2.0 -599.0 311.0 -459.0
8467 719 36 2.0 -599.0 311.0 -389.0
8468 720 36 2.0 -599.0 311.0 -319.0
8469 721 36 2.0 -599.0 311.0 -249.0
8470 722 36 2.0 -599.0 311.0 -179.0
8471 723 36 2.0 -599.0 311.0 -109.0
8472 724 36 2.0 -599.0 311.0 -39.0
8473 725 36 2.0 -599.0 311.0 31.0
8474 726 36 2.0 -599.0 311.0 101.0
8475 727 36 2.0 -599.0 311.0 171.0
8476 728 36 2.0 -599.0 311.0 241.0
8477 729 36 2.0 -599.0 311.0 311.0
8478 730 36 2.0 -599.0 311.0 381.0
8479 731 36 2.0 -599.0 311.0 451.0
8480 732 36 2.0 -599.0 311.0 521.0
8481 733 36 2.0 -599.0 311.0 591.0
8482 734 36 2.0 -599.0 311.0 661.0
8483 735 36 2.0 -599.0 381.0 -669.0
8484 736 36 2.0 -599.0 381.0 -599.0
8485 737 36 2.0 -599.0 381.0 -529.0
8486 738 36 2.0 -599.0 381.0 -459.0
8487 739 36 2.0 -599.0 381.0 -389.0
8488 740 36 2.0 -599.0 381.0 -319.0
8489 741 36 2.0 -599.0 381.0 -249.0
8490 742 36 2.0 -599.0 381.0 -179.0
8491 743 36 2.0 -599.0 381.0 -109.0
8492 744 36 2.0 -599.0 381.0 -39.0
8493 745 36 2.0 -599.0 381.0 31.0
8494 746 36 2.0 -599.0 381.0 101.0
8495 747 36 2.0 -599.0 381.0 171.0
8496 748 36 2.0 -599.0 381.0 241.0
8497 749 36 2.0 -599.0 381.0 311.0
8498 750 36 2.0 -599.0 381.0 381.0
8499 751 36 2.0 -599.0 381.0 451.0
8500 752 36 2.0 -599.0 381.0 521.0
8501 753 36 2.0 -599.0 381.0 591.0
8502 754 36 2.0 -599.0 381.0 661.0
8503 755 36 2.0 -599.0 451.0 -669.0
8504 756 36 2.0 -599.0 451.0 -599.0
8505 757 36 2.0 -599.0 451.0 -529.0
8506 758 36 2.0 -599.0 451.0 -459.0
8507 759 36 2.0 -599.0 451.0 -389.0
8508 760 36 2.0 -599.0 451.0 -319.0
8509 761 36 2.0 -599.0 451.0 -249.0
8510 762 36 2.0 -599.0 451.0 -179.0
8511 763 36 2.0 -599.0 451.0 -109.0
8512 764 36 2.0 -599.0 451.0 -39.0
8513 765 36 2.0 -599.0 451.0 31.0
8514 766 36 2.0 -599.0 451.0 101.0
8515 767 36 2.0 -599.0 451.0 171.0
8516 768 36 2.0 -599.0 451.0 241.0
8517 769 36 2.0 -599.0 451.0 311.0
8518 770 36 2.0 -599.0 451.0 381.0
8519 771 36 2.0 -599.0 451.0 451.0
8520 772 36 2.0 -599.0 451.0 521.0
8521 773 36 2.0 -599.0 451.0 591.0
8522 774 36 2.0 -599.0 451.0 661.0
8523 775 36 2.0 -599.0 521.0 -669.0
8524 776 36 2.0 -599.0 521.0 -599.0
8525 777 36 2.0 -599.0 521.0 -529.0
8526 778 36 2.0 -599.0 521.0 -459.0
8527 779 36 2.0 -599.0 521.0 -389.0
8528 780 36 2.0 -599.0 521.0 -319.0
8529 781 36 2.0 -599.0 521.0 -249.0
8530 782 36 2.0 -599.0 521.0 -179.0
8531 783 36 2.0 -599.0 521.0 -109.0
8532 784 36 2.0 -599.0 521.0 -39.0
8533 785 36 2.0 -599.0 521.0 31.0
8534 786 36 2.0 -599.0 521.0 101.0
8535 787 36 2.0 -599.0 521.0 171.0
8536 788 36 2.0 -599.0 521.0 241.0
8537 789 36 2.0 -599.0 521.0 311.0
8538 790 36 2.0 -599.0 521.0 381.0
8539 791 36 2.0 -599.0 521.0 451.0
8540 792 36 2.0 -599.0 521.0 521.0
8541 793 36 2.0 -599.0 521.0 591.0
8542 794 36 2.0 -599.0 521.0 661.0
8543 795 36 2.0 -599.0 591.0 -669.0
8544 796 36 2.0 -599.0 591.0 -599.0
8545 797 36 2.0 -599.0 591.0 -529.0
8546 798 36 2.0 -599.0 591.0 -459.0
8547 799 36 2.0 -599.0 591.0 -389.0
8548 800 36 2.0 -599.0 591.0 -319.0
8549 801 36 2.0 -599.0 591.0 -249.0
8550 802 36 2.0 -599.0 591.0 -179.0
8551 803 36 2.0 -599.0 591.0 -109.0
8552 804 36 2.0 -599.0 591.0 -39.0
8553 805 36 2.0 -599.0 591.0 31.0
8554 806 36 2.0 -599.0 591.0 101.0
8555 807 36 2.0 -599.0 591.0 171.0
8556 808 36 2.0 -599.0 591.0 241.0
8557 809 36 2.0 -599.0 591.0 311.0
8558 810 36 2.0 -599.0 591.0 381.0
8559 811 36 2.0 -599.0 591.0 451.0
8560 812 36 2.0 -599.0 591.0 521.0
8561 813 36 2.0 -599.0 591.0 591.0
8562 814 36 2.0 -599.0 591.0 661.0
8563 815 36 2.0 -599.0 661.0 -669.0
8564 816 36 2.0 -599.0 661.0 -599.0
8565 817 36 2.0 -599.0 661.0 -529.0
8566 818 36 2.0 -599.0 661.0 -459.0
8567 819 36 2.0 -599.0 661.0 -389.0
8568 820 36 2.0 -599.0 661.0 -319.0
8569 821 36 2.0 -599.0 661.0 -249.0
8570 822 36 2.0 -599.0 661.0 -179.0
8571 823 36 2.0 -599.0 661.0 -109.0
8572 824 36 2.0 -599.0 661.0 -39.0
8573 825 36 2.0 -599.0 661.0 31.0
8574 826 36 2.0 -599.0 661.0 101.0
8575 827 36 2.0 -599.0 661.0 171.0
8576 828 36 2.0 -599.0 661.0 241.0
8577 829 36 2.0 -599.0 661.0 311.0
8578 830 36 2.0 -599.0 661.0 381.0
8579 831 36 2.0 -599.0 661.0 451.0
8580 832 36 2.0 -599.0 661.0 521.0
8581 833 36 2.0 -599.0 661.0 591.0
8582 834 36 2.0 -599.0 661.0 661.0
8583 835 36 2.0 -529.0 -669.0 -669.0
8584 836 36 2.0 -529.0 -669.0 -599.0
8585 837 36 2.0 -529.0 -669.0 -529.0
8586 838 36 2.0 -529.0 -669.0 -459.0
8587 839 36 2.0 -529.0 -669.0 -389.0
8588 840 36 2.0 -529.0 -669.0 -319.0
8589 841 36 2.0 -529.0 -669.0 -249.0
8590 842 36 2.0 -529.0 -669.0 -179.0
8591 843 36 2.0 -529.0 -669.0 -109.0
8592 844 36 2.0 -529.0 -669.0 -39.0
8593 845 36 2.0 -529.0 -669.0 31.0
8594 846 36 2.0 -529.0 -669.0 101.0
8595 847 36 2.0 -529.0 -669.0 171.0
8596 848 36 2.0 -529.0 -669.0 241.0
8597 849 36 2.0 -529.0 -669.0 311.0
8598 850 36 2.0 -529.0 -669.0 381.0
8599 851 36 2.0 -529.0 -669.0 451.0
8600 852 36 2.0 -529.0 -669.0 521.0
8601 853 36 2.0 -529.0 -669.0 591.0
8602 854 36 2.0 -529.0 -669.0 661.0
8603 855 36 2.0 -529.0 -599.0 -669.0
8604 856 36 2.0 -529.0 -599.0 -599.0
8605 857 36 2.0 -529.0 -599.0 -529.0
8606 858 36 2.0 -529.0 -599.0 -459.0
8607 859 36 2.0 -529.0 -599.0 -389.0
8608 860 36 2.0 -529.0 -599.0 -319.0
8609 861 36 2.0 -529.0 -599.0 -249.0
8610 862 36 2.0 -529.0 -599.0 -179.0
8611 863 36 2.0 -529.0 -599.0 -109.0
8612 864 36 2.0 -529.0 -599.0 -39.0
8613 865 36 2.0 -529.0 -599.0 31.0
8614 866 36 2.0 -529.0 -599.0 101.0
8615 867 36 2.0 -529.0 -599.0 171.0
8616 868 36 2.0 -529.0 -599.0 241.0
8617 869 36 2.0 -529.0 -599.0 311.0
8618 870 36 2.0 -529.0 -599.0 381.0
8619 871 36 2.0 -529.0 -599.0 451.0
8620 872 36 2.0 -529.0 -599.0 521.0
8621 873 36 2.0 -529.0 -599.0 591.0
8622 874 36 2.0 -529.0 -599.0 661.0
8623 875 36 2.0 -529.0 -529.0 -669.0
8624 876 36 2.0 -529.0 -529.0 -599.0
8625 877 36 2.0 -529.0 -529.0 -529.0
8626 878 36 2.0 -529.0 -529.0 -459.0
8627 879 36 2.0 -529.0 -529.0 -389.0
8628 880 36 2.0 -529.0 -529.0 -319.0
8629 881 36 2.0 -529.0 -529.0 -249.0
8630 882 36 2.0 -529.0 -529.0 -179.0
8631 883 36 2.0 -529.0 -529.0 -109.0
8632 884 36 2.0 -529.0 -529.0 -39.0
8633 885 36 2.0 -529.0 -529.0 31.0
8634 886 36 2.0 -529.0 -529.0 101.0
8635 887 36 2.0 -529.0 -529.0 171.0
8636 888 36 2.0 -529.0 -529.0 241.0
8637 889 36 2.0 -529.0 -529.0 311.0
8638 890 36 2.0 -529.0 -529.0 381.0
8639 891 36 2.0 -529.0 -529.0 451.0
8640 892 36 2.0 -529.0 -529.0 521.0
8641 893 36 2.0 -529.0 -529.0 591.0
8642 894 36 2.0 -529.0 -529.0 661.0
8643 895 36 2.0 -529.0 -459.0 -669.0
8644 896 36 2.0 -529.0 -459.0 -599.0
8645 897 36 2.0 -529.0 -459.0 -529.0
8646 898 36 2.0 -529.0 -459.0 -459.0
8647 899 36 2.0 -529.0 -459.0 -389.0
8648 900 36 2.0 -529.0 -459.0 -319.0
8649 901 36 2.0 -529.0 -459.0 -249.0
8650 902 36 2.0 -529.0 -459.0 -179.0
8651 903 36 2.0 -529.0 -459.0 -109.0
8652 904 36 2.0 -529.0 -459.0 -39.0
8653 905 36 2.0 -529.0 -459.0 31.0
8654 906 36 2.0 -529.0 -459.0 101.0
8655 907 36 2.0 -529.0 -459.0 171.0
8656 908 36 2.0 -529.0 -459.0 241.0
8657 909 36 2.0 -529.0 -459.0 311.0
8658 910 36 2.0 -529.0 -459.0 381.0
8659 911 36 2.0 -529.0 -459.0 451.0
8660 912 36 2.0 -529.0 -459.0 521.0
8661 913 36 2.0 -529.0 -459.0 591.0
8662 914 36 2.0 -529.0 -459.0 661.0
8663 915 36 2.0 -529.0 -389.0 -669.0
8664 916 36 2.0 -529.0 -389.0 -599.0
8665 917 36 2.0 -529.0 -389.0 -529.0
8666 918 36 2.0 -529.0 -389.0 -459.0
8667 919 36 2.0 -529.0 -389.0 -389.0
8668 920 36 2.0 -529.0 -389.0 -319.0
8669 921 36 2.0 -529.0 -389.0 -249.0
8670 922 36 2.0 -529.0 -389.0 -179.0
8671 923 36 2.0 -529.0 -389.0 -109.0
8672 924 36 2.0 -529.0 -389.0 -39.0
8673 925 36 2.0 -529.0 -389.0 31.0
8674 926 36 2.0 -529.0 -389.0 101.0
8675 927 36 2.0 -529.0 -389.0 171.0
8676 928 36 2.0 -529.0 -389.0 241.0
8677 929 36 2.0 -529.0 -389.0 311.0
8678 930 36 2.0 -529.0 -389.0 381.0
8679 931 36 2.0 -529.0 -389.0 451.0
8680 932 36 2.0 -529.0 -389.0 521.0
8681 933 36 2.0 -529.0 -389.0 591.0
8682 934 36 2.0 -529.0 -389.0 661.0
8683 935 36 2.0 -529.0 -319.0 -669.0
8684 936 36 2.0 -529.0 -319.0 -599.0
8685 937 36 2.0 -529.0 -319.0 -529.0
8686 938 36 2.0 -529.0 -319.0 -459.0
8687 939 36 2.0 -529.0 -319.0 -389.0
8688 940 36 2.0 -529.0 -319.0 -319.0
8689 941 36 2.0 -529.0 -319.0 -249.0
8690 942 36 2.0 -529.0 -319.0 -179.0
8691 943 36 2.0 -529.0 -319.0 -109.0
8692 944 36 2.0 -529.0 -319.0 -39.0
8693 945 36 2.0 -529.0 -319.0 31.0
8694 946 36 2.0 -529.0 -319.0 101.0
8695 947 36 2.0 -529.0 -319.0 171.0
8696 948 36 2.0 -529.0 -319.0 241.0
8697 949 36 2.0 -529.0 -319.0 311.0
8698 950 36 2.0 -529.0 -319.0 381.0
8699 951 36 2.0 -529.0 -319.0 451.0
8700 952 36 2.0 -529.0 -319.0 521.0
8701 953 36 2.0 -529.0 -319.0 591.0
8702 954 36 2.0 -529.0 -319.0 661.0
8703 955 36 2.0 -529.0 -249.0 -669.0
8704 956 36 2.0 -529.0 -249.0 -599.0
8705 957 36 2.0 -529.0 -249.0 -529.0
8706 958 36 2.0 -529.0 -249.0 -459.0
8707 959 36 2.0 -529.0 -249.0 -389.0
8708 960 36 2.0 -529.0 -249.0 -319.0
8709 961 36 2.0 -529.0 -249.0 -249.0
8710 962 36 2.0 -529.0 -249.0 -179.0
8711 963 36 2.0 -529.0 -249.0 -109.0
8712 964 36 2.0 -529.0 -249.0 -39.0
8713 965 36 2.0 -529.0 -249.0 31.0
8714 966 36 2.0 -529.0 -249.0 101.0
8715 967 36 2.0 -529.0 -249.0 171.0
8716 968 36 2.0 -529.0 -249.0 241.0
8717 969 36 2.0 -529.0 -249.0 311.0
8718 970 36 2.0 -529.0 -249.0 381.0
8719 971 36 2.0 -529.0 -249.0 451.0
8720 972 36 2.0 -529.0 -249.0 521.0
8721 973 36 2.0 -529.0 -249.0 591.0
8722 974 36 2.0 -529.0 -249.0 661.0
8723 975 36 2.0 -529.0 -179.0 -669.0
8724 976 36 2.0 -529.0 -179.0 -599.0
8725 977 36 2.0 -529.0 -179.0 -529.0
8726 978 36 2.0 -529.0 -179.0 -459.0
8727 979 36 2.0 -529.0 -179.0 -389.0
8728 980 36 2.0 -529.0 -179.0 -319.0
8729 981 36 2.0 -529.0 -179.0 -249.0
8730 982 36 2.0 -529.0 -179.0 -179.0
8731 983 36 2.0 -529.0 -179.0 -109.0
8732 984 36 2.0 -529.0 -179.0 -39.0
8733 985 36 2.0 -529.0 -179.0 31.0
8734 986 36 2.0 -529.0 -179.0 101.0
8735 987 36 2.0 -529.0 -179.0 171.0
8736 988 36 2.0 -529.0 -179.0 241.0
8737 989 36 2.0 -529.0 -179.0 311.0
8738 990 36 2.0 -529.0 -179.0 381.0
8739 991 36 2.0 -529.0 -179.0 451.0
8740 992 36 2.0 -529.0 -179.0 521.0
8741 993 36 2.0 -529.0 -179.0 591.0
8742 994 36 2.0 -529.0 -179.0 661.0
8743 995 36 2.0 -529.0 -109.0 -669.0
8744 996 36 2.0 -529.0 -109.0 -599.0
8745 997 36 2.0 -529.0 -109.0 -529.0
8746 998 36 2.0 -529.0 -109.0 -459.0
8747 999 36 2.0 -529.0 -109.0 -389.0
8748 1000 36 2.0 -529.0 -109.0 -319.0
8749 1001 36 2.0 -529.0 -109.0 -249.0
8750 1002 36 2.0 -529.0 -109.0 -179.0
8751 1003 36 2.0 -529.0 -109.0 -109.0
8752 1004 36 2.0 -529.0 -109.0 -39.0
8753 1005 36 2.0 -529.0 -109.0 31.0
8754 1006 36 2.0 -529.0 -109.0 101.0
8755 1007 36 2.0 -529.0 -109.0 171.0
8756 1008 36 2.0 -529.0 -109.0 241.0
8757 1009 36 2.0 -529.0 -109.0 311.0
8758 1010 36 2.0 -529.0 -109.0 381.0
8759 1011 36 2.0 -529.0 -109.0 451.0
8760 1012 36 2.0 -529.0 -109.0 521.0
8761 1013 36 2.0 -529.0 -109.0 591.0
8762 1014 36 2.0 -529.0 -109.0 661.0
8763 1015 36 2.0 -529.0 -39.0 -669.0
8764 1016 36 2.0 -529.0 -39.0 -599.0
8765 1017 36 2.0 -529.0 -39.0 -529.0
8766 1018 36 2.0 -529.0 -39.0 -459.0
8767 1019 36 2.0 -529.0 -39.0 -389.0
8768 1020 36 2.0 -529.0 -39.0 -319.0
8769 1021 36 2.0 -529.0 -39.0 -249.0
8770 1022 36 2.0 -529.0 -39.0 -179.0
8771 1023 36 2.0 -529.0 -39.0 -109.0
8772 1024 36 2.0 -529.0 -39.0 -39.0
8773 1025 36 2.0 -529.0 -39.0 31.0
8774 1026 36 2.0 -529.0 -39.0 101.0
8775 1027 36 2.0 -529.0 -39.0 171.0
8776 1028 36 2.0 -529.0 -39.0 241.0
8777 1029 36 2.0 -529.0 -39.0 311.0
8778 1030 36 2.0 -529.0 -39.0 381.0
8779 1031 36 2.0 -529.0 -39.0 451.0
8780 1032 36 2.0 -529.0 -39.0 521.0
8781 1033 36 2.0 -529.0 -39.0 591.0
8782 1034 36 2.0 -529.0 -39.0 661.0
8783 1035 36 2.0 -529.0 31.0 -669.0
8784 1036 36 2.0 -529.0 31.0 -599.0
8785 1037 36 2.0 -529.0 31.0 -529.0
8786 1038 36 2.0 -529.0 31.0 -459.0
8787 1039 36 2.0 -529.0 31.0 -389.0
8788 1040 36 2.0 -529.0 31.0 -319.0
8789 1041 36 2.0 -529.0 31.0 -249.0
8790 1042 36 2.0 -529.0 31.0 -179.0
8791 1043 36 2.0 -529.0 31.0 -109.0
8792 1044 36 2.0 -529.0 31.0 -39.0
8793 1045 36 2.0 -529.0 31.0 31.0
8794 1046 36 2.0 -529.0 31.0 101.0
8795 1047 36 2.0 -529.0 31.0 171.0
8796 1048 36 2.0 -529.0 31.0 241.0
8797 1049 36 2.0 -529.0 31.0 311.0
8798 1050 36 2.0 -529.0 31.0 381.0
8799 1051 36 2.0 -529.0 31.0 451.0
8800 1052 36 2.0 -529.0 31.0 521.0
8801 1053 36 2.0 -529.0 31.0 591.0
8802 1054 36 2.0 -529.0 31.0 661.0
8803 1055 36 2.0 -529.0 101.0 -669.0
8804 1056 36 2.0 -529.0 101.0 -599.0
8805 1057 36 2.0 -529.0 101.0 -529.0
8806 1058 36 2.0 -529.0 101.0 -459.0
8807 1059 36 2.0 -529.0 101.0 -389.0
8808 1060 36 2.0 -529.0 101.0 -319.0
8809 1061 36 2.0 -529.0 101.0 -249.0
8810 1062 36 2.0 -529.0 101.0 -179.0
8811 1063 36 2.0 -529.0 101.0 -109.0
8812 1064 36 2.0 -529.0 101.0 -39.0
8813 1065 36 2.0 -529.0 101.0 31.0
8814 1066 36 2.0 -529.0 101.0 101.0
8815 1067 36 2.0 -529.0 101.0 171.0
8816 1068 36 2.0 -529.0 101.0 241.0
8817 1069 36 2.0 -529.0 101.0 311.0
8818 1070 36 2.0 -529.0 101.0 381.0
8819 1071 36 2.0 -529.0 101.0 451.0
8820 1072 36 2.0 -529.0 101.0 521.0
8821 1073 36 2.0 -529.0 101.0 591.0
8822 1074 36 2.0 -529.0 101.0 661.0
8823 1075 36 2.0 -529.0 171.0 -669.0
8824 1076 36 2.0 -529.0 171.0 -599.0
8825 1077 36 2.0 -529.0 171.0 -529.0
8826 1078 36 2.0 -529.0 171.0 -459.0
8827 1079 36 2.0 -529.0 171.0 -389.0
8828 1080 36 2.0 -529.0 171.0 -319.0
8829 1081 36 2.0 -529.0 171.0 -249.0
8830 1082 36 2.0 -529.0 171.0 -179.0
8831 1083 36 2.0 -529.0 171.0 -109.0
8832 1084 36 2.0 -529.0 171.0 -39.0
8833 1085 36 2.0 -529.0 171.0 31.0
8834 1086 36 2.0 -529.0 171.0 101.0
8835 1087 36 2.0 -529.0 171.0 171.0
8836 1088 36 2.0 -529.0 171.0 241.0
8837 1089 36 2.0 -529.0 171.0 311.0
8838 1090 36 2.0 -529.0 171.0 381.0
8839 1091 36 2.0 -529.0 171.0 451.0
8840 1092 36 2.0 -529.0 171.0 521.0
8841 1093 36 2.0 -529.0 171.0 591.0
8842 1094 36 2.0 -529.0 171.0 661.0
8843 1095 36 2.0 -529.0 241.0 -669.0
8844 1096 36 2.0 -529.0 241.0 -599.0
