# i j
4878 4881
6798 6801
5988 5989
6946 6947
6359 6362
6803 6806
4495 4499
7567 7571
4432 4433
6878 6881
4270 4272
4788 4789
7500 7501
4778 4780
5290 5292
5888 5892
6384 6388
5027 5028
4754 4756
5539 5540
6306 6308
5461 5466
4949 4951
6861 6863
4477 4481
7549 7553
5881 5883
6880 6883
7027 7028
7539 7540
5045 5049
5557 5561
7861 7862
7032 7035
7544 7547
6801 6805
6396 6401
5056 5058
5568 5570
6862 6865
5416 5421
4254 4256
7374 7377
4420 4424
4886 4890
5398 5402
7597 7601
5488 5491
4903 4905
5020 5022
4509 4511
5064 5066
5353 5355
7535 7536
3920 3922
4256 4258
5472 5474
6323 6325
5934 5937
6830 6833
7017 7022
7090 7094
4888 4892
7348 7350
7602 7606
3944 3947
4232 4235
6453 6455
4913 4916
5582 5583
6334 6335
5951 5954
6335 6338
6978 6979
3979 3980
5459 5460
5925 5928
4489 4493
6004 6007
6284 6287
7045 7047
6969 6970
4384 4388
7888 7892
4923 4924
5435 5436
4412 4415
6017 6019
4360 4365
4840 4845
5302 5303
6986 6987
7606 7610
6994 6995
7617 7622
4931 4935
5903 5907
6469 6472
6887 6889
6814 6817
4363 4365
5579 5581
7069 7070
3998 4002
5901 5903
6953 6954
7465 7466
4960 4963
6816 6819
4907 4908
6289 6290
7054 7056
5565 5567
4925 4928
4239 4240
5455 5456
6851 6852
7049 7052
4942 4945
7030 7031
7542 7543
7096 7100
6930 6935
5860 5862
5446 5450
6522 6527
4367 4370
5583 5586
7439 7442
4325 4329
7909 7913
6466 6470
5910 5912
3933 3934
5564 5565
6793 6794
3902 3903
4290 4291
4227 4229
6388 6391
3942 3943
5574 5576
6549 6553
7080 7084
7948 7951
5528 5529
6954 6958
4323 4326
5999 6002
7395 7398
4343 4347
4787 4791
5299 5303
4347 4348
4530 4532
4917 4920
6420 6425
7040 7042
4303 4308
4493 4497
3986 3987
4974 4975
7051 7054
6321 6322
7537 7538
7086 7088
5947 5950
4505 4509
4892 4895
6786 6790
4822 4824
7940 7941
5845 5847
3896 3898
7933 7937
6542 6543
4327 4331
4331 4332
5303 5304
5976 5981
4269 4270
4469 4470
5949 5951
7341 7342
7541 7542
5581 5586
4391 4394
5551 5554
6311 6314
4400 4402
7026 7028
7043 7044
7555 7556
7070 7072
7582 7584
6907 6911
4306 4311
6426 6429
5960 5962
6440 6442
7880 7882
4291 4294
5967 5970
7072 7074
7584 7586
7892 7894
5977 5981
7897 7901
3924 3926
4268 4270
5428 5430
7340 7342
7849 7853
6810 6814
5906 5909
5451 5452
5911 5912
7055 7057
6018 6023
4756 4759
5046 5049
3910 3912
5588 5592
4986 4989
7854 7858
6365 6368
5912 5913
5985 5989
6360 6361
7905 7909
5995 5999
7439 7441
7915 7919
4930 4932
4287 4289
7871 7873
7609 7613
4990 4992
4388 4389
5337 5339
6960 6963
7389 7391
6330 6335
6016 6020
4811 4813
4516 4519
4945 4947
6865 6867
5974 5976
7883 7885
7911 7916
4970 4973
4766 4770
5482 5485
6933 6935
5991 5995
6458 6461
4237 4242
4482 4484
6921 6924
7433 7436
6987 6992
6257 6259
7480 7484
6390 6394
5400 5402
4817 4820
4402 4405
6912 6915
7424 7427
6265 6268
4515 4517
4353 4354
6427 6429
4954 4957
6874 6877
5825 5829
6348 6353
6399 6403
7014 7017
4924 4925
6442 6445
5041 5044
5587 5588
6295 6296
4377 4380
5391 5393
5833 5837
6881 6882
4904 4908
6892 6895
6981 6986
7863 7868
4462 4466
7097 7098
4464 4466
4853 4856
6834 6836
5369 5373
4998 5001
7560 7565
4807 4812
6556 6557
7407 7408
5059 5063
6031 6035
6274 6277
6915 6919
3951 3953
5598 5601
6918 6919
4908 4909
5332 5333
4425 4427
7497 7499
6975 6979
6307 6308
7058 7060
5003 5005
4900 4903
5412 5415
5492 5494
6876 6879
7388 7391
7562 7565
7081 7082
7593 7594
6926 6927
7538 7539
4535 4536
6944 6947
7456 7459
6459 6461
6325 6329
4804 4806
7572 7576
4794 4797
7866 7869
7434 7438
6927 6928
4297 4300
7369 7372
3946 3947
4246 4247
6513 6518
3980 3984
4802 4805
7874 7877
5415 5417
7335 7337
7481 7484
5988 5990
6900 6901
7436 7437
3997 3999
4495 4498
7567 7570
4432 4434
4270 4273
4788 4790
6820 6824
7500 7502
4778 4781
5290 5293
7411 7412
4378 4382
6384 6389
7450 7454
5027 5031
4754 4757
5539 5543
6306 6309
6991 6993
5461 5465
5338 5339
4949 4950
6861 6862
7447 7449
4477 4480
7549 7552
5881 5882
6957 6962
6880 6884
7027 7031
7539 7543
5045 5048
5557 5560
7033 7037
5418 5419
7032 7036
6884 6885
6801 6804
3917 3921
5458 5459
4299 4302
5056 5059
5568 5571
5932 5936
4254 4257
4420 4425
5486 5488
5398 5403
7597 7600
5488 5492
4903 4904
4819 4821
4891 4896
5331 5333
5020 5023
4509 4510
5064 5067
5353 5354
4252 4256
3920 3923
4256 4259
5472 5475
6323 6324
3968 3969
7017 7021
4888 4893
7348 7351
3944 3948
4232 4236
5908 5912
6453 6454
3979 3983
5459 5463
4489 4492
3953 3955
6026 6027
7045 7046
7482 7486
4384 4389
5435 5439
6811 6813
6017 6018
5306 5307
3988 3989
7617 7621
4931 4934
5903 5906
6887 6888
4279 4281
7403 7405
7029 7034
4977 4980
6833 6836
6990 6991
7346 7347
4363 4364
5579 5580
7365 7370
5901 5902
4966 4970
4960 4964
6816 6820
4907 4911
5058 5060
7054 7057
6486 6487
3932 3933
5028 5029
5565 5566
6824 6825
4491 4494
6546 6547
5455 5459
5479 5481
4000 4001
4486 4487
7558 7559
5324 5325
6964 6965
6414 6418
5933 5936
6930 6932
4939 4941
5399 5401
7442 7444
5860 5863
4994 4998
5446 5451
7023 7028
6522 6524
4349 4353
5473 5478
4325 4328
7611 7613
7909 7912
5910 5913
5564 5566
4490 4494
4227 4228
6549 6552
7879 7880
5574 5577
7080 7085
5528 5530
6954 6959
5818 5822
4343 4346
4787 4790
5299 5302
4530 4533
7040 7043
7552 7555
6506 6508
4493 4496
4313 4317
7086 7089
7599 7604
4341 4343
7413 7415
4505 4508
5519 5521
6471 6473
6786 6791
4822 4825
7577 7580
7590 7591
7092 7096
5845 5846
3896 3899
5381 5383
7933 7936
3907 3912
6424 6425
4327 4330
4331 4335
5303 5307
6005 6008
6962 6964
7474 7476
5949 5950
4442 4444
7514 7516
5581 5585
3998 3999
6849 6854
5836 5840
7555 7559
4400 4403
7026 7029
4293 4296
5359 5361
7070 7073
7582 7585
5853 5855
6907 6910
4306 4308
7378 7380
5960 5963
6440 6443
7880 7883
7072 7075
7584 7587
5977 5980
7897 7900
3924 3927
4268 4271
5428 5431
3974 3976
5390 5392
7340 7343
6810 6815
5921 5925
5019 5022
5911 5915
7055 7056
6018 6020
3910 3913
7854 7859
7926 7930
5912 5914
5985 5988
6360 6362
5992 5993
7905 7908
5995 5998
7915 7918
4930 4933
4287 4288
7871 7872
7609 7612
4990 4993
4388 4390
7028 7029
6478 6482
5337 5338
6960 6964
6363 6368
7389 7390
6330 6332
4811 4812
4945 4946
4373 4377
5974 5977
6865 6866
5350 5351
6933 6934
4760 4761
5991 5994
4274 4276
5953 5955
5546 5547
6337 6339
4996 5000
5383 5388
6812 6813
7012 7013
7324 7325
7524 7525
4237 4241
4993 4998
4482 4485
4768 4769
6257 6258
6390 6395
5400 5403
6314 6316
5961 5963
5949 5954
6429 6434
6912 6916
4515 4516
6427 6428
5982 5986
5825 5828
3965 3969
6905 6907
7417 7419
6399 6402
4924 4926
6557 6560
5295 5298
5587 5591
6295 6299
5391 5392
5833 5836
6981 6985
5361 5363
7492 7496
4462 4467
4464 4467
6834 6837
4857 4860
5369 5372
6556 6558
5059 5062
6031 6034
6915 6918
3951 3952
4908 4910
5284 5288
5332 5334
4425 4426
7497 7498
6975 6978
7487 7490
6307 6311
7058 7061
5003 5004
5492 5495
5454 5456
5038 5042
7456 7460
4535 4539
6459 6460
6325 6328
5055 5057
4804 4807
5930 5931
7553 7555
7572 7577
5348 5349
7434 7439
4398 4399
4766 4767
7522 7523
7890 7891
6927 6931
6513 6517
5415 5416
7335 7336
5067 5069
5527 5529
5988 5991
6900 6902
3997 3998
5534 5538
7436 7438
5505 5508
4478 4479
7550 7551
4432 4435
4859 4861
4457 4461
4788 4791
7500 7503
4893 4896
4378 4383
5005 5010
5027 5030
5539 5542
6991 6992
5461 5464
6027 6032
6957 6961
7027 7030
4876 4880
7539 7542
7033 7036
7032 7037
6884 6886
6508 6509
4381 4383
6982 6986
3917 3920
5056 5060
4843 4845
5486 5489
4886 4888
5398 5400
7100 7101
6261 6263
7597 7599
5488 5493
4903 4907
4819 4820
5331 5332
4912 4913
5047 5052
7927 7931
6552 6553
4252 4257
7535 7538
3920 3924
4256 4260
3968 3970
7017 7020
7090 7092
7602 7604
4322 4326
5908 5913
6492 6493
6966 6970
4446 4447
3979 3982
5459 5462
4827 4829
3953 3954
7084 7085
7596 7597
7482 7487
4923 4926
5435 5438
6811 6812
6434 6436
6291 6293
5506 5510
3988 3990
7606 7608
7381 7383
7617 7620
6877 6881
4279 4280
7403 7404
4283 4285
7029 7033
3956 3960
5437 5439
4363 4367
5579 5583
6853 6857
5014 5015
3998 4000
7365 7369
4966 4971
7876 7880
4960 4965
6816 6821
4907 4910
5058 5061
3932 3934
5028 5030
6824 6826
4239 4242
5455 5458
6851 6854
5479 5480
4000 4002
4267 4269
5495 5497
4786 4790
5324 5326
6964 6966
6414 6419
5933 5935
6417 6422
6930 6933
4939 4940
5399 5400
7442 7445
3983 3985
5446 5448
4820 4824
6522 6525
5893 5895
4349 4352
4961 4965
5473 5477
7611 7612
6466 6468
6507 6512
5564 5567
4865 4867
7937 7939
4999 5004
4441 4443
6361 6363
7879 7883
4896 4897
5408 5409
6864 6865
7376 7377
5528 5531
6501 6503
6954 6956
5818 5823
7395 7400
4361 4363
7945 7947
4347 4350
7552 7556
6807 6809
5942 5944
6375 6380
6506 6509
4493 4495
6255 6259
4313 4316
4976 4977
4340 4344
4341 4342
7413 7414
5519 5520
6471 6472
7940 7943
7092 7097
3896 3900
5381 5382
6424 6426
4331 4334
5303 5306
6962 6965
7474 7477
4492 4493
4442 4445
7514 7517
5581 5584
5441 5445
6849 6853
5836 5841
4400 4404
7043 7046
7555 7558
5359 5360
5853 5854
4789 4791
4306 4309
7378 7381
7589 7592
6467 6469
4937 4941
5909 5913
6426 6427
7371 7372
4291 4296
7072 7076
7584 7588
3974 3977
5390 5393
6810 6812
5921 5924
5906 5907
5451 5454
5911 5914
6018 6021
4944 4945
6496 6497
4230 4231
4782 4784
4986 4987
5300 5301
5912 5915
6360 6363
6988 6989
5992 5994
7926 7931
6818 6820
4388 4391
7028 7030
6960 6965
6330 6333
7933 7935
7325 7328
4811 4815
4373 4376
6293 6296
4970 4971
4766 4768
5482 5483
4760 4762
4249 4251
7857 7862
5516 5520
4274 4277
3897 3900
5953 5954
6337 6338
7934 7937
4996 5001
6458 6459
6812 6814
7012 7014
7324 7326
7524 7526
5021 5023
4237 4240
4993 4997
4768 4770
5931 5933
4405 4410
6390 6392
6314 6317
5961 5962
5949 5953
6429 6433
4402 4403
6912 6917
6427 6431
4803 4805
3973 3978
4954 4955
5414 5415
5966 5968
5982 5987
6874 6875
3965 3968
6905 6906
7417 7418
4533 4536
4924 4927
6442 6443
7894 7895
6358 6362
7454 7455
5587 5590
6295 6298
6981 6984
4955 4957
5361 5362
5467 5469
4462 4464
6374 6376
7005 7007
6556 6559
6014 6015
6274 6275
7547 7549
4908 4911
5284 5289
4951 4956
5332 5335
7444 7448
5866 5870
6307 6310
5003 5007
4223 4225
6795 6800
5454 5457
7562 7563
4446 4448
5038 5043
4535 4538
6459 6463
5055 5056
4473 4476
6329 6332
7553 7554
4794 4795
5348 5350
4831 4836
7866 7867
7434 7436
6456 6457
6505 6507
4861 4866
6927 6930
5426 5430
4478 4482
6513 6516
4802 4803
7874 7875
7335 7339
5067 5068
5527 5528
6923 6924
5824 5825
6900 6903
7436 7439
5061 5063
6502 6506
4432 4436
4859 4860
4457 4460
7337 7340
4778 4779
5290 5291
4378 4380
7450 7452
4808 4809
5005 5009
7464 7465
5377 5382
5982 5983
6306 6307
6991 6995
7534 7535
5024 5025
5536 5537
4825 4830
4812 4813
5972 5973
7367 7369
6022 6026
7884 7885
7082 7084
6957 6960
7469 7472
4856 4857
4876 4881
4499 4501
6475 6477
6935 6937
6884 6887
6508 6510
4381 4382
3917 3919
5056 5061
4843 4844
5819 5821
4886 4889
5398 5401
7100 7102
6261 6262
7597 7598
7050 7054
4903 4906
4819 4823
4912 4914
6552 6554
3993 3995
7354 7358
6323 6326
3968 3971
7090 7093
7602 7605
6492 6494
6966 6971
5582 5586
7565 7568
4827 4828
6263 6265
7084 7086
7596 7598
4862 4866
7482 7484
6811 6815
6434 6437
6291 6292
5506 5511
3988 3991
7381 7382
7606 7609
6405 6407
6877 6880
6887 6890
4279 4283
4283 4284
7029 7032
5437 5438
3930 3932
4363 4366
5022 5023
5534 5535
5579 5582
7372 7376
6853 6856
4335 4337
3998 4001
7365 7368
7952 7953
4966 4968
6520 6521
4439 4441
5395 5397
7371 7373
3932 3935
5028 5031
4885 4890
6824 6827
5479 5483
4000 4003
4267 4268
5495 5496
4786 4791
5324 5327
6414 6416
6964 6967
5933 5934
6417 6421
4939 4943
5399 5403
3983 3984
4994 4996
4319 4321
4229 4233
5446 5449
5893 5894
4961 4964
5473 5476
7528 7529
7611 7615
6466 6469
4865 4866
7937 7938
4490 4492
4441 4442
6361 6362
4227 4230
7879 7882
4896 4898
5408 5410
5559 5561
6864 6866
7376 7378
4385 4387
5528 5532
5436 5437
6501 6502
6954 6957
5818 5820
4361 4362
5299 5304
7945 7946
4530 4531
6807 6808
4303 4305
5321 5325
5942 5945
4493 4494
5431 5436
6886 6890
6296 6297
7851 7853
6255 6258
4976 4978
6977 6979
7489 7491
7624 7625
5519 5523
6471 6475
6786 6789
4240 4241
5595 5597
6446 6448
6424 6427
6985 6987
5437 5442
3923 3925
4492 4494
7904 7907
4958 4962
5581 5583
4929 4932
5441 5444
5501 5505
6849 6852
7026 7027
7361 7364
5359 5363
7060 7064
4789 4790
4349 4351
5565 5568
4429 4434
6467 6468
4937 4940
5909 5912
6857 6860
4337 4339
7454 7456
3908 3912
7619 7620
7318 7322
7584 7589
6823 6825
5062 5063
6924 6925
6810 6813
7878 7882
7055 7058
4944 4946
6496 6498
4782 4785
5042 5046
4969 4974
5300 5302
5554 5558
5912 5916
6360 6364
5992 5995
6462 6466
6825 6830
6988 6990
7410 7411
4930 4931
4286 4287
4287 4290
7358 7359
7871 7874
6818 6821
7028 7031
6478 6480
5585 5589
3969 3971
7933 7934
4811 4814
5420 5424
7854 7856
7883 7886
4839 4841
7911 7913
4766 4769
4760 4763
5861 5863
4249 4250
6001 6005
7857 7861
7063 7065
6812 6815
7012 7015
7324 7327
5021 5022
3989 3991
4237 4239
6558 6562
4993 4996
7556 7557
4482 4483
4768 4771
5931 5932
4405 4409
6390 6393
7477 7481
5949 5952
6429 6432
4515 4518
6427 6430
4803 4804
5001 5004
3973 3977
5966 5969
5982 5984
6354 6355
6970 6974
6941 6943
5898 5900
5391 5394
4955 4956
5467 5468
4791 4793
7863 7865
4462 4465
6374 6377
6422 6424
7005 7006
7610 7612
5950 5951
6834 6835
6012 6016
4807 4809
5990 5991
5829 5831
5059 5064
6915 6920
5485 5490
3951 3954
7547 7548
3945 3948
7467 7472
7588 7589
5866 5871
5998 5999
5003 5006
7058 7059
7899 7901
4446 4449
5038 5040
6950 6952
6459 6462
5348 5351
5884 5885
7396 7400
7434 7437
6456 6458
6505 6506
4861 4865
5597 5601
5329 5334
6400 6401
6973 6975
5415 5418
7335 7338
5527 5531
5824 5826
5022 5024
5534 5536
5061 5062
4432 4437
4859 4863
6380 6381
4378 4381
6309 6311
7450 7453
4808 4810
5005 5008
7464 7466
5539 5544
5377 5381
6991 6994
5024 5026
5536 5538
4825 4829
4513 4515
5365 5370
4812 4814
5972 5974
7884 7886
7082 7085
6957 6959
7469 7471
4856 4858
7539 7544
4499 4500
6475 6476
6935 6936
6508 6511
6982 6984
7078 7079
3917 3918
6958 6962
7421 7424
6936 6937
4843 4847
5819 5820
5493 5496
6463 6465
7100 7103
5924 5925
6364 6365
7050 7055
7513 7515
4819 4822
5331 5334
4912 4915
6432 6433
6552 6555
3993 3994
3968 3972
4322 4324
5835 5837
6492 6495
5969 5971
7317 7322
6966 6968
7478 7480
7889 7891
6942 6946
7565 7567
6263 6264
7385 7388
7084 7087
7596 7599
6969 6974
7482 7485
6811 6814
6291 6295
5506 5508
5855 5857
5878 5879
6405 6406
4342 4346
7414 7418
3921 3924
5841 5844
4279 4282
7403 7406
4283 4287
4379 4381
7052 7053
7564 7565
3930 3933
6990 6994
3905 3909
4335 4336
4339 4341
5477 5481
4966 4969
7574 7576
7952 7954
5948 5949
6340 6341
4277 4279
7349 7351
6520 6522
5058 5059
6844 6848
7356 7360
4439 4440
5395 5396
4005 4008
4885 4889
5815 5820
5479 5482
4000 4004
4267 4271
5495 5499
4786 4788
5877 5880
6414 6417
7851 7856
6417 6420
4846 4847
4939 4942
5358 5359
5399 5402
3983 3987
4994 4997
6930 6931
4319 4320
7442 7443
4229 4232
7023 7025
6522 6523
7942 7943
6324 6325
7528 7530
5449 5451
6345 6347
7611 7614
4242 4244
4490 4493
5470 5474
6485 6487
4896 4899
5408 5411
5559 5560
6864 6867
7376 7379
4385 4386
5436 5438
5818 5821
6807 6811
4303 4304
5321 5324
7007 7009
7519 7521
6506 6507
6296 6298
7098 7102
6321 6326
6540 6544
4976 4979
6439 6441
6977 6978
7489 7490
7599 7601
4364 4365
7924 7925
4294 4298
6797 6800
7624 7626
6529 6533
5519 5522
6471 6474
4240 4242
5595 5596
5419 5421
6446 6449
7481 7483
6424 6428
6449 6452
6985 6986
5437 5441
6962 6963
7474 7475
3923 3924
6437 6440
6339 6341
6799 6801
4492 4495
4442 4443
4902 4903
7514 7515
5581 5582
5501 5504
5359 5362
4985 4989
6841 6845
6418 6422
4349 4350
4429 4433
5593 5595
4306 4307
4910 4911
7378 7379
4443 4445
4337 4338
7454 7457
6264 6265
6823 6824
6924 6926
4228 4229
6012 6013
7878 7883
6018 6019
7038 7039
4944 4947
6496 6499
5554 5559
4969 4973
5300 5303
5941 5945
5992 5996
6360 6365
6462 6467
6988 6991
5515 5520
6478 6481
7025 7027
5585 5588
4899 4901
3969 3970
6330 6331
7888 7891
4839 4840
7911 7912
5355 5357
6450 6454
4760 4764
5861 5862
4785 4788
6001 6004
7857 7860
7956 7959
7002 7006
4274 4275
7063 7064
4871 4873
4928 4929
5296 5297
5383 5385
5317 5322
3989 3990
4237 4238
6558 6563
7556 7558
7621 7623
7064 7065
4768 4772
5931 5935
4405 4408
7477 7480
4834 4838
6314 6315
7004 7005
4296 4297
7368 7369
4958 4959
7875 7879
3973 3976
6560 6561
5982 5985
6348 6349
7508 7509
5963 5965
6358 6360
6941 6942
5898 5901
5370 5372
5587 5592
4955 4959
5467 5471
4791 4792
7863 7864
4795 4797
6422 6425
7610 7613
6012 6017
4807 4808
7625 7628
5526 5527
5829 5830
4973 4977
5485 5489
7079 7081
7591 7593
7588 7590
4517 4519
5866 5868
4223 4227
7899 7900
4779 4781
5939 5941
5038 5041
6950 6953
7593 7598
7422 7426
5018 5022
5530 5534
5055 5058
6409 6413
5884 5886
6456 6459
4861 4864
5597 5600
5329 5333
7917 7922
4914 4916
5426 5428
6400 6402
5026 5030
6802 6806
4478 4480
7425 7427
6973 6974
7550 7552
5466 5468
6362 6364
6545 6548
4953 4955
6558 6559
6873 6875
5067 5070
5527 5530
6923 6926
5824 5827
4963 4965
5022 5025
5534 5537
6502 6504
7013 7015
4859 4862
6482 6484
4371 4373
6555 6560
7511 7513
6380 6382
6309 6310
4808 4811
4382 4386
5005 5007
7464 7467
5377 5380
7934 7935
5024 5027
5536 5539
4825 4828
4513 4514
5365 5369
4812 4815
5881 5886
5972 5975
4852 4856
6022 6024
6957 6958
4856 4859
7469 7470
7490 7491
4499 4503
6475 6479
6982 6985
6936 6938
6497 6500
4843 4846
5819 5823
6463 6464
5924 5926
6364 6366
5413 5415
7050 7052
7513 7514
4912 4916
6432 6434
5047 5049
7457 7459
5353 5358
6552 6556
6460 6461
7354 7356
7090 7091
7602 7603
4322 4325
5835 5836
5969 5970
7317 7321
6966 6969
7478 7481
7889 7890
5582 5584
6942 6947
7565 7566
4827 4830
5035 5040
6969 6973
4289 4291
7873 7875
4862 4864
6434 6435
6291 6294
5506 5509
5855 5856
5456 5457
4342 4347
7850 7852
4845 4848
3913 3915
4283 4286
4379 4380
6539 6541
7052 7054
7564 7566
6990 6995
3905 3908
7527 7532
4339 4340
5477 5480
7952 7955
7465 7469
7574 7577
5948 5950
6340 6342
4277 4278
6423 6428
6520 6523
7349 7350
7421 7423
6289 6293
7356 7361
4439 4443
5395 5399
7371 7375
4885 4888
7631 7633
5937 5939
5444 5448
4761 4763
4000 4005
4267 4270
5495 5498
4786 4789
5865 5867
3983 3986
4319 4323
7023 7024
4257 4259
6324 6326
7528 7531
5449 5450
6345 6346
6466 6467
4242 4245
4999 5001
5511 5513
6793 6797
4916 4920
5470 5475
6485 6486
6533 6535
5408 5412
6864 6868
5436 5439
6954 6955
7382 7383
6543 6548
6942 6943
6807 6810
4303 4307
7007 7008
7519 7520
6375 6377
4974 4976
6886 6888
6296 6299
6885 6887
7397 7399
7098 7103
6321 6325
7537 7541
6540 6545
4976 4980
6439 6440
7599 7600
4875 4877
7947 7949
4364 4366
7924 7926
4294 4299
6797 6799
7407 7412
6529 6532
7624 7627
5502 5503
4240 4243
5419 5420
7035 7037
6542 6544
5437 5440
3923 3927
6339 6340
6799 6800
4958 4960
6518 6519
7628 7630
4985 4988
6841 6844
4429 4432
5593 5594
6467 6470
4443 4444
6806 6808
7318 7320
7038 7042
6264 6266
6974 6975
6823 6827
4295 4297
5312 5313
6810 6811
4228 4230
6012 6014
6924 6927
7526 7527
7878 7880
6496 6500
5042 5044
4969 4972
5554 5556
5941 5944
6528 6530
6825 6828
6462 6464
5470 5471
6818 6819
7025 7026
5510 5514
4899 4900
6916 6917
7428 7429
4309 4311
4945 4950
6030 6031
7452 7456
7911 7915
5355 5356
5307 5309
6450 6455
7002 7007
7063 7067
4871 4872
4928 4930
5296 5298
5383 5384
6848 6850
4805 4809
5317 5321
6038 6039
6558 6560
7556 7559
7621 7622
7064 7066
4872 4873
5352 5353
4768 4773
5931 5934
5423 5425
4834 4839
7343 7345
7077 7082
7004 7006
4296 4298
7368 7370
4803 4806
7875 7878
6560 6562
7585 7587
6348 6350
4964 4968
5476 5480
7508 7510
6970 6972
6298 6302
5963 5964
6358 6361
5370 5373
6917 6919
7393 7397
4955 4958
5467 5470
7863 7867
4795 4796
5919 5921
5889 5891
6014 6016
6948 6949
7460 7461
4807 4811
4847 4849
7919 7921
4453 4455
6365 6367
4973 4976
5485 5488
7547 7550
7079 7080
7591 7592
4951 4953
5285 5289
5457 5459
6353 6355
7497 7502
7588 7591
4517 4518
5866 5869
4223 4226
7899 7903
4779 4780
5939 5940
6000 6001
6272 6273
7081 7085
7593 7597
6926 6928
7422 7427
5530 5535
6409 6412
4831 4833
5884 5887
6902 6903
7434 7435
6456 6460
5329 5332
7917 7921
4889 4891
4914 4917
5426 5429
6400 6403
7075 7077
5026 5031
7425 7426
4478 4481
7550 7553
7587 7589
3980 3981
5466 5469
6362 6365
4953 4954
6873 6874
5824 5828
4963 4964
6502 6505
4897 4899
7605 7610
7013 7014
4798 4802
6482 6485
4371 4372
7511 7512
4815 4817
6380 6383
7616 7617
4378 4379
7450 7451
7578 7579
4808 4812
5005 5006
7464 7468
4421 4423
7534 7538
5024 5028
5536 5540
7536 7538
5365 5368
5881 5885
4852 4857
6022 6025
7082 7083
4856 4860
6532 6536
4334 4335
4499 4502
6475 6478
6935 6938
7918 7919
5968 5969
6304 6305
7520 7521
6406 6407
6958 6960
5932 5933
6936 6939
5819 5822
6463 6467
7507 7509
6949 6953
5924 5927
6364 6367
5413 5414
7050 7053
4819 4824
4912 4917
6432 6435
5047 5048
7457 7458
5353 5357
6552 6557
6460 6462
7354 7357
4861 4863
5397 5400
7317 7320
5582 5585
4849 4851
4758 4759
6942 6944
7921 7923
6263 6266
6969 6972
4289 4290
7873 7874
4862 4865
7482 7483
7366 7370
7949 7952
5855 5859
5456 5458
6955 6957
7419 7424
4342 4344
7414 7416
7850 7853
4845 4847
3913 3914
6973 6977
4302 4303
7614 7615
4379 4383
6539 6540
6479 6481
7052 7055
7564 7567
3930 3931
6438 6439
6990 6992
7037 7040
4335 4338
4339 4343
6953 6956
5948 5951
5558 5559
4868 4872
5380 5384
6340 6343
6520 6524
7421 7422
6289 6292
4382 4383
6302 6303
4439 4442
3916 3920
5395 5398
7371 7374
5937 5938
4326 4328
4255 4260
4761 4762
5513 5515
5843 5845
5865 5866
3966 3967
4994 4995
4319 4322
7023 7027
4475 4477
4257 4258
6395 6397
6324 6327
7528 7532
4285 4287
4999 5000
5511 5512
6793 6796
4490 4491
5470 5472
6533 6534
5000 5001
6864 6869
5559 5562
6412 6416
5818 5819
6292 6293
4303 4306
7519 7523
6375 6376
4459 4461
5431 5433
4974 4977
6379 6381
6886 6889
4284 4285
5956 5957
6885 6886
7397 7398
7098 7100
6321 6324
7537 7540
5438 5439
6439 6443
7599 7603
4875 4876
7947 7948
3904 3905
4364 4367
4294 4296
6797 6798
7624 7628
4240 4244
5595 5598
5419 5423
7035 7036
6542 6545
5057 5059
7506 7510
7849 7852
5839 5844
6848 6849
3923 3926
6339 6343
6799 6803
4315 4317
4958 4961
7387 7389
5836 5837
6452 6453
5523 5525
6418 6420
7499 7501
7959 7961
4429 4431
6806 6809
7318 7321
7038 7043
6264 6267
5002 5006
6823 6826
4295 4296
5312 5314
4228 4231
6012 6015
6550 6551
7367 7368
7878 7881
5017 5019
7897 7899
5042 5045
5554 5557
6528 6531
6462 6465
4261 4266
5517 5520
3959 3961
4523 4525
5025 5027
6322 6326
3994 3998
6916 6918
7428 7430
4309 4310
4945 4949
6865 6869
7452 7457
4839 4842
7911 7914
5307 5308
6450 6452
7503 7508
7602 7607
7002 7004
4780 4784
7063 7066
4871 4875
4928 4931
5296 5299
5383 5387
6848 6851
4805 4808
3939 3941
4880 4881
5317 5320
6558 6561
7064 7067
4872 4874
5352 5354
4472 4473
5423 5424
4834 4836
7343 7344
7407 7411
7077 7081
7004 7007
5961 5966
7009 7011
7521 7523
4296 4299
7368 7371
4353 4356
6560 6563
7585 7586
6901 6905
6348 6351
5476 5481
7046 7048
7508 7511
4989 4991
6970 6973
7468 7472
5343 5345
5366 5367
5898 5899
6917 6918
6881 6884
7393 7396
4456 4457
4791 4794
7863 7866
4795 4799
5919 5920
7097 7100
5889 5890
6014 6017
6948 6950
7460 7462
7610 7611
6516 6517
4389 4391
4807 4810
4847 4848
7919 7920
4453 4454
6365 6366
4973 4975
5485 5487
6301 6305
7591 7595
4951 4952
4773 4776
5285 5288
5457 5458
6353 6354
7497 7501
4838 4842
5998 6002
4440 4441
7899 7902
6000 6002
6272 6274
7081 7084
7593 7596
6926 6929
4350 4352
7422 7424
6300 6301
6500 6501
5018 5020
5530 5532
7923 7924
5576 5577
4831 4832
6480 6481
6456 6461
4398 4400
6836 6837
7917 7920
4889 4890
6400 6404
7075 7076
5026 5028
6802 6804
5971 5973
7587 7588
4354 4358
7509 7514
3980 3982
6393 6395
5824 5829
4963 4967
4897 4898
7093 7097
7605 7609
4244 4248
4798 4803
4815 4816
7616 7618
7464 7469
4382 4384
6302 6304
6468 6472
4421 4422
4781 4785
5536 5541
7536 7539
5881 5884
7087 7089
4876 4877
7412 7413
6557 6559
7401 7403
5968 5970
6304 6306
7520 7522
6958 6961
6817 6819
7329 7331
5932 5934
6936 6940
4414 4418
7486 7490
6463 6466
7507 7508
6949 6952
3975 3977
7476 7480
4262 4266
7594 7598
6432 6436
5047 5051
5353 5356
6460 6463
7041 7043
6326 6327
4861 4862
4790 4794
4322 4323
5294 5295
5835 5838
4849 4850
6942 6945
7921 7922
3953 3957
6281 6283
6411 6413
7627 7629
4501 4503
7949 7951
6017 6020
6291 6296
5506 5507
5855 5858
5456 5459
6955 6956
3963 3965
5429 5433
4342 4345
7414 7417
4845 4846
6973 6976
4379 4382
6479 6480
4997 5001
6990 6993
6445 6449
4339 4342
5380 5385
4500 4501
4893 4895
3916 3921
4326 4329
7958 7960
5513 5514
4786 4787
7502 7503
6268 6272
5843 5844
6275 6277
4846 4850
7023 7026
4475 4476
6395 6396
6965 6968
4285 4286
6351 6356
6454 6458
6541 6545
3950 3951
4242 4243
4999 5003
5008 5009
5851 5853
5470 5473
4441 4446
5000 5002
5922 5924
5847 5849
6292 6294
6869 6871
7007 7010
7519 7522
6375 6379
4459 4460
5431 5432
6379 6380
7351 7352
4284 4286
5956 5958
7098 7101
6439 6442
7599 7602
7947 7951
3904 3906
4294 4297
6852 6856
4240 4245
5419 5422
7035 7039
5057 5058
7506 7511
3981 3984
6339 6342
6799 6802
4315 4316
5291 5293
7387 7388
5314 5318
5836 5838
6452 6454
3940 3944
6951 6956
5523 5524
6418 6421
7499 7500
7959 7960
4429 4430
4855 4860
4910 4914
7860 7864
5373 5376
7960 7961
4333 4338
4443 4446
4415 4417
7038 7040
6264 6268
5002 5007
5465 5467
4295 4299
5312 5315
5023 5028
4461 4464
5017 5018
4285 4290
6528 6532
4883 4885
4261 4265
6993 6995
7955 7957
4894 4898
5517 5519
3959 3960
4523 4524
5025 5026
5337 5340
5510 5512
3994 3999
6285 6290
4899 4902
6530 6532
6916 6919
7428 7431
7950 7953
4945 4948
6865 6868
5355 5358
6450 6453
4003 4005
4249 4254
5004 5005
5516 5517
7002 7005
5953 5957
6337 6341
4780 4785
4871 4874
4928 4932
5296 5300
5383 5386
3939 3940
4880 4882
3955 3957
5875 5877
6972 6973
4872 4875
5301 5303
4472 4474
5352 5355
6257 6260
5423 5427
4834 4837
7077 7080
6415 6417
5961 5965
6805 6809
7009 7010
7368 7372
7521 7522
7493 7495
7875 7880
4525 4530
6901 6904
7417 7421
7046 7049
4989 4990
6855 6860
6298 6300
5963 5966
5343 5344
4518 4520
5370 5371
6956 6957
7380 7381
4456 4458
4795 4798
6948 6951
7460 7463
6516 6518
4389 4390
4847 4851
4973 4974
5485 5486
6301 6304
7079 7082
7591 7594
4951 4955
4425 4428
7497 7500
5425 5427
4374 4375
5866 5867
6294 6295
4440 4442
4779 4782
5939 5942
6000 6003
6272 6275
4527 4529
7463 7465
4350 4353
6300 6302
6500 6502
7422 7425
7622 7623
5018 5021
5530 5533
7325 7327
5576 5578
4831 4835
6480 6482
4398 4401
6836 6838
5540 5544
6831 6836
7917 7919
4914 4915
5426 5427
7075 7079
5026 5029
6802 6805
5971 5972
7587 7591
4354 4359
7509 7513
3980 3983
5466 5467
5926 5927
6362 6363
6822 6823
6393 6394
4963 4966
4511 4513
7093 7096
7605 7608
4225 4227
4534 4535
4798 4800
6870 6871
5404 5405
5965 5969
5882 5886
6482 6483
4371 4374
7511 7514
7616 7619
5979 5981
4382 4385
6302 6305
6468 6473
7534 7536
7927 7930
4781 4784
7536 7540
7087 7088
6867 6869
6939 6944
7379 7381
4876 4878
7412 7414
6268 6269
6557 6558
7401 7402
5497 5499
5968 5971
6304 6307
7520 7523
6817 6818
7329 7330
5932 5935
6936 6941
4414 4419
7507 7511
3975 3976
7050 7051
7476 7481
4982 4986
5494 5498
3976 3977
6432 6437
5047 5050
5531 5533
7041 7042
4934 4935
7354 7355
6036 6037
6410 6412
4407 4409
7531 7533
3953 3956
6281 6282
4412 4416
6411 6412
7627 7628
3971 3973
7366 7368
4501 4502
7949 7950
5573 5575
5450 5454
5456 5460
6955 6959
3963 3964
5429 5432
3938 3942
4918 4919
5430 5431
5858 5862
4004 4005
7850 7851
5320 5321
6952 6953
6510 6511
6539 6542
4997 5000
7527 7529
4436 4437
7372 7373
6445 6448
5880 5881
5011 5013
3915 3917
6423 6425
4500 4502
4893 4894
5395 5400
6397 6401
7958 7961
6538 6542
5843 5847
6275 6276
4338 4340
4292 4296
4846 4851
4475 4479
5541 5543
6541 6544
4865 4869
4999 5002
5511 5514
5008 5010
5851 5852
4441 4445
6361 6365
5000 5003
5374 5378
5922 5925
5847 5848
6543 6545
4361 4365
6292 6295
4276 4280
6869 6870
7945 7949
5030 5034
5848 5849
6826 6830
5869 5874
7338 7342
6375 6378
4459 4463
5431 5435
6379 6383
7351 7355
4284 4287
5956 5959
5502 5504
3929 3931
4875 4878
7947 7950
3904 3907
6341 6344
4368 4369
5584 5585
7407 7409
6852 6857
7440 7441
4965 4967
6877 6879
7466 7468
6813 6818
7035 7038
4434 4436
7506 7508
5463 5465
4507 4512
6347 6349
6843 6848
7319 7321
3981 3983
4245 4247
4862 4863
5468 5472
4315 4319
5291 5292
7387 7391
5314 5319
5836 5839
6452 6455
3940 3945
5876 5880
4477 4479
7549 7551
5553 5555
7860 7865
7016 7017
4333 4337
7405 7409
4415 4416
7038 7041
6264 6269
5002 5004
5465 5466
4295 4298
5312 5316
7367 7370
3941 3945
5409 5411
4461 4463
4285 4289
5042 5043
5554 5555
6528 6533
4883 4884
4261 4264
5327 5329
5552 5553
6421 6425
6993 6994
7398 7399
4894 4899
5517 5518
6327 6332
4933 4935
7000 7001
7512 7513
3959 3963
4523 4527
6322 6324
5510 5513
6465 6467
7044 7048
7431 7436
3994 3996
6285 6289
6530 6533
7008 7009
5420 5421
5844 5845
4870 4874
6030 6034
6790 6794
5307 5310
4003 4004
4249 4253
5004 5006
5516 5518
5953 5956
6337 6340
4445 4449
5296 5301
4880 4883
3955 3956
5875 5876
6972 6974
4375 4380
5301 5302
4472 4475
5373 5375
6922 6926
5423 5426
7343 7346
6415 6416
5961 5964
6805 6808
7631 7632
7368 7373
7409 7411
7493 7494
4525 4529
6905 6908
7417 7420
6970 6971
6298 6301
4518 4521
6956 6958
7380 7382
4456 4459
5361 5364
5919 5922
6516 6519
4485 4487
7557 7559
5578 5582
4847 4850
7919 7922
4310 4311
6372 6373
4894 4895
4951 4954
5425 5426
4838 4840
5998 6000
7910 7912
4440 4443
7085 7088
6000 6004
4527 4528
7463 7464
6551 6553
6300 6303
4850 4854
6500 6503
7325 7326
5576 5579
7553 7556
4831 4834
6480 6483
4987 4989
6505 6509
6836 6839
7917 7918
7879 7881
4797 4799
7053 7058
7075 7078
7587 7590
5971 5975
4354 4356
7509 7512
4470 4471
6262 6266
7501 7502
4511 4512
4387 4389
4225 4226
6299 6301
4798 4801
7459 7461
5404 5406
6804 6805
6429 6431
5965 5968
4815 4818
5979 5980
4971 4973
6891 6893
7534 7537
4781 4783
4981 4983
4513 4518
7536 7541
7087 7091
6867 6868
7379 7380
5319 5321
4876 4879
4454 4455
4806 4808
6268 6270
7412 7415
4334 4338
7918 7922
5497 5498
5997 6002
5968 5972
6304 6308
4450 4454
6370 6374
4414 4416
7486 7488
6564 6565
4438 4442
6494 6495
7507 7510
6875 6877
4496 4497
7568 7569
4262 4264
5494 5499
3976 3978
7594 7596
5531 5532
7554 7558
4790 4792
6036 6038
6410 6413
4318 4322
5596 5600
4407 4408
7531 7532
6331 6333
6004 6008
6461 6463
6411 6415
7627 7631
3971 3972
3954 3956
5874 5876
7366 7369
7062 7063
5573 5574
6955 6958
4271 4273
4004 4006
4372 4373
5868 5869
5320 5322
6952 6954
6479 6482
7527 7528
6315 6317
7543 7545
5537 5539
4436 4438
7372 7374
6445 6447
5880 5882
4339 4344
4250 4254
3915 3916
5011 5012
6423 6424
5333 5337
4500 4503
4357 4362
6470 6472
5542 5546
7941 7943
6397 6400
5815 5819
4255 4257
4514 4518
3966 3968
7047 7052
6489 6491
5843 5846
4338 4341
5871 5873
4846 4848
5358 5360
4475 4478
6395 6398
5346 5348
3927 3929
4305 4307
5449 5454
6345 6350
6454 6456
7377 7379
5541 5542
6541 6543
4865 4868
7937 7940
7872 7873
5008 5011
5851 5855
4441 4444
6361 6364
3952 3953
5000 5004
5374 5379
6388 6392
7575 7580
4385 4389
7437 7442
7449 7452
6543 6544
4361 4364
5589 5592
7393 7394
4276 4281
7945 7948
5848 5850
7338 7343
5869 5873
5913 5915
4459 4462
5431 5434
6379 6382
7351 7354
5502 5505
7098 7099
5503 5508
6540 6541
4901 4903
3929 3930
7489 7493
6525 6530
3904 3908
4368 4370
5584 5586
4851 4853
5363 5365
7035 7040
4965 4966
6877 6878
5822 5826
6837 6839
7466 7469
6813 6817
5884 5888
4434 4437
7506 7509
5463 5464
6347 6348
7319 7320
5839 5841
6985 6989
5862 5863
7957 7961
3981 3982
4245 4246
6339 6344
4315 4318
5291 5295
7387 7390
5314 5316
4477 4478
7549 7550
5523 5526
5870 5871
6418 6419
7499 7502
4835 4837
5553 5554
6992 6993
4358 4359
4910 4912
5593 5598
7430 7431
7016 7018
4333 4336
7405 7408
4337 4341
4415 4419
3943 3948
5002 5005
7854 7857
3941 3944
5409 5410
6971 6973
7483 7485
4756 4760
4461 4462
4285 4288
4883 4887
5327 5328
5552 5554
6421 6424
5873 5875
4894 4896
4933 4934
7000 7002
7512 7514
6297 6299
3959 3962
4523 4526
6322 6325
7595 7598
6465 6466
5830 5831
7044 7049
3994 3997
5318 5322
4365 4368
6285 6288
7008 7010
5043 5045
5420 5422
4516 4520
4870 4875
5844 5846
6030 6035
5838 5839
6450 6451
4003 4007
4249 4252
4431 4433
6287 6289
7503 7505
5004 5007
5516 5519
6021 6026
7002 7003
7462 7463
7576 7580
4445 4448
3939 3942
4880 4884
3955 3959
5875 5879
7583 7585
6972 6975
4472 4476
5373 5374
7908 7909
5453 5457
5498 5502
4834 4835
6415 6419
7003 7005
7409 7410
7515 7517
5311 5316
4525 4528
5362 5366
5343 5346
6956 6959
7380 7383
4456 4460
6999 7004
5994 5998
7914 7918
5297 5299
6494 6496
4485 4486
7557 7558
3958 3962
5578 5583
5923 5925
4422 4423
6372 6374
7494 7495
5012 5013
6909 6914
4838 4841
5998 6001
4900 4904
5820 5821
7085 7087
6490 6494
6000 6005
6551 6552
5895 5897
5952 5953
5018 5019
5530 5531
5576 5580
4426 4430
6480 6484
4987 4988
6505 6508
4406 4407
4797 4798
4936 4937
6856 6857
7053 7057
5026 5027
5971 5974
6802 6803
7425 7430
4354 4357
5339 5341
6873 6878
6996 6997
4963 4968
6904 6905
4511 4515
4387 4388
6299 6300
7459 7460
6547 6549
5404 5407
6804 6806
7094 7096
6429 6430
5965 5967
5882 5884
5979 5983
4971 4972
6891 6892
7867 7869
6517 6521
4781 4782
4981 4982
4513 4517
7087 7090
6867 6871
5319 5320
7061 7064
4806 4809
6268 6271
5997 6001
4972 4976
4450 4455
4414 4417
7486 7489
6564 6566
4438 4443
5029 5031
3975 3978
6875 6876
4496 4498
7568 7570
6007 6009
7513 7517
4262 4265
4001 4003
4982 4984
3976 3979
5494 5496
6910 6914
7594 7597
7901 7902
7524 7527
5531 5535
3993 3996
7554 7559
4790 4793
6036 6039
7348 7352
4318 4323
5294 5298
5592 5593
7448 7449
4810 4814
5596 5601
7531 7535
6331 6332
6401 6403
6461 6462
5850 5852
6411 6414
7627 7630
3971 3975
3954 3957
5874 5877
5987 5989
4320 4321
5597 5599
5450 5452
5533 5538
3963 3966
4271 4272
3938 3940
5858 5860
6487 6489
7443 7445
4004 4007
3913 3918
4372 4374
5868 5870
5320 5323
6952 6955
4350 4351
7422 7423
4444 4448
7527 7531
6315 6316
7543 7544
5537 5538
4436 4439
6512 6513
7372 7375
6445 6446
3965 3967
5880 5883
5011 5015
6423 6427
5333 5336
6367 6369
4357 4361
6277 6281
6470 6473
5542 5547
7941 7942
5937 5942
5815 5818
4255 4256
3966 3969
4468 4469
7540 7541
6538 6540
5560 5561
6489 6490
6275 6278
5871 5872
7607 7609
4846 4849
4881 4883
5358 5361
6433 6435
5860 5864
7620 7621
6842 6844
4253 4257
5564 5568
5346 5349
3927 3928
5955 5957
4305 4306
5449 5453
6345 6349
6351 6353
6454 6457
7377 7378
6541 6542
7479 7484
3950 3954
3928 3929
5008 5012
5851 5854
3952 3954
5374 5376
4252 4253
4452 4453
4385 4388
6925 6929
7437 7441
4318 4319
5922 5923
5847 5850
6543 6547
6288 6289
5030 5032
5848 5851
6826 6828
5869 5872
7338 7340
5913 5914
5378 5382
6540 6542
4901 4902
6977 6980
7489 7492
6525 6529
4345 4347
3904 3909
4828 4832
7929 7931
4368 4371
5584 5587
4851 4852
5363 5364
6837 6838
6397 6399
6813 6816
5884 5889
6477 6482
5839 5840
6985 6988
7957 7960
6934 6938
7446 7450
5291 5294
5314 5317
5039 5041
6951 6953
7935 7940
4329 4331
4835 4836
6992 6994
4855 4857
5367 5369
4910 4913
4769 4771
5593 5597
7016 7019
4333 4335
7405 7407
4337 4340
7630 7631
4415 4418
6023 6025
6997 7001
5428 5432
6971 6972
7483 7484
5023 5025
4756 4761
5046 5047
5846 5850
4883 4886
6444 6448
5327 5331
5552 5555
7955 7958
5873 5874
4894 4897
7000 7003
6373 6375
7512 7515
6297 6298
3977 3979
4233 4235
4365 4367
6037 6039
6285 6287
3969 3972
6530 6531
7008 7011
5043 5044
5420 5423
4516 4521
4870 4872
5844 5847
6030 6032
6790 6792
7613 7615
4003 4006
4431 4432
6287 6288
7503 7504
6021 6025
4397 4401
3955 3958
5875 5878
7583 7584
7908 7910
5524 5525
6922 6924
4941 4944
5453 5456
5993 5995
6415 6418
7631 7634
7003 7004
7515 7516
4919 4921
7612 7613
3957 3959
4525 4527
4924 4928
6855 6857
5362 5367
6298 6299
7014 7015
7877 7879
7576 7577
7533 7538
4456 4461
4772 4773
7510 7514
5994 5999
7914 7919
7022 7023
3984 3985
5297 5298
6494 6497
7015 7017
4998 4999
3958 3963
4524 4525
5578 5580
5368 5369
5923 5924
6372 6375
5012 5014
7862 7864
7932 7933
4821 4823
7893 7895
6909 6913
4900 4905
5820 5822
5492 5496
7085 7086
7629 7634
4527 4530
7463 7466
5895 5896
4850 4852
5952 5954
4804 4808
4426 4431
5896 5897
6480 6485
4987 4991
5935 5937
6831 6833
4936 4938
6856 6858
7053 7056
7425 7429
7587 7592
5339 5340
6873 6877
5009 5011
6561 6563
6262 6264
6996 6998
5988 5992
6904 6906
4897 4902
4511 4514
4387 4391
7459 7463
6547 6548
6791 6793
6804 6807
7094 7097
5965 5966
5882 5885
5336 5337
5979 5982
6891 6895
7867 7868
6517 6520
6815 6817
7327 7329
6436 6437
4513 4516
5550 5551
6867 6870
7379 7382
4334 4336
7918 7920
5997 6000
4972 4977
4450 4452
4818 4820
5907 5909
6370 6372
6564 6567
4438 4440
6859 6861
5029 5030
4757 4759
4496 4499
7568 7571
6007 6008
7513 7516
4001 4002
4982 4985
5494 5497
3976 3980
5531 5534
7554 7556
7903 7905
6410 6411
4318 4320
5592 5594
5969 5972
7448 7450
4810 4815
7889 7892
5401 5403
4849 4854
4407 4410
7531 7534
6331 6335
6563 6565
6401 6402
5850 5853
6794 6796
4289 4293
7873 7877
3971 3974
5987 5988
4320 4322
4467 4469
6387 6389
7525 7529
5060 5061
5597 5598
5450 5453
5533 5537
4271 4275
3938 3941
5858 5861
6487 6488
7443 7444
3913 3917
4372 4375
5868 5871
4302 4304
5320 5324
5943 5948
6952 6956
5445 5447
6510 6514
4444 4449
7527 7530
6315 6319
7543 7547
6512 6514
7925 7928
3965 3966
5532 5533
4250 4252
7322 7324
6894 6895
3915 3918
5011 5014
6423 6426
7406 7407
6367 6368
4357 4360
6277 6280
5542 5544
3916 3917
5044 5045
5937 5941
6473 6475
4255 4259
4514 4516
7586 7588
6283 6285
6483 6485
3925 3930
4468 4470
7540 7542
6538 6541
7518 7522
5560 5562
4409 4411
4338 4339
5902 5903
7607 7608
4881 4882
6433 6434
5860 5865
7620 7622
6842 6845
4253 4256
5955 5956
5449 5452
6345 6348
6351 6352
5910 5911
3928 3930
5008 5013
3952 3955
5374 5377
5574 5575
4252 4254
4452 4454
6412 6413
6342 6346
6925 6928
7437 7440
4393 4395
6543 6546
6288 6290
4531 4533
6443 6445
5030 5033
5570 5574
7603 7605
5848 5852
4783 4788
7628 7631
6826 6829
5869 5871
7338 7341
4814 4815
5326 5327
6540 6543
5509 5514
6519 6524
6525 6528
4345 4346
7929 7930
4828 4833
5584 5588
7407 7410
5363 5367
7440 7444
5567 5569
4822 4823
5822 5824
7466 7467
6397 6398
7350 7354
6477 6481
3962 3966
4434 4435
5463 5466
6347 6350
5839 5843
7319 7322
7506 7507
3931 3933
4837 4842
7446 7451
5039 5040
6951 6952
6276 6277
4329 4330
5305 5307
4835 4839
6992 6995
4855 4856
5367 5368
5593 5596
4769 4770
4333 4334
7405 7406
5309 5311
6023 6024
6997 7000
7563 7568
5002 5003
5428 5433
6024 6025
7483 7487
5023 5024
6947 6949
3910 3911
5017 5022
4362 4364
4792 4793
5304 5305
6444 6449
5327 5330
5552 5556
5483 5485
6327 6329
4388 4392
4796 4797
5308 5309
6373 6374
7000 7004
7512 7516
7025 7028
3977 3978
4233 4234
6322 6323
4483 4485
5424 5425
3994 3995
5318 5320
6919 6921
6976 6977
4365 4366
6037 6038
6285 6286
7008 7012
4870 4873
6030 6033
5974 5975
6790 6793
6882 6886
7076 7077
7613 7614
4424 4425
7496 7497
7503 7507
6021 6024
4455 4457
4780 4781
5940 5941
4397 4400
4375 4377
5591 5593
6035 6037
6987 6989
7042 7046
5524 5526
7908 7911
6922 6925
4941 4943
5453 5455
5498 5500
7418 7420
5993 5994
7521 7526
7003 7007
7515 7519
4919 4920
7612 7614
3957 3958
4525 4526
7585 7589
4924 4929
6855 6856
5362 5364
4863 4865
5899 5904
7877 7878
7576 7578
7021 7025
7533 7537
5529 5531
4772 4774
6565 6567
5994 5996
7914 7916
3984 3986
7015 7016
6827 6829
3958 3960
4524 4526
5578 5581
5368 5370
7066 7070
7578 7582
5923 5927
5012 5015
6789 6794
7862 7865
7932 7934
4821 4822
5332 5336
7429 7431
7893 7894
6909 6912
4298 4302
7882 7886
5820 5823
5522 5526
7074 7078
6490 6492
7629 7633
7001 7003
6551 6554
4850 4853
5952 5955
7011 7013
5392 5393
4804 4809
4426 4428
5896 5898
4765 4770
4987 4990
5935 5936
6831 6832
5563 5568
4889 4893
4321 4323
4936 4939
6430 6434
6856 6859
7053 7055
7425 7428
4354 4355
5339 5343
4953 4956
6873 6876
5009 5010
6561 6562
6262 6265
6996 6999
5988 5993
6393 6398
6900 6904
6904 6907
5501 5503
4897 4901
4387 4390
6299 6302
7459 7462
6547 6551
6791 6792
5336 5338
4968 4969
5357 5361
4971 4974
6891 6894
7867 7871
6815 6816
7327 7328
6436 6438
7461 7463
4536 4537
4521 4523
5319 5322
5989 5993
4334 4337
7401 7406
7918 7921
7953 7955
5828 5829
5997 5999
7329 7334
4450 4453
4818 4821
5907 5908
6370 6373
4438 4441
6859 6860
4757 4758
3909 3911
4952 4953
5464 5465
6808 6809
7320 7321
6875 6878
4496 4500
6007 6011
7083 7088
4417 4419
3976 3981
6910 6912
7594 7595
5575 5580
7457 7460
4520 4521
7041 7046
7554 7557
7903 7904
4318 4321
5294 5296
5592 5595
5894 5898
7448 7451
4810 4812
5322 5324
6893 6896
5401 5402
4849 4853
7921 7925
6331 6334
6563 6564
7938 7942
6794 6797
5973 5975
4289 4292
7873 7876
3954 3955
4238 4239
5874 5875
4316 4320
7900 7904
4320 4323
4467 4468
6387 6388
7525 7528
5060 5062
3988 3992
4797 4800
5533 5536
4874 4878
4271 4274
6487 6491
7443 7447
3913 3916
4302 4305
5320 5325
5445 5446
6510 6515
6809 6811
6315 6318
7543 7546
6512 6515
5532 5534
4250 4253
7322 7325
6889 6891
6367 6371
5542 5545
6305 6307
3916 3918
5044 5046
5937 5940
6473 6474
4255 4258
4514 4517
7586 7589
6283 6284
6483 6484
4761 4764
7047 7049
7559 7561
3925 3929
4468 4471
5513 5517
7540 7543
7502 7504
6964 6968
7518 7523
5560 5563
4774 4778
4409 4410
5871 5874
5865 5868
7620 7623
4324 4325
7396 7397
5590 5594
4257 4260
5346 5347
3927 3930
5955 5959
6351 6355
3950 3952
3928 3931
5037 5040
3952 3956
4503 4505
5586 5588
4252 4255
4452 4455
6412 6414
4476 4477
6342 6347
5013 5015
5525 5527
6925 6927
7437 7439
4393 4394
3961 3963
6526 6527
4508 4512
6288 6291
4531 4532
6443 6444
7603 7604
5848 5853
5869 5870
5821 5823
6461 6464
5378 5380
4437 4440
4991 4993
5503 5505
5509 5513
3898 3902
5584 5589
7440 7445
4851 4854
5363 5366
5567 5568
3995 3997
4251 4253
5411 5413
5822 5825
7323 7325
7350 7355
5958 5962
6477 6480
5057 5061
5839 5842
3931 3932
3947 3949
4837 4841
6934 6936
7446 7448
4222 4226
5314 5315
5039 5043
6951 6955
5440 5441
6336 6337
6276 6278
7095 7100
5870 5874
5305 5306
3949 3954
4835 4838
4855 4859
6256 6258
5309 5310
3926 3930
4890 4892
7518 7519
3943 3945
5520 5521
3974 3975
5286 5288
6534 6538
6024 6026
6971 6974
7483 7486
5023 5027
6947 6948
5017 5021
5846 5848
4362 4365
5342 5346
6357 6359
4792 4794
5304 5306
6993 6998
5483 5484
6327 6328
4848 4849
5360 5361
7355 7357
7512 7517
4796 4798
5308 5310
4413 4415
7485 7487
4483 4484
5424 5426
6919 6920
6976 6978
5318 5321
7344 7346
7431 7432
6920 6921
7400 7401
7008 7013
5043 5046
7471 7473
6882 6887
7076 7078
5396 5397
4424 4426
7496 7498
4003 4008
4431 4434
6287 6290
7503 7506
4455 4456
4403 4405
4780 4782
5940 5942
7012 7016
7524 7528
4397 4399
3955 3960
5875 5880
7583 7586
4375 4376
5591 5592
6035 6036
6987 6988
7447 7448
5524 5527
4941 4942
5453 5454
5498 5501
7418 7421
7009 7013
7521 7525
7003 7006
7515 7518
4919 4923
5442 5444
4799 4801
5311 5313
6913 6915
7612 7615
7585 7588
4301 4305
5362 5365
6855 6859
4863 4864
5475 5477
7576 7579
7021 7024
5529 5530
7533 7536
6999 7001
7333 7337
4772 4775
6481 6483
6998 7000
7510 7512
6565 6566
5994 5997
7914 7917
5889 5892
3984 3987
7015 7019
6827 6828
7024 7025
3958 3961
4524 4527
5368 5371
6370 6371
7578 7583
5389 5394
5923 5926
6789 6793
7932 7935
5332 5337
7429 7430
5457 5460
6353 6356
6937 6939
5425 5430
7074 7079
6260 6261
6490 6493
5925 5927
7629 7632
7001 7002
4957 4962
5895 5898
5952 5956
7011 7012
5392 5394
4987 4992
6945 6947
5348 5352
4426 4429
5896 5899
6846 6850
4765 4769
5935 5939
6831 6835
4889 4892
5443 5445
4321 4322
6863 6865
4936 4940
6856 6860
6469 6471
7053 7054
5339 5342
6389 6392
6393 6397
6900 6905
6904 6908
3996 3997
5501 5502
4897 4900
7440 7442
4225 4230
6547 6550
5859 5861
6800 6801
5882 5883
6356 6357
5336 5339
4968 4970
5357 5360
7867 7870
7327 7331
6027 6029
6436 6439
7461 7462
4536 4538
4521 4522
6867 6872
5989 5992
7953 7954
7401 7405
7861 7865
5497 5502
5828 5830
5997 5998
6909 6911
6817 6821
7329 7333
6859 6863
3935 3937
5323 5328
4886 4887
5398 5399
7445 7448
3909 3910
4952 4954
5464 5466
6808 6810
7320 7322
6007 6010
4417 4418
6910 6913
4351 4356
6301 6303
4520 4522
7041 7045
7903 7907
5294 5297
6453 6458
4399 4404
4810 4813
4917 4919
5322 5325
6893 6895
4849 4852
7921 7924
5405 5409
6350 6351
7938 7943
5850 5851
5973 5974
5469 5472
5066 5070
5987 5990
6387 6391
5535 5537
5060 5063
3988 3993
5310 5312
5450 5451
7606 7607
4346 4350
3938 3939
5858 5859
6430 6431
5964 5968
6487 6490
7443 7446
5957 5960
6510 6512
6303 6308
6809 6810
7561 7563
7580 7583
6355 6357
4466 4470
5532 5535
5011 5016
6889 6890
4281 4283
6367 6370
6523 6525
6305 6306
3916 3919
5044 5047
6333 6335
4330 4334
6283 6287
6483 6487
7047 7048
7559 7560
3925 3928
5513 5516
6271 6273
7502 7505
6538 6539
7518 7520
5560 5564
4774 4779
6006 6010
7048 7049
7607 7610
5446 5447
4324 4326
6842 6843
5590 5595
6879 6884
7396 7398
4280 4281
7864 7865
4265 4267
5481 5483
5955 5958
6351 6354
6507 6509
3950 3953
7479 7481
3928 3932
6332 6333
5037 5039
6526 6530
3952 3957
6462 6463
7548 7552
4503 4504
5586 5589
7575 7576
6412 6415
4476 4478
6342 6344
5013 5014
5525 5526
6925 6926
7437 7438
3961 3962
6288 6292
4531 4535
7603 7607
5570 5572
5942 5943
6826 6827
5821 5822
7338 7339
7887 7892
3912 3913
4264 4265
5378 5381
4991 4992
5503 5504
5509 5512
4948 4949
6860 6861
3898 3903
5567 5571
3995 3996
4251 4252
5411 5412
7323 7324
7571 7573
5845 5850
4278 4280
7350 7352
5958 5963
6477 6479
3962 3964
5057 5060
6940 6944
3931 3935
3947 3948
4837 4840
4469 4473
5349 5352
6934 6937
7446 7449
4222 4227
5039 5042
6951 6954
5440 5442
6336 6338
7935 7937
6276 6279
5384 5385
3949 3953
5864 5865
7065 7067
4855 4858
5367 5370
6256 6259
4447 4452
4890 4893
7630 7634
7595 7597
6023 6026
3943 3944
5520 5522
5465 5469
5286 5289
7073 7075
6534 6539
4853 4855
6024 6027
5023 5026
5017 5020
4355 4357
5571 5573
5846 5849
5300 5304
6357 6358
4792 4795
5304 5307
6993 6997
5483 5487
6327 6331
4848 4850
5360 5362
7355 7356
4796 4799
4498 4502
5308 5311
4413 4414
7485 7486
5025 5028
5837 5841
6465 6470
6828 6832
4483 4487
5424 5427
6919 6923
6976 6979
7344 7347
7431 7435
6383 6385
5344 5345
6928 6929
6920 6922
7400 7402
5821 5826
7471 7472
4962 4964
6882 6884
7076 7079
6933 6938
5396 5398
4424 4427
7496 7499
5374 5375
4403 4404
4780 4783
5940 5943
7524 7529
4397 4398
7037 7039
7342 7343
4375 4379
5591 5595
6987 6991
7447 7451
7042 7044
7391 7393
6390 6391
6922 6923
7009 7012
7521 7524
6504 6505
4919 4922
5442 5445
4799 4800
5311 5312
6913 6914
4301 4304
6855 6858
5475 5476
5572 5573
5045 5047
5557 5559
7021 7023
7484 7485
7533 7535
5309 5313
6999 7000
6821 6824
6481 6482
6998 7001
6374 6375
7333 7336
7510 7513
6488 6489
5293 5298
7015 7018
7024 7026
5578 5579
5368 5372
7066 7068
7578 7580
4877 4881
5389 5393
5342 5343
4869 4872
6789 6792
4298 4300
7882 7884
6937 6938
5425 5429
7485 7490
5522 5524
7074 7076
6795 6797
6995 6997
6402 6406
6260 6262
5925 5926
7006 7010
7629 7631
4957 4961
4850 4851
5952 5957
7011 7015
5392 5395
6945 6946
5896 5900
6846 6851
4765 4768
7613 7616
5935 5938
6831 6834
5443 5444
6863 6864
6385 6387
4936 4941
6430 6432
6469 6470
6829 6833
6393 6396
3996 3998
5887 5892
4387 4392
4225 4229
6791 6794
5859 5860
6800 6802
6356 6358
4519 4524
5336 5340
4968 4971
5357 5359
6815 6818
7327 7330
6027 6028
4949 4953
4536 4539
4390 4394
6310 6314
3999 4001
5497 5501
5828 5831
7401 7404
7861 7864
6909 6910
6838 6842
6817 6820
7329 7332
4450 4451
4818 4819
5422 5423
4396 4400
3935 3936
5907 5910
4952 4955
4325 4327
5464 5467
6808 6811
7320 7323
7909 7911
6025 6027
6301 6302
7548 7549
4520 4523
6549 6551
7041 7044
7554 7555
7903 7906
7068 7072
5883 5885
6453 6457
5894 5896
4917 4918
6893 6894
5405 5408
6563 6566
4866 4868
6281 6284
4479 4481
7938 7940
7045 7049
6794 6795
5512 5513
4467 4470
5900 5904
6387 6390
5535 5536
5310 5313
6548 6549
4874 4876
7946 7948
5341 5346
5964 5969
5943 5945
6839 6841
6510 6513
6005 6007
7561 7562
4988 4992
6355 6356
4250 4251
4966 4967
7322 7323
4293 4295
6894 6898
4281 4282
6523 6524
5474 5478
5842 5846
6333 6334
5462 5466
4330 4335
4514 4515
6283 6286
6483 6486
7047 7051
7586 7587
6271 6272
4967 4969
7056 7057
6870 6873
7518 7521
5560 5565
4774 4776
6489 6494
5580 5581
5902 5906
6006 6011
7048 7050
7895 7897
4324 4327
7396 7399
5590 5592
4348 4349
7902 7906
4280 4282
7864 7866
4265 4266
5481 5482
7377 7382
7924 7927
6507 6508
7479 7480
4336 4337
7920 7921
3928 3933
6332 6334
5037 5038
6282 6286
4813 4818
7548 7553
7575 7579
7872 7874
4476 4479
6342 6345
4502 4506
6288 6293
4531 4534
4460 4464
6443 6446
5570 5573
7603 7606
4783 4785
7855 7857
4884 4885
7956 7957
4814 4818
5326 5330
3912 3914
4264 4266
4991 4995
5503 5507
6519 6521
7468 7470
3929 3933
7475 7477
7362 7366
4948 4950
6860 6862
7413 7418
3898 3900
5567 5570
3995 3999
5411 5415
7323 7327
7571 7572
4935 4937
5891 5893
4278 4281
5845 5849
7350 7353
5958 5960
6477 6478
6903 6908
3962 3965
3931 3934
3947 3951
3906 3908
4469 4472
4767 4769
7541 7544
5440 5443
6336 6339
7935 7936
4304 4305
5920 5921
5870 5872
7071 7076
4938 4940
3949 3952
5384 5386
5864 5866
7065 7066
4873 4875
5385 5387
6333 6338
6256 6260
3926 3928
3943 3947
5520 5523
5465 5468
6267 6269
7073 7074
6534 6536
6024 6028
4853 4854
6947 6950
4355 4356
5571 5572
4362 4363
5342 5344
7926 7927
4792 4796
6993 6996
5483 5486
4844 4848
6327 6330
4848 4851
5360 5363
4498 4503
6297 6302
6015 6020
5837 5840
5048 5049
6465 6469
6828 6833
4483 4486
6919 6922
6976 6980
7344 7348
7431 7434
6383 6384
5344 5346
6003 6005
6928 6930
4369 4371
7441 7443
7923 7925
5316 5317
6325 6327
6920 6923
7400 7403
5821 5825
7471 7475
4962 4965
6882 6885
6933 6937
5396 5399
5838 5840
4424 4428
4455 4458
4403 4407
7037 7038
5032 5033
4375 4378
5591 5594
6035 6038
6987 6990
7042 7045
7447 7450
7391 7392
5347 5349
5498 5499
6566 6568
7418 7419
6504 6506
4799 4803
5311 5315
5538 5540
6290 6292
4235 4237
4435 4437
4301 4303
5461 5463
5433 5435
5362 5363
4863 4866
7926 7928
5572 5574
7484 7486
5045 5046
5557 5558
7021 7022
7533 7534
5309 5312
6999 7003
5994 5995
6422 6423
7473 7475
7914 7915
6488 6490
5293 5297
6827 6830
6028 6032
7024 7027
5368 5373
7066 7069
7578 7581
4877 4880
5389 5392
5923 5928
5929 5931
4395 4397
5555 5557
7467 7469
7588 7592
4298 4301
7882 7885
5425 5428
7485 7489
5522 5525
7074 7077
6795 6796
6995 6996
5315 5317
6260 6263
6402 6407
6490 6491
6950 6951
4471 4476
7629 7630
4957 4960
7011 7014
5392 5396
6559 6561
4426 4427
5896 5901
6846 6848
7452 7453
5302 5306
6010 6014
6906 6910
4940 4944
5443 5447
6385 6386
6430 6433
6491 6493
7455 7460
4445 4447
6829 6832
4411 4416
3996 3999
3972 3973
4988 4989
4225 4228
7545 7547
6800 6803
6356 6359
5357 5358
7402 7406
6027 6031
4949 4952
4390 4395
7030 7034
7542 7546
3999 4000
5497 5500
7579 7581
6982 6983
4972 4973
4396 4401
3935 3939
5938 5942
6261 6266
4952 4956
4325 4326
5464 5468
5924 5928
6808 6812
7320 7324
7909 7910
6025 6026
6460 6464
5063 5065
5575 5577
6019 6021
7548 7550
4520 4524
6549 6550
7498 7502
7068 7073
5883 5884
6453 6456
5894 5897
5986 5990
4810 4811
5322 5323
6966 6967
7478 7479
4260 4261
7332 7333
7906 7910
5448 5449
6344 6345
7006 7007
4866 4869
7938 7941
4479 4480
7045 7048
6484 6485
4238 4242
5066 5068
5512 5514
3987 3989
4226 4230
5334 5336
6548 6550
7891 7894
4874 4877
7946 7949
4346 4348
5341 5345
7443 7448
5943 5944
6839 6840
6843 6845
6005 6006
5537 5541
6355 6359
4466 4468
6386 6388
7574 7575
6923 6925
6340 6344
4293 4294
6894 6899
6523 6527
5842 5847
7589 7591
4330 4332
7047 7050
7559 7562
6271 6275
4967 4968
7056 7058
4915 4917
5467 5472
6489 6493
4774 4777
4497 4499
7569 7571
5580 5582
5902 5907
6006 6008
7048 7051
7895 7896
5590 5593
5893 5898
4348 4350
6324 6328
7902 7907
4280 4283
7864 7867
5955 5960
7377 7381
7896 7897
5834 5838
6507 6511
7479 7483
4336 4338
7920 7922
6332 6335
6526 6528
3919 3924
6282 6287
4813 4817
5849 5851
4503 4506
5586 5587
7575 7578
7872 7875
4832 4833
7904 7905
6501 6506
5478 5480
4783 4784
7855 7856
6419 6421
3937 3939
5857 5859
4884 4886
7956 7958
5326 5331
3912 3915
4264 4267
4373 4375
6293 6295
5561 5563
5378 5379
6910 6911
4991 4994
5503 5506
7516 7520
6519 6520
7475 7476
3929 3932
7362 7367
7413 7417
4948 4951
4345 4350
6860 6863
3898 3901
7924 7928
7929 7934
3995 3998
4251 4254
5411 5414
7323 7326
4935 4936
5845 5848
5891 5892
5381 5385
5958 5961
7601 7603
3947 3950
3906 3909
4767 4768
4771 4773
4222 4225
5440 5444
6336 6340
7935 7939
4304 4306
5920 5922
7095 7097
5870 5873
4789 4794
3990 3992
5905 5907
4938 4941
3949 3951
4533 4535
5384 5387
5553 5556
5864 5867
4873 4874
5385 5386
6333 6337
3926 3929
7600 7601
4890 4891
7630 7632
6981 6983
3943 3946
6267 6268
6534 6537
6024 6029
4228 4232
5409 5412
5544 5545
4830 4831
4355 4359
7902 7903
7504 7505
5342 5345
4792 4797
4532 4533
6444 6445
6868 6869
6918 6922
7604 7605
5873 5877
5360 5364
7355 7358
4002 4004
4498 4500
5515 5517
6297 6301
5890 5894
5837 5839
5048 5050
6465 6468
6013 6017
6493 6497
7344 7349
5852 5856
5344 5347
6003 6004
4369 4370
6928 6931
7441 7442
5316 5318
6325 6326
5821 5824
7471 7474
6933 6936
5838 5841
4246 4250
4403 4406
6796 6800
6813 6815
5032 5034
4841 4843
7913 7915
5347 5348
5879 5881
6566 6569
4854 4856
6504 6507
7409 7412
5914 5918
4798 4799
5442 5443
4799 4802
5311 5314
5538 5541
6290 6293
4235 4236
4435 4436
4301 4302
5461 5462
5433 5434
7626 7630
5475 5478
5572 5575
4898 4902
6358 6359
7484 7487
4423 4428
5916 5917
6279 6284
6999 7002
5452 5456
5351 5353
7473 7474
7022 7024
6488 6491
5293 5296
5297 5301
7024 7028
4978 4982
4484 4485
4877 4879
5389 5391
5929 5930
4793 4795
6009 6011
7865 7867
4395 4396
5555 5556
7467 7468
5382 5384
6278 6280
6845 6847
4413 4416
7485 7488
6795 6799
5315 5316
6402 6404
3979 3984
7006 7008
5392 5397
6559 6560
6846 6849
7452 7454
5302 5307
6906 6911
4777 4779
5443 5446
6863 6866
6491 6492
7019 7021
4445 4446
6829 6831
7029 7031
6561 6566
6343 6345
4288 4289
6787 6789
7360 7361
6502 6503
3972 3974
4988 4990
6854 6856
6853 6855
7365 7367
7545 7546
5962 5966
5859 5862
4946 4950
5569 5571
6498 6502
6486 6490
6027 6030
6022 6023
4390 4392
5550 5552
6310 6312
4486 4490
7542 7547
7558 7562
7579 7580
4972 4974
6838 6840
6908 6909
7420 7421
6366 6370
5006 5007
3935 3938
5051 5053
6261 6265
5464 5469
7320 7325
4001 4005
5063 5064
5575 5576
6002 6004
4351 4353
6019 6020
7423 7425
7548 7551
7922 7924
4399 4401
6319 6321
5401 5406
4260 4262
7332 7334
6420 6421
7916 7917
5448 5450
6344 6346
5035 5037
6033 6035
6484 6486
5066 5069
5512 5515
6387 6392
5535 5538
3987 3988
4867 4869
7381 7385
5334 5337
6405 6410
6548 6551
4346 4349
7590 7594
5341 5344
5943 5947
6843 6844
4383 4385
6303 6305
5537 5540
6355 6358
4466 4469
6386 6389
6895 6897
6894 6896
7406 7408
6523 6526
5474 5476
5842 5844
4433 4435
7505 7507
4950 4952
5462 5464
7589 7590
4330 4333
5909 5911
6483 6488
6271 6274
5980 5984
4967 4971
7056 7059
4915 4916
7851 7852
6489 6492
4497 4498
7569 7570
5580 5583
5902 5904
6006 6009
7048 7052
6433 6437
6879 6881
5893 5897
4348 4351
6324 6329
4830 4832
4280 4284
7864 7868
7902 7904
7896 7898
4305 4308
7377 7380
6507 6510
7404 7408
7479 7482
4336 4339
7920 7923
4891 4893
5403 5405
6526 6529
7551 7556
6282 6284
4813 4816
5849 5850
7872 7876
4832 4834
4979 4981
5491 5493
6501 6505
5478 5481
4393 4398
4502 4504
7899 7904
7870 7874
4531 4536
5570 5571
7932 7936
4783 4787
7855 7859
6419 6420
5913 5916
3937 3938
5857 5858
4884 4887
7887 7889
6886 6887
4814 4816
5326 5328
4264 4268
4373 4374
6293 6294
5350 5354
5561 5562
6519 6523
4341 4344
7362 7364
4345 4349
7413 7416
7929 7933
6382 6383
7571 7574
5891 5895
5381 5384
4463 4465
6883 6885
7601 7602
3962 3963
4308 4309
4771 4772
4921 4923
5440 5445
6336 6341
7935 7938
4304 4307
5920 5923
7095 7096
5905 5906
4789 4793
3990 3993
5305 5310
5384 5388
3949 3950
4533 4534
5864 5868
7383 7388
6333 6336
4769 4773
4447 4449
7600 7602
6897 6899
6806 6807
7630 7633
6981 6982
6267 6271
4228 4233
7878 7879
4253 4255
5544 5546
6413 6416
4905 4907
5417 5419
4355 4358
5571 5574
7504 7506
7091 7093
4241 4243
4532 4534
6444 6446
6868 6870
6918 6923
7604 7606
5873 5876
7886 7887
4002 4005
4498 4501
5515 5516
6297 6300
5890 5895
3977 3981
5837 5838
5048 5051
6013 6016
6493 6496
4483 4488
6383 6386
5344 5348
6928 6932
6003 6007
7923 7927
5316 5319
6916 6920
7428 7432
4962 4963
6882 6883
7546 7550
4246 4251
4927 4932
7359 7364
4307 4309
7891 7893
7410 7414
6813 6814
5032 5035
4841 4842
7913 7914
7042 7043
7391 7394
5347 5351
5879 5880
5371 5373
4854 4857
6504 6508
5914 5919
4235 4239
4435 4439
4465 4467
7345 7347
7626 7631
5916 5918
5289 5291
5452 5457
5351 5352
7022 7025
6948 6952
4420 4421
7868 7869
5293 5295
5493 5495
5297 5300
4414 4415
7486 7487
5500 5504
4978 4983
4995 4997
5507 5509
6320 6321
4484 4486
6407 6409
4877 4878
5389 5390
7066 7067
4793 4794
6009 6010
7865 7866
5555 5559
7467 7471
5382 5385
5330 5334
4298 4299
6278 6281
7882 7883
6845 6846
5288 5289
6984 6985
5522 5523
6795 6798
5315 5319
6402 6405
6995 6998
7074 7075
6363 6365
7006 7009
5292 5293
7011 7016
6559 6563
7452 7455
5302 5304
6010 6012
6906 6908
4777 4778
4321 4326
4892 4896
7019 7020
6829 6830
7029 7030
5009 5013
6561 6565
6343 6344
4288 4290
5887 5889
4363 4368
7360 7362
3972 3975
4988 4991
6854 6857
6853 6854
7365 7366
5014 5018
7020 7024
4519 4521
5569 5570
6498 6503
6309 6314
6486 6491
4005 4007
6890 6892
7402 7404
7031 7033
4390 4393
5550 5553
6310 6313
7030 7032
4486 4491
7542 7544
5877 5879
7953 7958
3999 4002
7579 7583
5379 5381
4972 4975
6838 6841
6908 6910
7420 7422
6366 6371
4229 4231
5422 5426
7342 7346
6858 6862
5051 5052
5938 5940
6261 6264
5978 5980
4001 4004
7898 7900
4417 4422
7852 7856
5063 5067
5575 5579
6002 6005
4351 4352
6019 6023
7423 7424
6368 6369
7922 7925
3942 3944
7498 7500
7581 7586
5883 5886
4399 4400
5986 5988
6319 6320
7906 7908
5401 5405
4260 4263
4833 4835
5345 5347
6420 6422
7332 7335
7916 7918
5448 5451
6344 6347
6401 6404
5049 5051
4866 4867
7938 7939
4479 4482
5035 5036
6033 6034
6484 6487
4238 4240
5512 5516
6859 6862
4867 4868
4226 4228
7381 7384
6405 6409
4342 4343
4874 4875
7414 7415
7590 7595
7946 7947
7883 7884
6792 6793
5943 5946
6839 6842
6843 6847
4383 4384
6303 6304
4259 4261
7331 7333
6437 6439
5325 5328
7608 7609
5033 5035
5545 5547
6895 6896
6894 6897
6929 6931
7406 7409
5054 5058
5566 5570
5474 5477
5842 5845
4433 4434
7505 7506
4950 4953
5462 5465
4326 4327
5909 5910
4802 4804
4967 4970
7056 7060
4915 4919
7851 7855
5826 5828
4409 4413
5902 5905
4801 4803
5313 5315
6398 6400
4881 4884
6433 6436
6366 6367
7895 7898
6879 6880
5893 5896
3936 3937
4830 4833
7902 7905
4428 4429
5588 5589
5834 5836
7896 7899
4809 4811
5917 5922
7404 7409
4336 4340
7920 7924
4891 4892
5403 5404
4947 4949
7426 7430
6282 6285
4813 4815
7872 7877
6876 6880
4832 4835
4979 4980
5491 5492
6501 6504
4393 4397
4502 4505
3961 3966
6292 6296
7932 7937
4783 4786
7855 7858
7887 7888
4814 4817
4264 4269
5326 5329
5956 5960
5350 5355
6961 6963
6519 6522
7475 7478
7362 7365
4345 4348
7929 7932
3898 3899
4294 4295
5533 5535
6377 6379
4935 4938
5891 5894
4463 4464
6883 6884
6903 6905
7415 7417
7859 7861
4308 4310
4405 4407
7477 7479
3906 3907
4767 4770
4771 4775
6535 6537
3973 3975
5414 5418
6269 6272
4921 4922
4304 4308
5920 5924
7095 7099
4329 4332
4789 4792
5305 5309
4938 4939
7071 7073
7458 7462
7894 7898
4769 4772
4447 4448
7600 7603
6897 6898
6267 6270
5387 5389
4253 4254
5500 5501
5544 5547
6413 6415
6788 6789
4905 4906
5417 5418
5020 5024
7504 7507
7091 7092
4241 4242
4532 4535
6444 6447
6868 6871
6918 6920
7604 7607
5515 5519
5890 5892
3977 3980
4233 4236
6015 6017
5048 5052
5344 5349
6003 6006
7923 7926
7428 7433
7572 7573
5861 5865
4246 4248
3964 3968
6972 6976
4307 4308
7891 7892
3989 3993
7410 7415
5032 5036
5347 5350
5879 5883
5371 5372
5993 5996
3922 3926
6504 6509
4879 4884
5468 5469
6820 6821
5914 5916
5538 5539
4235 4238
4435 4438
6290 6291
4465 4466
7345 7346
7046 7047
7626 7628
6392 6393
4898 4900
4311 4313
4755 4757
5916 5919
4356 4357
5854 5858
5816 5818
5289 5290
4494 4495
7566 7567
5351 5355
5872 5873
6948 6953
4420 4422
7868 7870
6516 6520
5293 5294
5493 5494
4234 4238
5500 5505
4978 4980
4995 4996
5507 5508
6320 6322
4484 4487
6407 6408
6376 6377
4395 4398
5555 5558
7467 7470
6959 6961
5908 5909
5288 5290
6984 6986
7573 7577
5315 5318
6363 6364
4471 4473
5427 5429
7339 7341
7057 7059
5292 5294
6945 6950
6559 6562
5302 5305
6010 6013
6906 6909
4317 4320
5443 5448
4321 4325
7384 7385
6381 6386
6491 6494
5954 5956
5823 5825
6943 6945
7455 7457
5009 5012
6561 6564
7598 7599
5036 5040
5548 5552
6343 6347
4288 4291
6787 6791
5887 5888
7360 7363
5061 5064
5840 5841
5014 5019
5477 5479
5962 5964
6509 6512
7020 7025
4519 4520
4946 4948
6498 6500
6866 6868
6309 6313
6931 6933
6486 6488
4005 4006
5863 5868
6890 6893
4885 4887
7402 7405
7031 7032
7030 7033
4486 4488
7542 7545
3991 3996
5877 5878
7558 7560
7953 7957
7579 7582
5379 5380
4939 4944
6908 6911
6366 6368
7089 7091
7420 7423
4229 4230
5422 5427
6858 6863
6425 6427
5051 5055
5938 5941
5413 5418
3967 3972
5978 5981
7898 7901
4417 4421
5063 5066
5575 5578
6019 6022
4351 4355
7423 7427
6368 6370
6515 6517
3942 3945
5393 5395
7498 7501
6334 6338
7581 7585
4399 4403
5986 5989
6319 6323
7906 7909
5401 5404
4833 4834
5345 5346
6420 6423
6350 6352
7916 7919
5049 5050
5035 5039
4238 4241
5066 5067
5512 5517
7580 7581
3987 3990
4867 4871
4226 4229
6405 6408
4346 4347
7590 7592
5964 5965
7092 7093
6792 6794
6843 6846
6303 6307
4259 4260
5010 5012
7331 7332
6437 6438
5325 5327
7608 7610
5033 5034
5545 5546
6457 6459
4466 4467
6386 6387
7950 7951
6895 6899
3899 3901
6929 6930
4277 4281
6889 6893
5566 5571
6473 6476
4401 4403
4330 4331
7958 7959
7321 7323
7056 7061
4915 4918
7851 7854
5826 5829
4409 4412
4263 4265
4801 4802
5313 5314
6398 6401
5062 5066
6441 6443
6879 6883
3936 3938
7618 7622
4428 4430
5588 5590
5834 5837
3902 3906
5941 5943
7896 7900
4809 4810
5917 5921
5402 5406
4336 4341
7920 7925
4891 4895
4947 4948
3919 3921
4813 4814
5981 5984
6876 6881
4832 4836
4979 4983
5491 5495
4393 4396
3961 3965
7615 7617
6273 6275
7870 7872
5596 5597
4858 4862
7930 7934
6419 6422
7887 7891
6961 6962
6885 6890
5350 5352
5407 5412
5469 5471
6537 6539
3964 3965
4996 4997
5533 5534
6377 6378
7353 7355
6270 6271
4463 4467
6883 6887
6903 6904
7415 7416
7859 7860
4308 4311
4405 4406
7477 7478
5354 5358
4771 4774
6535 6536
3973 3974
5920 5925
7095 7098
7071 7072
5305 5308
7458 7463
7065 7070
4920 4921
5432 5433
6840 6841
7352 7353
7600 7604
4447 4451
6455 6457
6267 6272
6980 6981
7492 7493
4826 4830
3918 3919
5387 5388
6531 6533
7472 7473
5500 5502
6788 6790
6413 6414
4394 4398
5020 5025
7504 7508
6918 6921
4926 4928
4776 4777
4002 4003
4498 4499
5515 5518
5890 5893
6015 6016
6503 6505
5510 5511
6828 6829
7928 7929
5065 5067
5577 5579
7059 7061
4309 4314
7572 7574
4975 4980
7546 7548
5861 5864
5563 5565
4246 4249
3964 3969
6972 6977
4307 4311
7891 7895
5490 5492
3989 3992
6911 6913
7410 7412
7621 7625
5032 5037
6553 6555
5879 5882
5371 5375
3922 3927
5468 5470
6820 6822
5914 5917
6913 6917
5521 5523
5287 5292
7626 7629
5365 5367
6392 6394
4898 4901
4311 4312
4755 4756
4423 4425
5529 5532
6279 6281
4518 4519
4356 4358
7380 7384
5854 5859
5816 5819
7078 7082
6481 6485
5351 5354
5872 5874
4843 4848
4420 4423
4258 4262
6516 6521
7570 7574
7868 7871
4234 4239
6316 6320
5507 5511
4978 4981
6320 6323
5829 5832
5856 5857
6416 6417
4453 4458
6376 6378
4984 4985
5496 5497
6959 6960
5330 5332
4517 4521
6937 6941
4449 4451
6369 6371
5908 5910
7440 7443
5288 5291
5397 5399
6984 6987
6402 6403
6363 6367
4471 4472
5427 5428
7001 7004
7057 7058
5292 5295
7339 7340
6525 6527
6945 6949
4529 4531
5878 5882
4321 4324
7384 7386
6381 6385
7019 7022
5954 5957
5823 5824
6943 6944
7455 7456
3956 3957
4236 4237
6569 6571
5548 5553
6343 6346
4288 4292
6787 6790
5887 5891
7360 7364
5840 5842
4315 4320
5014 5016
5477 5478
7876 7877
5962 5965
6509 6511
4519 4523
4946 4949
6498 6501
6866 6869
6309 6312
4528 4529
6931 6932
6486 6489
7375 7377
4885 4886
5298 5300
4521 4524
4267 4272
4486 4489
7558 7561
7623 7628
6554 6556
7953 7956
6568 6569
5854 5855
7089 7090
6366 6369
5422 5424
7342 7344
4396 4397
4820 4821
5006 5010
5556 5557
6858 6860
7370 7372
6425 6426
7468 7469
7942 7946
7881 7883
5051 5054
5413 5417
4417 4420
4366 4367
6002 6003
4351 4354
6286 6287
7423 7426
7922 7923
6368 6371
6515 6516
5393 5394
6036 6040
6845 6848
7581 7584
4399 4402
6319 6322
6350 6353
7955 7956
5035 5038
7366 7367
7580 7582
4340 4341
5900 5901
4765 4767
4867 4870
7590 7593
5964 5966
7092 7094
4004 4008
6792 6795
4383 4386
5822 5823
6303 6306
4259 4263
5010 5013
6809 6812
7561 7565
4436 4440
5325 5326
7608 7611
6457 6458
4522 4526
6895 6898
3899 3900
4277 4280
6889 6892
7349 7352
4481 4483
5054 5056
5566 5568
4231 4236
6305 6308
5474 5475
5842 5843
6318 6319
4401 4402
7321 7322
4263 4264
6898 6902
5062 5067
6524 6525
6441 6442
5817 5819
6879 6882
6556 6560
3936 3939
4265 4269
4428 4431
5588 5591
4230 4232
5941 5942
7896 7901
7869 7871
5917 5920
4891 4894
5403 5406
3919 3920
6485 6488
7039 7041
7426 7428
7551 7553
6282 6283
5946 5950
4979 4982
5491 5494
7615 7616
3961 3964
6435 6437
6273 6274
7870 7873
5596 5598
4460 4461
7532 7533
5405 5407
4858 4863
7887 7890
5867 5869
6259 6261
6885 6889
5350 5353
5469 5470
6270 6274
6537 6538
4430 4431
7362 7363
5936 5937
6464 6465
6832 6833
3964 3966
4996 4998
7595 7596
4805 4807
5317 5319
6382 6386
7353 7354
3914 3918
4463 4466
6883 6886
6903 6907
5931 5936
4444 4445
6938 6940
6535 6539
6544 6545
5414 5416
7334 7336
7071 7075
4386 4388
7458 7460
4243 4245
6871 6873
7065 7069
7383 7385
4873 4878
7894 7896
4860 4861
5372 5373
7390 7394
4920 4922
5432 5434
6840 6842
7352 7354
4829 4833
3982 3983
4447 4450
6455 6456
4864 4865
5376 5377
6896 6897
7408 7409
6980 6982
7492 7494
5387 5391
6531 6532
7472 7474
5375 5377
5500 5503
6788 6791
7091 7094
4926 4929
4844 4845
7444 7445
4773 4775
5285 5287
4776 4778
6015 6019
6503 6504
6451 6453
3985 3987
6828 6830
7928 7930
5065 5066
5577 5578
6003 6008
7923 7928
4369 4374
7059 7060
5959 5961
4309 4313
7572 7575
7546 7549
5563 5564
7490 7492
4927 4929
5439 5441
6847 6849
7359 7361
6034 6038
6562 6566
4828 4829
5340 5341
6349 6353
4307 4310
5490 5493
7410 7413
6911 6912
6499 6501
4816 4817
5328 5329
7621 7624
5347 5352
6553 6554
5897 5899
5371 5374
3922 3924
7394 7396
5468 5471
6820 6823
5918 5922
6913 6916
4435 4440
3932 3936
5521 5522
5365 5366
6392 6395
4423 4424
6279 6280
7495 7496
4356 4359
5854 5856
7380 7385
5816 5820
6528 6529
6481 6484
7473 7478
5356 5360
5872 5875
4258 4263
6028 6029
6949 6951
4234 4236
4995 4998
5507 5510
6407 6410
5856 5858
5851 5856
4453 4457
6416 6418
6899 6901
7411 7413
6372 6376
6376 6379
4984 4986
5496 5498
4753 4758
4348 4352
5330 5333
4517 4520
6937 6940
4449 4450
6369 6370
5908 5911
4838 4839
7491 7493
5288 5292
5397 5398
6984 6988
7910 7911
6363 6366
4471 4475
7339 7343
6525 6526
6945 6948
5487 5489
4529 4530
7907 7909
6010 6011
4940 4941
5878 5883
6906 6907
6381 6384
7384 7387
6385 6389
6943 6947
7455 7459
3956 3958
4236 4238
6266 6268
6569 6570
5945 5947
4288 4293
5887 5890
5840 5843
7013 7016
5014 5017
7545 7550
7876 7878
6804 6808
5335 5340
6509 6510
4519 4522
6931 6935
4528 4530
5983 5985
7375 7376
4421 4425
7371 7376
6890 6891
7402 7403
7031 7034
5298 5301
4806 4807
6554 6557
6568 6570
5379 5382
5422 5425
7342 7345
4396 4398
4820 4822
5556 5558
6447 6452
6564 6568
6858 6861
6965 6967
7370 7373
7453 7457
7881 7882
5938 5939
5413 5416
5827 5829
6025 6029
4262 4263
5978 5979
7898 7899
7517 7520
4882 4886
4790 4791
6036 6041
6334 6336
6428 6429
7498 7499
7501 7505
4474 4478
5986 5987
6394 6398
7906 7907
4957 4959
4501 4506
4340 4342
5900 5902
6514 6518
4765 4766
6521 6523
4226 4227
7324 7328
4992 4993
5504 5505
5964 5967
7092 7095
4372 4376
4759 4764
6792 6796
5053 5055
6378 6382
4259 4262
7331 7334
7561 7564
4273 4275
5489 5491
7608 7612
4522 4527
3899 3903
4281 4284
6555 6557
4481 4482
5054 5057
5566 5569
6470 6471
7884 7887
5996 5997
7060 7061
4408 4409
6313 6315
7529 7531
3908 3909
4915 4920
7386 7390
5826 5827
7569 7574
4359 4361
4272 4273
7943 7945
5062 5064
6524 6526
5817 5818
6474 6478
7618 7620
4265 4268
5481 5484
4230 4233
5834 5835
3902 3904
6454 6455
7869 7870
5402 5404
4392 4393
5832 5833
6312 6313
4947 4950
3919 3923
7039 7040
7426 7429
6533 6536
7551 7552
5946 5951
7615 7619
6435 6436
5596 5599
3970 3974
4460 4462
7532 7534
5405 5406
4858 4860
7930 7932
3937 3942
5857 5862
5867 5868
6259 6260
6885 6888
7397 7400
6270 6275
5936 5938
6464 6466
3964 3967
4996 4999
6832 6834
4805 4806
5317 5318
6408 6409
6888 6889
4282 4286
6903 6906
7415 7418
7859 7862
4444 4446
7525 7526
6495 6500
6938 6941
7077 7079
4842 4844
5354 5356
4771 4776
6535 6538
6544 6546
4983 4985
5979 5984
5414 5417
7334 7337
6901 6903
4410 4412
5905 5910
7071 7074
4386 4389
7458 7461
4243 4244
6871 6872
7065 7068
6403 6405
4873 4877
7383 7384
7619 7621
4860 4862
5372 5374
7894 7897
4920 4923
5432 5435
6840 6843
4829 4832
6872 6873
7352 7355
7901 7904
4864 4866
5376 5378
6896 6898
7408 7410
6980 6983
7330 7334
7492 7495
4826 4828
7073 7076
7885 7889
5387 5390
4300 4304
6531 6535
7472 7475
5375 5376
7392 7393
5990 5992
4394 4396
3960 3961
7869 7874
7010 7012
4247 4249
5284 5287
4844 4846
7444 7446
4773 4774
4776 4779
7848 7851
5890 5891
6398 6399
6015 6018
6492 6496
6451 6452
3985 3986
6828 6831
7928 7931
4369 4373
7441 7445
7059 7063
5959 5960
4309 4312
7926 7929
5563 5567
7490 7493
4927 4928
5439 5440
6847 6848
7359 7360
4828 4830
5340 5342
6796 6797
5514 5516
6349 6352
6499 6500
4816 4818
5328 5330
7908 7912
7093 7095
7605 7607
5897 5898
7069 7073
7612 7616
3922 3925
7394 7397
4879 4881
7088 7089
5914 5915
7626 7627
4898 4899
4311 4314
4755 4758
4423 4427
6279 6283
6917 6920
7495 7499
5854 5857
7078 7080
5452 5453
6406 6410
7566 7570
7473 7477
5356 5361
5872 5876
4258 4260
7570 7572
6028 6030
6949 6950
4234 4237
4978 4979
7438 7439
5856 5859
4453 4456
6416 6419
5929 5933
6899 6900
6009 6014
6372 6377
5012 5016
6376 6380
4984 4987
5496 5499
4753 4757
4348 4353
6959 6962
7491 7492
4913 4915
6984 6989
5549 5553
4471 4474
5427 5430
7339 7342
4775 4777
5487 5488
7907 7908
4275 4277
4777 4782
4940 4942
5878 5880
6567 6572
5429 5431
6381 6383
7384 7388
6385 6388
5310 5311
5954 5955
5823 5826
6943 6946
7455 7458
7334 7335
4487 4489
3956 3959
4236 4239
6266 6269
4997 4999
6438 6442
6996 7000
5945 5946
5840 5844
7545 7549
7876 7879
5410 5414
5962 5963
6804 6809
7094 7095
5558 5562
4946 4947
5569 5574
5918 5919
6498 6499
6866 6867
4528 4531
5983 5984
6931 6934
4421 4424
5863 5865
7375 7379
7049 7051
3991 3993
5508 5509
6568 6571
6011 6013
7931 7933
4396 4399
4820 4823
5006 5008
5556 5559
6564 6569
6965 6966
7468 7471
7892 7895
7942 7944
7453 7456
3967 3969
5827 5828
6025 6028
4982 4983
5494 5495
6536 6537
4922 4926
6515 6518
7948 7952
7536 7537
4882 4887
6334 6337
6428 6430
6989 6992
7501 7504
4474 4479
7849 7851
7389 7394
6967 6969
4418 4422
4957 4958
6033 6038
7036 7040
4501 4505
4340 4343
5831 5833
5900 5903
6341 6343
4867 4872
6521 6522
4906 4910
4992 4994
5504 5506
5419 5424
5970 5974
4372 4377
6792 6797
5053 5054
6378 6383
5010 5011
4273 4274
5489 5490
7608 7613
4902 4904
7950 7954
4522 4524
4344 4345
7416 7417
3899 3902
6555 6556
5996 5998
7060 7062
5892 5893
6396 6397
4408 4410
6313 6314
5885 5889
7529 7530
5518 5519
4352 4353
7936 7937
3908 3910
4468 4472
7540 7544
3901 3903
7386 7391
7569 7573
4263 4266
4359 4360
4272 4274
6898 6900
7943 7944
5062 5065
6524 6527
7620 7624
6550 6554
4328 4329
6474 6479
7944 7945
7618 7621
4911 4913
3902 3905
4332 4333
7404 7405
5402 5405
4261 4263
4392 4394
5832 5834
6029 6032
6312 6314
3919 3922
7039 7043
7551 7555
5849 5853
7858 7862
7552 7553
5946 5948
5491 5496
4762 4766
7615 7618
6435 6439
5007 5009
3970 3975
4460 4463
5030 5031
6983 6985
7532 7535
7939 7941
4858 4861
7930 7933
4312 4313
3937 3941
5857 5861
5867 5871
6259 6263
3903 3905
4895 4897
5407 5409
5561 5565
6270 6272
4316 4317
7900 7901
4526 4527
5936 5939
6464 6467
6832 6835
6352 6353
6382 6384
5341 5343
3914 3916
6408 6410
6888 6890
4282 4287
6921 6923
3997 4002
5053 5058
7433 7435
4444 4447
4817 4819
6258 6262
7077 7078
4842 4845
5354 5357
6805 6807
6265 6267
6544 6547
4983 4984
4921 4926
6901 6902
4410 4413
5905 5909
4243 4247
6871 6875
7383 7387
6403 6404
4873 4876
5385 5388
4860 4863
5041 5043
5372 5375
7390 7392
5432 5436
6840 6844
5366 5370
6872 6874
4377 4379
6897 6902
7449 7451
6455 6458
6892 6896
4864 4867
5376 5379
6896 6899
7408 7411
5915 5917
4826 4829
7885 7888
4300 4305
6531 6534
5375 5379
7392 7394
5990 5993
5526 5528
7364 7365
4286 4290
4394 4397
3960 3962
7869 7873
4796 4800
5308 5312
7420 7424
7010 7013
4247 4248
4844 4847
4933 4938
7444 7447
7886 7888
7848 7852
6492 6497
6503 6506
6451 6455
6338 6340
4508 4509
4369 4372
7441 7444
7059 7062
5959 5963
4975 4977
6371 6373
4870 4871
6790 6791
6878 6879
7546 7547
4297 4299
7369 7371
5563 5566
4927 4931
6847 6851
7359 7363
6034 6036
6562 6564
4828 4831
5340 5343
6796 6798
5514 5517
6349 6351
7509 7511
4878 4879
5490 5491
6798 6799
6911 6914
6499 6503
4816 4819
5328 5331
4411 4413
4841 4845
7908 7913
5524 5528
7093 7094
7605 7606
7470 7471
7069 7072
5386 5390
4879 4880
4959 4961
5471 5473
7088 7090
5918 5920
5050 5054
4465 4470
5433 5436
5287 5289
4852 4853
5388 5389
4423 4426
6279 6282
7495 7498
7078 7081
6801 6803
5452 5454
4772 4776
7566 7571
5950 5954
7473 7476
5872 5877
6862 6863
7374 7375
4258 4261
7570 7573
4389 4392
4943 4945
7363 7365
6028 6031
7557 7562
3933 3936
4909 4914
7411 7415
5929 5932
4793 4797
6009 6013
4370 4374
7862 7863
7954 7958
4984 4988
4836 4837
4753 4756
5330 5331
5934 5935
6830 6831
7491 7495
4913 4914
6493 6495
5549 5552
4489 4491
4775 4776
6459 6464
6020 6021
7036 7037
4275 4276
4480 4481
4777 4781
4940 4943
5878 5881
5429 5430
6381 6382
7357 7359
7018 7022
7530 7534
4487 4488
4977 4979
6262 6263
4997 4998
6438 6443
6833 6835
6996 7001
5434 5438
7545 7548
4763 4765
5410 5415
7020 7021
5569 5573
4528 4532
7375 7378
5983 5987
5863 5864
4981 4986
4932 4933
5444 5445
6436 6440
6844 6845
7356 7357
7049 7050
7427 7429
4942 4943
5298 5299
3991 3992
7623 7625
5508 5510
6554 6555
6568 6572
3992 3993
6011 6012
7931 7932
5006 5009
7942 7945
4438 4439
6858 6859
7370 7371
4956 4957
6472 6473
5827 5831
3967 3968
4916 4917
7852 7853
4366 4370
6286 6290
6536 6538
4882 4884
5394 5396
6428 6431
7382 7384
5589 5591
4474 4476
6394 6396
6989 6991
7501 7503
7389 7393
6967 6968
6033 6037
5831 5832
4501 4504
6514 6516
7947 7952
5573 5577
5060 5064
6341 6342
4906 4911
4505 4507
7577 7579
4992 4995
5504 5507
5031 5033
5543 5545
5970 5975
4458 4460
6378 6380
7940 7942
6963 6965
7515 7520
4902 4905
5545 5550
6518 6520
5551 5556
6850 6854
4522 4525
4344 4346
7416 7418
7950 7955
6555 6559
4231 4233
5447 5449
5996 5999
7060 7063
5542 5543
5892 5894
6396 6398
5044 5048
7941 7946
4408 4411
6318 6322
5885 5888
4376 4377
4433 4437
6346 6350
4352 4354
7936 7938
3908 3911
4468 4473
3901 3902
5967 5972
4314 4316
4497 4500
7386 7388
7344 7345
7569 7572
5977 5979
4801 4806
4268 4272
4272 4275
6898 6901
7620 7625
7526 7528
3941 3943
4328 4330
6474 6476
7944 7946
4911 4912
7611 7616
5985 5987
7905 7907
4332 4334
7404 7406
4261 4262
4392 4395
5832 5835
6029 6031
6312 6315
6421 6423
7326 7330
7609 7611
7426 7427
7039 7042
7551 7554
5849 5852
5946 5949
4762 4767
6435 6438
5007 5008
3970 3972
6869 6872
6983 6984
7939 7940
7934 7936
7892 7893
4312 4314
3937 3940
5857 5860
6280 6281
5867 5870
6259 6262
3903 3904
4895 4896
5407 5408
5561 5564
6819 6821
6270 6273
4316 4318
7900 7902
4980 4981
4430 4434
3978 3980
6832 6836
6352 6354
6382 6385
6837 6842
6038 6040
5341 5342
3914 3917
4282 4284
6408 6411
6888 6891
6921 6922
3997 4001
5053 5057
5594 5598
7433 7434
7601 7604
4817 4818
6258 6263
6979 6981
7951 7953
6938 6939
6805 6806
6265 6266
6544 6548
4921 4925
5825 5827
5886 5888
6276 6280
4764 4765
4964 4965
5476 5477
4506 4508
5905 5908
7592 7593
4386 4387
4243 4246
6871 6874
7383 7386
6403 6407
7458 7459
5041 5042
7390 7393
6840 6845
6872 6875
3982 3986
4266 4268
4377 4378
6897 6901
7449 7450
5833 5835
3901 3906
4381 4386
4864 4868
7408 7412
5915 5916
7330 7332
7563 7565
3934 3938
7885 7887
4857 4859
5369 5371
5375 5378
6364 6368
7392 7395
5417 5421
5526 5529
7364 7366
3960 3963
4509 4512
7869 7872
4241 4245
5308 5313
4247 4251
4933 4937
7886 7889
7848 7853
6294 6298
6451 6454
6338 6341
5318 5319
4508 4510
5959 5962
4975 4976
6371 6372
6391 6393
6835 6837
7347 7349
6902 6904
4297 4298
7369 7370
6846 6847
4927 4930
5439 5442
6847 6850
6034 6037
6562 6565
7359 7362
6796 6799
5940 5944
6349 6350
7509 7510
6822 6826
7481 7482
6499 6502
4816 4820
4411 4412
4841 4844
5301 5304
7913 7916
5505 5507
5524 5529
6946 6950
4495 4500
6940 6941
4534 4538
6870 6874
5386 5391
7495 7497
3922 3923
4270 4271
7394 7395
7500 7504
4879 4883
4959 4960
5471 5472
7088 7091
7399 7401
7493 7496
5918 5921
6317 6320
5050 5055
4465 4469
7345 7349
5287 5288
5899 5901
4852 4854
5388 5390
6532 6533
7061 7063
7573 7575
7033 7035
6801 6802
5452 5455
4494 4496
6406 6408
7566 7568
4943 4944
7363 7364
7557 7561
3958 3959
4234 4235
4909 4913
6899 6902
7411 7414
4793 4796
6009 6012
7067 7069
7865 7868
4984 4989
4836 4838
5484 5485
4934 4938
7017 7019
7491 7494
6978 6982
4758 4760
5052 5053
6493 6494
5549 5551
4489 4490
4775 4779
4416 4417
4784 4785
7488 7489
6020 6022
7036 7038
7856 7857
4504 4505
5487 5490
7907 7910
4480 4482
4777 4780
6994 6998
7617 7619
7357 7358
4918 4922
7530 7535
4487 4491
4977 4978
6833 6834
6266 6267
6438 6440
7598 7600
5036 5037
5548 5549
5434 5439
4763 4764
5410 5412
4823 4825
5335 5337
5558 5560
7020 7022
4868 4869
5380 5381
5333 5335
5569 5572
4528 4533
5983 5986
7054 7055
5863 5867
7099 7101
4981 4985
4932 4934
5444 5446
6844 6846
7356 7358
3991 3995
7623 7624
5508 5511
5828 5832
3992 3994
7089 7094
6447 6449
5029 5034
4956 4958
6472 6474
5827 5830
3967 3971
7083 7085
4916 4918
7852 7854
4366 4371
6536 6539
4922 4924
4882 4885
5394 5397
3911 3913
7382 7385
5589 5590
4474 4477
6394 6397
6989 6990
7389 7392
5345 5349
6967 6971
4418 4420
6431 6433
4459 4464
3986 3990
7431 7433
6033 6036
4313 4315
7086 7087
5831 5835
6514 6517
5573 5576
4451 4453
7523 7525
4317 4319
4906 4908
4505 4506
7577 7578
5504 5508
5031 5032
5543 5544
5970 5972
4759 4761
5975 5977
4327 4332
4458 4461
6378 6381
7957 7959
6963 6964
4224 4225
5033 5037
5545 5549
6518 6521
7950 7952
4344 4347
7416 7419
6555 6558
4231 4232
5447 5448
7941 7945
5892 5895
6396 6399
5044 5049
4408 4412
6318 6323
4376 4378
4433 4436
7505 7508
4352 4355
7936 7939
6939 6941
7451 7453
4314 4317
7386 7389
5977 5978
4801 4805
7897 7898
7005 7010
4359 4362
7943 7946
5921 5923
6441 6446
6550 6552
7526 7529
4324 4328
3941 3942
4328 4331
6474 6477
7944 7947
7618 7619
5541 5544
4419 4421
5985 5986
7905 7906
4332 4335
7404 7407
5402 5403
6312 6316
6029 6030
6421 6422
7326 7331
7398 7402
7609 7610
7858 7860
7068 7069
4762 4764
6273 6278
7939 7943
3970 3973
6511 6513
4448 4449
7328 7329
4858 4859
7930 7931
4312 4315
6280 6282
6961 6965
4895 4899
5407 5411
6819 6820
4770 4772
4901 4905
4316 4319
6537 6542
4980 4982
7900 7903
5991 5996
3978 3981
3897 3899
6352 6355
4965 4968
6837 6841
6038 6041
7353 7358
6408 6412
4282 4285
5885 5887
6888 6892
3997 4000
5053 5056
6258 6260
4245 4248
6495 6497
6979 6980
7951 7952
4842 4843
5354 5355
6934 6935
7446 7447
4983 4986
4921 4924
5825 5826
5886 5889
4410 4411
4764 4766
4964 4966
5476 5478
4506 4509
6276 6281
6399 6404
7592 7594
6403 6406
7619 7622
5366 5368
3982 3987
4266 4269
6897 6900
5833 5834
3901 3905
4381 4385
4864 4869
5915 5919
7330 7333
7563 7564
4826 4827
3918 3920
3934 3939
5286 5287
4857 4858
5369 5370
6531 6536
7392 7396
4905 4908
5417 5420
4394 4395
4286 4288
5846 5847
4380 4381
7358 7360
7364 7367
4310 4314
4241 4244
5406 5407
7010 7011
4247 4250
7326 7327
4933 4936
6294 6299
6975 6980
5981 5983
7853 7856
4508 4511
5065 5070
7059 7064
4473 4475
6329 6331
4975 4979
6391 6392
6835 6836
5499 5501
7347 7348
6902 6905
7419 7421
5396 5400
3946 3950
6513 6515
5514 5515
5940 5945
6822 6827
4816 4821
4411 4415
4507 4509
5505 5506
6940 6942
3948 3949
4244 4245
4534 4539
6870 6875
5386 5388
5944 5945
6328 6329
4457 4459
7337 7339
7500 7505
4879 4882
5471 5475
7399 7400
6468 6469
6317 6319
6517 6519
5050 5052
4465 4468
7345 7348
5338 5342
5521 5526
5287 5291
5899 5900
4852 4855
5388 5391
6448 6449
6532 6534
7061 7062
7573 7574
7573 7576
4454 4458
7033 7034
5289 5292
4494 4497
5458 5462
5950 5952
6354 6358
6406 6409
6998 6999
7510 7511
7566 7569
5416 5417
7336 7337
3934 3935
4258 4259
5486 5487
4943 4947
7363 7367
7570 7571
4485 4488
7557 7560
4404 4405
6316 6317
7476 7477
7438 7442
5034 5036
4909 4912
5421 5424
7067 7068
4370 4372
7954 7956
4427 4429
4887 4889
4836 4839
5484 5486
6326 6328
7893 7898
7034 7036
7017 7018
6369 6374
6978 6983
4758 4761
5052 5054
5549 5550
7057 7061
4775 4778
4416 4418
4784 4786
7488 7490
6411 6416
7856 7858
6020 6023
7036 7039
7062 7066
4504 4506
4360 4361
4840 4841
7432 7433
5306 5310
7912 7913
4275 4278
4480 4483
6567 6569
7617 7618
4918 4923
7018 7020
7530 7532
4487 4490
7927 7928
3931 3936
5547 5549
6438 6441
7598 7601
5036 5038
5548 5550
7925 7927
5434 5436
4763 4767
5410 5413
4823 4824
5335 5336
5558 5561
4868 4870
5380 5382
7020 7023
5333 5334
4357 4359
6277 6279
7470 7474
5853 5856
4824 4825
6425 6428
5863 5866
7099 7100
4981 4984
4932 4935
5444 5447
6546 6550
6844 6847
5455 5460
7356 7359
3991 3994
5324 5328
7623 7627
5904 5905
3992 3995
6008 6009
7089 7093
6011 6014
7931 7934
6447 6448
5323 5325
5029 5033
4956 4959
4961 4963
5473 5475
7881 7886
6472 6475
3967 3970
7083 7084
4916 4919
7852 7855
4366 4368
6286 6288
4922 4925
6013 6015
5393 5397
3911 3912
4833 4836
5345 5348
5480 5481
6967 6970
4418 4421
6431 6432
5049 5052
7373 7376
4313 4314
5831 5834
4451 4452
7523 7524
4317 4318
6852 6853
4906 4909
7614 7618
5021 5025
7357 7361
5543 5547
5970 5973
4759 4760
5975 5976
3907 3909
5040 5041
7957 7958
4248 4249
5976 5977
7341 7346
6963 6967
4224 4226
5033 5036
5545 5548
6850 6852
6457 6461
4929 4931
4522 4523
5441 5443
3940 3941
6849 6851
7361 7363
7416 7420
6929 6932
4231 4235
5447 5451
7941 7944
5984 5985
4408 4413
6318 6320
6476 6477
4376 4379
4358 4362
5518 5522
6346 6348
7860 7861
4937 4939
6857 6859
4352 4356
7936 7940
6939 6940
7451 7452
7321 7325
6997 6999
4801 4804
5313 5316
7005 7009
5390 5391
6898 6899
5921 5922
6441 6445
6550 6553
4324 4329
4328 4332
5911 5916
7944 7948
4911 4914
4419 4420
4809 4812
6312 6317
5406 5408
7326 7328
7398 7403
7858 7861
5946 5947
6342 6343
7068 7070
5364 5365
4762 4765
5830 5834
7581 7583
6435 6440
6273 6277
5007 5010
6983 6986
7939 7942
6511 6512
4448 4450
7328 7330
4312 4316
6280 6283
5438 5442
6961 6964
3903 3906
4895 4898
5407 5410
6819 6823
4770 4773
4901 4904
4980 4983
6537 6541
4430 4432
4948 4952
4526 4530
6021 6023
3897 3898
5546 5550
7462 7466
6352 6356
6377 6380
6837 6840
7353 7357
4993 4995
3914 3915
4278 4279
6408 6413
5885 5886
6888 6893
7350 7351
5594 5596
6979 6983
6258 6261
7951 7955
6495 6496
5001 5003
5015 5017
7435 7437
4764 4767
4964 4967
5476 5479
4510 4514
7592 7595
4243 4248
5366 5369
3982 3984
7614 7616
3901 3904
4381 4384
5915 5918
7563 7567
6914 6916
6527 6529
3918 3921
3934 3936
6958 6959
4488 4489
7560 7561
7392 7397
4286 4289
7358 7361
4380 4382
5917 5919
7494 7498
3945 3947
6373 6377
4374 4376
6294 6296
5981 5982
7853 7855
5562 5564
3985 3990
5454 5455
6338 6339
7465 7468
5065 5069
6037 6041
7622 7624
4473 4474
6329 6330
4975 4978
6371 6374
6391 6395
6835 6839
7347 7351
5499 5500
7419 7420
7522 7526
7890 7894
5540 5541
6927 6932
7516 7517
4406 4410
3946 3951
7567 7569
6034 6035
6562 6563
6032 6033
6513 6514
5926 5928
6822 6824
6798 6802
7628 7629
4411 4414
4507 4508
6946 6948
6359 6361
6803 6805
6553 6557
6940 6943
3948 3950
4244 4246
4534 4536
6404 6405
5386 5389
6870 6872
5944 5946
6328 6330
4457 4458
7337 7338
4959 4962
5471 5474
7399 7403
5888 5889
6384 6385
6468 6470
6317 6318
6517 6518
5050 5053
4925 4927
5338 5343
5521 5525
6861 6866
5287 5290
5899 5903
6448 6450
6532 6535
5572 5576
6508 6512
5458 5463
5950 5953
6354 6359
5356 5357
6932 6933
6862 6866
5416 5418
7336 7338
7374 7378
4943 4946
7363 7366
4404 4406
6316 6318
7476 7478
4903 4908
5034 5037
4909 4911
5421 5423
4370 4373
7954 7957
4427 4428
4887 4888
5484 5487
6326 6329
4934 4936
7893 7897
7034 7037
5934 5938
4888 4889
6369 6373
7491 7496
6978 6980
5951 5953
6335 6337
5052 5055
5852 5853
7057 7060
7385 7387
7084 7088
7596 7600
4416 4419
4784 4787
7488 7491
7856 7859
4384 4385
7888 7889
7062 7067
4504 4507
7525 7527
4360 4362
4840 4842
6986 6988
7432 7434
4529 4533
7912 7914
4480 4484
6567 6568
6994 6996
7323 7328
3921 3923
4918 4920
5430 5432
5841 5843
7018 7021
6814 6818
7530 7533
5547 5548
5036 5039
5548 5551
5434 5437
6269 6271
7925 7926
4763 4766
4823 4827
5335 5339
7427 7428
4868 4871
5380 5383
4357 4358
6277 6278
7470 7475
4824 4826
7099 7103
6546 6551
7461 7466
4942 4946
7096 7097
7623 7626
5904 5906
6417 6419
3992 3996
3900 3901
4292 4293
6008 6010
7089 7092
5372 5376
6447 6451
5323 5324
5029 5032
4367 4369
4961 4962
4757 4761
5473 5474
5583 5585
6472 6476
7881 7885
5827 5832
7083 7087
4290 4292
4366 4369
6286 6289
7575 7577
6013 6014
5393 5396
7080 7081
4882 4883
5394 5395
3911 3915
4323 4325
5999 6001
7395 7397
4474 4475
5894 5895
6394 6395
4276 4277
5480 5482
5321 5323
3986 3988
7051 7053
5973 5978
6255 6260
4437 4439
7373 7375
6514 6515
4451 4455
5947 5949
6852 6854
7614 7619
5021 5024
7357 7360
5031 5034
5543 5546
4759 4763
3907 3908
5040 5042
6449 6451
4458 4459
6378 6379
4248 4250
5976 5978
7341 7345
4273 4278
6963 6966
4492 4496
4224 4227
6850 6853
6457 6460
4391 4393
4929 4930
5441 5442
5551 5553
6311 6313
3940 3942
6849 6850
7361 7362
5876 5877
7416 7421
4481 4485
4231 4234
5447 5450
5984 5986
6318 6321
6476 6478
4376 4380
5518 5523
6346 6349
7860 7862
4401 4404
4937 4938
6857 6858
7875 7877
6426 6430
6939 6943
7321 7324
4291 4293
5967 5969
4314 4315
4774 4775
7386 7387
6997 6998
7005 7008
6441 6444
5906 5910
5590 5591
6474 6475
7944 7949
7904 7906
4782 4783
7854 7855
6988 6992
5406 5409
7326 7329
7398 7400
7517 7519
5585 5587
7068 7071
5364 5366
5830 5835
7044 7045
7581 7582
6273 6276
3970 3971
4990 4991
6300 6304
6511 6515
4448 4451
7328 7331
6016 6017
4312 4317
6280 6284
7956 7960
4970 4974
5482 5486
6819 6822
6537 6540
4430 4433
4785 4787
3978 3979
4948 4953
6001 6003
6021 6022
7857 7859
7353 7356
4993 4994
4282 4283
5958 5959
5594 5597
6968 6969
7480 7481
6979 6982
7951 7954
6495 6499
4402 4406
5001 5002
4954 4958
5966 5967
6874 6878
5015 5016
7435 7436
4800 4801
4506 4507
4510 4515
7014 7018
5016 5017
6442 6446
3982 3985
3926 3927
4266 4267
6974 6976
5980 5981
6308 6309
4904 4905
4462 4463
7330 7331
7563 7566
6914 6917
6527 6528
4512 4513
3934 3937
6534 6535
4300 4301
5460 5461
4488 4490
7560 7562
7625 7627
4380 4383
6274 6278
6357 6362
4310 4312
5917 5918
7494 7499
3945 3946
6373 6376
4374 4377
6294 6297
7853 7854
5562 5565
3985 3989
7538 7540
5065 5068
5577 5580
6037 6040
7622 7625
7866 7870
6391 6394
6835 6838
7347 7350
7419 7423
7890 7895
5540 5542
7516 7518
3946 3948
6032 6034
6822 6825
4802 4806
6545 6547
4470 4472
6798 6803
6389 6391
7335 7340
4507 4511
6946 6949
6359 6360
6803 6804
6553 6556
4495 4497
5897 5901
3948 3951
4244 4247
4534 4537
6404 6406
6566 6567
5944 5947
4270 4274
6328 6331
4778 4782
5290 5294
7399 7402
5888 5890
3957 3960
6384 6386
6891 6896
6468 6471
4754 4758
5377 5379
6306 6310
4925 4926
5338 5340
5521 5524
6861 6865
4825 4827
4510 4511
5899 5902
7884 7888
6448 6451
7877 7880
6880 6881
5572 5577
4454 4456
4829 4831
5989 5991
5418 5420
7032 7033
7544 7545
7901 7903
5458 5460
6354 6356
4299 4301
4795 4800
6497 6499
6565 6569
5356 5358
6932 6934
7374 7379
5416 5419
7336 7339
7445 7447
5886 5887
5488 5489
4404 4407
6316 6319
7438 7440
7476 7479
4909 4910
5421 5422
7067 7070
4427 4431
4821 4824
7429 7433
4934 4937
7893 7896
5934 5939
4888 4890
4449 4452
3944 3945
4232 4233
6369 6372
6978 6981
5951 5952
6335 6336
5852 5854
6004 6005
6284 6285
6026 6028
7385 7386
7596 7601
4784 4788
7488 7492
4384 4386
7888 7890
7062 7064
4504 4508
4412 4413
4360 4363
4840 4843
5306 5308
4529 4532
6986 6989
7432 7435
7912 7915
4480 4485
6567 6571
6994 6997
4931 4933
3921 3922
4918 4921
5430 5433
5841 5842
5903 5905
4279 4284
5957 5959
7874 7876
7346 7348
6569 6572
6315 6320
3905 3907
6269 6270
5410 5411
4823 4826
5335 5338
4960 4961
6816 6817
7470 7472
4824 4827
7054 7058
7099 7102
6546 6548
4491 4493
7461 7465
4942 4947
5479 5484
3925 3927
7096 7098
6414 6415
5904 5907
6417 6418
3900 3902
4292 4294
6008 6011
6447 6450
5323 5327
4367 4368
5583 5584
4757 4760
7439 7440
7881 7884
7083 7086
4290 4293
4922 4923
6388 6389
7948 7949
7080 7082
3911 3914
4323 4324
5999 6000
7395 7396
4343 4345
4787 4789
5299 5301
7927 7929
4276 4278
7332 7336
5480 5483
5321 5322
4418 4419
6431 6434
7870 7871
3986 3989
7051 7052
5973 5977
6484 6488
4437 4438
5509 5511
7086 7090
7373 7374
4451 4454
7523 7526
5947 5948
6852 6855
4906 4907
5334 5335
4892 4893
6471 6476
4822 4826
6529 6531
5970 5971
6446 6447
4759 4762
5975 5978
6814 6815
3907 3911
5040 5043
5445 5448
4327 4329
6449 6450
5862 5864
4248 4251
4837 4839
5349 5351
5976 5979
4269 4272
7341 7344
4273 4277
5489 5493
4492 4497
4391 4392
5551 5552
6311 6312
3940 3943
7026 7030
5876 5878
5359 5364
7582 7586
4481 4484
4985 4987
6841 6843
5984 5987
6907 6909
6313 6317
6476 6479
4358 4360
5518 5520
7430 7432
7860 7863
6941 6944
6426 6431
6939 6942
7451 7454
4291 4292
5967 5968
6006 6007
6924 6928
5817 5820
5019 5021
4756 4757
3910 3914
7453 7455
4969 4971
6825 6827
4419 4422
5995 5997
7915 7917
7398 7401
4930 4934
7517 7518
4990 4994
4926 4927
6478 6479
7858 7859
5585 5586
5364 5367
4762 4763
5478 5479
5525 5529
5830 5832
6960 6961
7044 7046
6300 6305
6511 6514
4448 4452
6016 6018
7956 7961
5438 5440
4516 4517
5974 5978
5482 5487
4770 4771
5991 5993
4785 4786
6001 6002
7857 7858
4526 4528
7462 7464
5546 5548
6921 6926
6968 6970
7480 7482
6258 6259
6495 6498
5404 5408
4402 4407
6912 6913
7424 7425
4954 4959
5015 5019
7435 7439
4800 4802
6399 6401
3990 3991
4510 4512
7014 7019
5016 5018
5041 5046
5295 5297
6974 6977
7449 7454
5980 5982
6308 6310
6892 6893
6821 6823
7333 7335
4904 4906
4512 4514
6834 6838
4300 4302
5460 5462
4488 4491
7560 7563
7625 7626
5059 5061
6031 6033
6357 6361
4310 4313
6915 6917
4422 4424
4532 4536
6868 6872
4869 4871
6789 6791
7494 7496
6975 6977
7487 7489
4900 4901
5412 5413
6876 6877
7388 7389
3985 3988
5038 5039
7538 7541
6944 6945
7456 7457
5930 5932
7866 7871
6409 6411
5499 5502
7419 7422
7522 7524
7890 7892
5540 5543
5329 5331
4297 4302
4406 4408
7516 7519
3946 3949
6032 6035
6545 6546
4470 4473
4878 4880
6798 6800
5527 5532
6389 6390
4507 4510
4495 4496
7567 7568
5897 5900
6404 6407
4854 4855
5386 5387
6878 6880
5944 5948
4270 4275
6328 6332
5290 5295
6825 6829
5888 5891
6384 6387
5027 5029
5377 5378
5539 5541
6306 6311
5050 5051
5338 5341
6861 6864
4825 4826
4477 4482
7884 7889
6448 6452
6880 6882
7027 7029
7539 7541
4454 4457
5557 5562
4829 4830
5989 5990
5418 5421
7032 7034
7544 7546
7861 7863
6801 6806
6396 6400
5458 5461
6354 6357
4299 4300
5056 5057
5568 5569
5356 5359
6497 6498
6565 6568
6862 6864
6932 6935
5416 5420
7336 7340
7374 7376
7445 7446
5486 5490
7875 7876
5488 5490
7438 7441
5034 5035
4484 4488
5020 5021
5064 5065
4370 4371
4427 4430
4887 4890
5598 5599
7954 7955
7429 7432
7535 7537
3920 3921
4256 4257
5472 5473
5382 5383
5934 5936
6278 6279
6830 6832
7034 7035
4888 4891
3944 3946
4232 4234
7348 7349
4913 4917
3979 3981
5459 5461
4489 4494
5852 5855
6004 6006
6284 6286
6026 6029
6969 6971
7488 7493
4384 4387
4923 4925
5435 5437
7062 7065
4504 4509
4412 4414
4360 4364
4840 4844
5306 5309
7432 7436
7912 7916
6567 6570
4931 4932
5903 5904
6469 6473
7018 7019
6814 6816
7530 7531
5957 5958
5547 5550
7564 7568
7346 7349
5945 5948
3905 3906
5434 5435
6854 6855
7069 7071
5901 5904
6953 6955
7427 7430
7465 7467
4960 4962
6816 6818
4907 4909
5371 5376
6289 6291
7470 7473
4925 4929
5054 5055
5566 5567
6546 6549
4491 4492
7461 7464
4239 4241
5455 5457
6851 6853
4390 4391
4942 4944
6310 6311
3925 3926
7096 7099
4989 4992
3900 3903
4292 4295
6838 6839
5860 5861
6930 6934
4254 4255
6522 6526
5323 5326
4367 4371
3909 3912
3933 3935
6793 6795
5927 5928
6388 6390
6549 6554
7948 7950
7080 7083
7395 7399
4343 4344
4787 4788
5299 5300
4347 4349
4276 4279
7040 7041
5480 5484
6420 6424
6807 6812
7332 7337
7051 7055
5973 5976
6321 6323
7537 7539
5509 5510
7086 7091
4364 4368
5947 5951
6521 6524
6529 6530
7614 7617
4892 4894
4822 4827
7351 7353
3896 3897
3907 3910
4327 4328
4331 4333
5303 5305
5862 5865
7474 7478
5976 5980
4837 4838
5349 5350
4269 4271
4469 4471
4273 4276
5489 5492
6963 6968
7341 7343
7541 7543
4442 4446
6850 6851
4391 4395
5551 5555
4400 4401
7026 7031
5876 5879
7043 7045
7555 7557
4985 4986
6841 6842
6907 6908
6313 6316
7529 7532
7552 7554
4358 4361
4306 4310
4950 4951
5462 5463
5518 5521
6346 6347
7378 7382
7430 7433
6426 6428
5960 5961
6440 6441
7880 7881
4291 4295
5967 5971
7072 7073
7584 7585
3924 3925
4268 4269
5428 5429
3974 3978
5390 5394
7340 7341
6924 6929
7910 7913
5019 5020
5906 5908
5451 5453
5911 5913
6018 6022
4756 4758
5046 5048
3910 3915
7453 7454
4986 4988
4969 4970
6825 6826
5985 5990
7905 7910
5995 5996
7915 7916
4930 4935
4990 4995
6960 6962
5013 5016
5525 5528
5830 5833
7044 7047
4502 4503
6330 6334
6016 6019
5438 5441
4516 4518
4970 4972
5482 5484
6819 6824
5991 5992
4526 4529
4274 4278
7462 7465
5546 5549
6458 6460
6921 6925
5594 5595
6968 6971
7480 7483
5400 5401
4817 4821
5404 5409
4402 4404
6912 6914
7424 7426
6265 6269
4353 4355
4954 4956
6874 6876
5015 5018
6348 6352
7070 7071
4800 4803
7435 7438
6399 6400
7582 7583
4510 4513
7014 7016
5016 5019
6442 6444
5041 5045
5295 5296
5587 5589
6295 6297
7449 7453
5980 5983
6308 6311
5833 5838
6881 6883
6892 6894
6821 6822
7333 7334
4904 4907
7393 7395
7097 7099
6914 6915
6527 6530
4512 4515
4464 4465
4853 4857
4300 4303
5460 5463
4998 5000
6834 6839
7390 7391
7560 7564
5059 5060
6031 6032
6274 6276
6357 6360
6915 6916
4422 4425
7494 7497
5598 5600
4869 4870
6789 6790
6975 6976
6307 6309
7487 7488
5562 5563
4900 4902
5412 5414
6876 6878
5492 5493
7388 7390
7562 7564
7081 7083
7593 7595
4535 4537
6944 6946
7456 7458
4804 4805
5930 5933
4794 4796
6409 6410
7347 7352
7866 7868
7522 7525
7890 7893
6927 6929
5329 5330
4297 4301
4406 4409
7369 7373
7885 7886
