# i j
1482 1483
2685 2686
642 645
1503 1504
2821 2824
1829 1830
506 508
882 883
1131 1132
1717 1718
2334 2336
490 492
1960 1962
1710 1713
844 846
872 875
1214 1215
1858 1859
508 510
3780 3783
1974 1975
2813 2814
3546 3548
850 851
1822 1823
1811 1814
1600 1603
3163 3165
856 859
1368 1371
2953 2955
492 494
3564 3566
2472 2475
3178 3181
2945 2948
638 639
3807 3810
1612 1615
2797 2798
2467 2470
515 516
4 7
886 887
3654 3657
3077 3078
2440 2441
2689 2690
2332 2334
1705 1707
1847 1849
861 862
519 521
244 247
154 155
870 871
1619 1622
871 873
2960 2961
3422 3425
1966 1968
1128 1130
2459 2460
2084 2087
3300 3303
1494 1496
252 253
3433 3434
256 257
3069 3071
3776 3778
380 383
1989 1990
3759 3761
3308 3309
623 624
1963 1965
852 854
3565 3567
839 841
3436 3439
373 376
3445 3448
3804 3805
2579 2582
1840 1843
2792 2794
2825 2827
1957 1958
525 527
510 511
1369 1372
2100 2103
2805 2806
2307 2308
1819 1821
3177 3179
2435 2438
32 34
2832 2834
8 11
1986 1987
151 152
3651 3653
359 362
1129 1132
2941 2942
40 41
1495 1498
2946 2949
3295 3296
879 881
625 626
3450 3451
2092 2093
3273 3275
1467 1470
2194 2196
139 141
516 517
3413 3415
2576 2579
1476 1478
1461 1462
2925 2926
3437 3438
626 628
863 865
1822 1824
2928 2931
1833 1835
1015 1017
497 500
3650 3651
847 849
506 509
2463 2465
3766 3767
740 741
1838 1839
999 1001
2334 2337
622 624
3557 3559
490 493
1960 1963
384 385
844 847
853 856
508 511
881 883
3449 3452
876 877
3546 3549
3163 3164
1713 1716
2953 2954
846 847
1479 1481
492 495
3564 3567
2458 2459
501 504
1226 1227
860 861
1352 1353
1954 1955
1708 1709
2440 2442
2332 2335
250 252
1705 1706
2574 2575
1847 1848
519 520
520 521
871 872
2960 2962
1966 1969
1128 1131
1983 1986
1494 1497
252 254
256 258
3069 3070
3290 3292
3776 3779
494 496
3430 3432
2323 2325
3308 3310
2325 2327
1465 1467
2814 2815
1963 1964
852 855
3565 3566
155 158
839 840
3804 3806
884 885
1961 1963
1596 1597
2792 2795
2825 2826
525 526
868 869
1006 1007
147 150
3287 3290
1819 1820
2682 2684
3177 3178
32 35
2832 2835
3651 3652
1967 1969
1004 1005
40 42
879 880
2092 2094
2806 2808
3313 3316
3273 3274
974 975
1343 1346
2194 2197
139 140
516 518
3413 3414
637 640
1337 1338
1476 1479
988 989
626 629
863 864
3303 3305
1822 1825
2926 2928
635 638
2436 2437
1833 1834
2937 2939
642 643
1503 1506
1015 1016
1113 1116
398 400
2310 2312
847 848
1131 1134
2463 2464
3769 3772
740 742
999 1000
2923 2925
622 625
3557 3558
2691 2693
384 386
1700 1701
881 882
2342 2344
1611 1613
876 878
1473 1476
1479 1480
3178 3179
860 862
1012 1013
1352 1354
515 518
2679 2681
1708 1710
2440 2443
37 40
250 253
996 997
3310 3312
520 522
3409 3411
854 856
1366 1368
1813 1815
1 4
3073 3076
2960 2963
2459 2462
252 255
3281 3284
256 259
2681 2684
3290 3293
3801 3802
494 497
3430 3433
2454 2456
3805 3806
2323 2324
1817 1820
2575 2577
3308 3311
3791 3793
2325 2326
1465 1466
623 626
3762 3764
245 248
2101 2104
3317 3320
352 353
1972 1973
3804 3807
884 886
1961 1962
3065 3067
1596 1598
149 152
2801 2803
868 870
157 159
1002 1004
2317 2320
3561 3563
2307 2310
3790 3791
2682 2685
1599 1601
986 988
145 148
151 154
1967 1968
3795 3797
1004 1006
40 43
2946 2947
3295 3298
2092 2095
2806 2809
516 519
3665 3668
988 990
148 149
3303 3304
2926 2929
3772 3773
369 372
2436 2438
2937 2938
398 401
1985 1987
1854 1856
3414 3415
1118 1119
506 507
1325 1328
740 743
2938 2940
2923 2924
2691 2692
490 491
384 387
2471 2473
1700 1702
2922 2924
3434 3436
2342 2345
1953 1955
1611 1612
876 879
3546 3547
3163 3166
885 888
638 640
1123 1125
3549 3551
860 863
865 867
1012 1014
1352 1355
2305 2308
2679 2680
1708 1711
142 144
246 247
3318 3319
737 740
1847 1850
996 998
1606 1607
2341 2343
1229 1232
519 522
3310 3313
2833 2835
520 523
25 28
854 857
1366 1369
3409 3410
1813 1814
152 153
871 874
1345 1347
2302 2304
2337 2340
3764 3765
1217 1220
2454 2457
3567 3568
3759 3762
2575 2576
3791 3792
1963 1966
3762 3765
249 252
2105 2108
839 842
352 354
502 504
1972 1974
1009 1012
884 887
3065 3066
31 33
1596 1599
1982 1984
1605 1608
2801 2802
2680 2681
868 871
157 158
1002 1005
2317 2319
3561 3562
1819 1822
137 140
1118 1120
977 980
1599 1600
986 989
1821 1823
3651 3654
2198 2200
1358 1359
3795 3796
1004 1007
879 882
1013 1016
1372 1373
139 142
2194 2195
1702 1704
3657 3659
2578 2580
988 991
148 150
2308 2309
3649 3652
626 627
863 866
997 1000
1609 1612
2436 2439
1015 1018
1985 1986
1854 1857
1812 1813
847 850
375 377
1331 1333
2961 2963
1325 1327
2463 2466
2938 2941
999 1002
1855 1857
2465 2468
3289 3291
16 17
3429 3431
2471 2472
979 981
1700 1703
2922 2925
3434 3437
1953 1954
390 392
2589 2592
638 641
1976 1977
1479 1482
1123 1124
3549 3550
1487 1489
865 866
1012 1015
2096 2097
2329 2332
3558 3559
142 145
250 251
2955 2957
996 999
2341 2342
1229 1231
2833 2834
152 154
1345 1346
2302 2305
3764 3766
1845 1847
3290 3291
5 7
2345 2348
3774 3776
1500 1501
3162 3164
2323 2326
3302 3304
1373 1375
1489 1491
2948 2949
352 355
502 505
1972 1975
1981 1983
2 4
2441 2444
31 32
35 37
1982 1985
2085 2087
1336 1337
629 631
2680 2682
2317 2318
1112 1113
3779 3780
366 367
1118 1121
2438 2439
2682 2683
1364 1365
1481 1483
2963 2965
1821 1822
496 497
2198 2201
1967 1970
3314 3316
2815 2817
1372 1374
1702 1705
3657 3658
2578 2581
399 401
2457 2460
148 151
2470 2471
2308 2310
3303 3306
3781 3784
2320 2321
733 735
3658 3660
2936 2937
3448 3449
3805 3807
9 11
1362 1364
1812 1814
513 516
1331 1332
375 376
640 641
2961 2962
1325 1326
353 356
2923 2926
1855 1856
140 141
3289 3290
2691 2694
16 18
22 24
3429 3430
1973 1975
979 980
3279 3281
3648 3649
2473 2476
390 393
2593 2596
1608 1609
1611 1614
864 865
724 725
3796 3797
3274 3276
1109 1111
1976 1978
2190 2191
1487 1488
2096 2098
3785 3788
2679 2682
1703 1705
2955 2956
1229 1230
152 155
741 743
385 388
2811 2813
3764 3767
1845 1846
2943 2945
5 6
2339 2341
3774 3777
1500 1502
3162 3165
2575 2578
3791 3794
3302 3305
1373 1374
3762 3763
1489 1490
2948 2950
1221 1223
1342 1344
1981 1982
26 28
2 5
2448 2449
35 36
2085 2086
1336 1338
1979 1981
2800 2801
3312 3313
629 630
2680 2683
2581 2584
1002 1003
1112 1114
39 41
630 632
1364 1366
2106 2108
1481 1482
1599 1602
2963 2964
986 987
1958 1959
496 498
732 733
3795 3798
3314 3317
2815 2816
992 993
1126 1128
2313 2315
3298 3300
1372 1375
2817 2820
399 400
2308 2311
138 140
2103 2105
2320 2322
2803 2805
33 35
3315 3317
733 734
3658 3661
2936 2938
3448 3450
3765 3767
9 10
1362 1365
1472 1473
1812 1815
742 743
2469 2472
640 642
990 991
1502 1503
1838 1840
2938 2939
1363 1365
140 142
1849 1851
16 19
1125 1128
1339 1341
22 25
1973 1974
2471 2474
3279 3280
3648 3650
2922 2923
3434 3435
1608 1610
864 866
1971 1973
724 726
1014 1016
3274 3277
3796 3798
1470 1471
143 145
1359 1361
846 848
1109 1110
1976 1979
3421 3424
1123 1126
2096 2099
998 1000
1703 1704
2689 2692
2574 2576
3176 3177
2964 2965
3661 3664
741 742
2811 2812
3433 3436
2330 2332
2344 2345
3784 3785
2943 2944
2339 2340
1500 1503
14 15
2948 2951
1221 1222
1959 1961
1342 1345
26 29
2448 2450
31 34
1979 1980
2800 2802
3312 3314
730 732
2094 2095
3296 3297
1006 1008
1112 1115
2346 2348
39 40
1491 1493
2199 2201
1977 1979
2302 2303
3067 3069
368 369
630 633
1364 1367
2106 2109
990 992
1502 1504
3062 3063
496 499
27 29
732 734
992 994
1126 1129
625 628
2313 2314
3770 3772
3298 3301
974 976
2578 2579
3294 3295
1356 1357
138 141
2103 2104
357 360
2320 2323
33 34
2803 2804
3315 3316
3765 3766
2936 2939
3448 3451
1472 1474
375 378
1331 1334
640 643
41 43
1838 1841
1333 1335
1486 1487
1855 1858
1363 1364
391 393
140 143
2949 2951
1849 1850
1339 1340
1951 1953
979 982
2791 2793
3648 3651
2684 2685
1608 1611
2686 2687
864 867
1971 1972
724 727
1014 1017
3796 3799
1469 1471
143 144
1359 1360
2953 2956
846 849
2934 2935
3446 3447
1487 1490
998 1001
1468 1469
1604 1605
3783 3785
1705 1708
2574 2577
1601 1603
878 879
2955 2958
1964 1965
2474 2476
3176 3178
248 249
3320 3321
2964 2966
2300 2301
3661 3663
1119 1121
2802 2804
2330 2333
2344 2346
3784 3786
1850 1852
38 39
3162 3163
1959 1960
2571 2573
3787 3789
849 851
2 3
2448 2451
35 38
386 388
2825 2828
3294 3296
2800 2803
3312 3315
2331 2333
2676 2677
730 733
3789 3792
3296 3298
1006 1009
1988 1989
2346 2349
1491 1492
2199 2200
3790 3792
1977 1978
3067 3068
368 370
3177 3180
2102 2103
2963 2966
990 993
1502 1505
2822 2823
27 28
2466 2468
732 735
505 507
2815 2818
3314 3315
992 995
3770 3773
1981 1984
3273 3276
974 977
150 151
2804 2805
489 491
399 402
1356 1358
3278 3279
381 384
1833 1836
3658 3659
2788 2789
1362 1363
1472 1475
3545 3547
393 395
2940 2941
41 42
1333 1334
391 392
2949 2950
1951 1952
2924 2925
3279 3282
2791 2792
3307 3309
1348 1349
1978 1980
881 884
2684 2686
3274 3275
1469 1470
1704 1705
1837 1840
843 845
981 983
1493 1495
378 380
2298 2300
1468 1470
1604 1606
1703 1706
2453 2456
3783 3784
2582 2583
3560 3561
1601 1602
362 364
1964 1966
2474 2477
3176 3179
248 250
3320 3322
135 137
1351 1353
2964 2967
2300 2302
3661 3662
2328 2329
1602 1604
3418 3420
2802 2805
1119 1120
3173 3175
2811 2814
2344 2347
3784 3787
2943 2946
3801 3804
3078 3080
1850 1853
2339 2342
1465 1468
2932 2933
2571 2572
849 850
3787 3788
26 27
1961 1964
1857 1859
3428 3429
386 389
3294 3297
1979 1982
2331 2332
2676 2678
3068 3069
3789 3791
2809 2811
3321 3323
3296 3299
1988 1990
39 42
3058 3060
3790 3793
368 371
1222 1223
2106 2107
2466 2469
1358 1360
505 506
982 983
36 37
3298 3299
1965 1968
2827 2829
1110 1112
2804 2806
3659 3660
489 490
382 383
1356 1359
1365 1368
138 139
2103 2106
2803 2806
3315 3318
2937 2940
2788 2790
3545 3546
393 394
2940 2942
3760 3761
2456 2457
1363 1366
1339 1342
727 729
2583 2585
1462 1464
2924 2926
2958 2959
3307 3308
1348 1350
1978 1981
1341 1343
2684 2687
1971 1974
3060 3061
1704 1706
143 146
1359 1362
1837 1839
843 844
981 982
1493 1494
378 381
2298 2301
3069 3072
3293 3296
2098 2100
2335 2337
1468 1471
1604 1607
3556 3557
1477 1480
355 357
528 529
3427 3429
3560 3562
880 881
1964 1967
248 251
637 639
3320 3323
135 136
1351 1352
2300 2303
2328 2330
3409 3412
1602 1605
2589 2591
3418 3421
1485 1488
3173 3174
2330 2331
3078 3081
1127 1129
848 849
2932 2934
869 872
1959 1962
2197 2200
153 155
3065 3068
1857 1858
2580 2581
3428 3430
2801 2804
2676 2679
730 731
3068 3070
3789 3790
517 519
2809 2810
3321 3322
3561 3564
1988 1991
2346 2347
3798 3799
1491 1494
2199 2202
3058 3061
837 840
366 368
3067 3070
3554 3556
1121 1123
377 379
3451 3453
27 30
514 516
1358 1361
350 352
36 38
3770 3771
1848 1849
361 363
499 501
1965 1967
2827 2828
1110 1113
2804 2807
510 512
3166 3167
389 392
3555 3557
3788 3789
2788 2791
1985 1988
1008 1009
3760 3762
2940 2943
2456 2458
391 394
2475 2477
1951 1954
727 728
1615 1617
1462 1465
2924 2927
3285 3286
2309 2311
728 729
2584 2585
2791 2794
2933 2936
836 839
1348 1351
2686 2688
1341 1342
1953 1956
239 241
976 977
521 523
1227 1229
3060 3062
1704 1707
2190 2192
1837 1838
865 868
3432 3433
2098 2101
2335 2336
3556 3558
3654 3655
3277 3280
3783 3786
355 356
528 530
3427 3428
17 19
1340 1341
3560 3563
1614 1615
3647 3649
2200 2201
880 882
2474 2475
637 638
2833 2836
2328 2331
841 843
2589 2590
1485 1487
1345 1348
2802 2803
1119 1122
1469 1472
241 243
2097 2099
1850 1851
2828 2829
1127 1128
848 850
2932 2935
1117 1120
1498 1500
2571 2574
3787 3790
3653 3656
1115 1117
153 154
2580 2582
3428 3431
386 387
2331 2334
2818 2820
3068 3071
3166 3168
517 518
392 393
3767 3769
366 369
2326 2328
1466 1468
1854 1855
3554 3557
1121 1122
377 378
3451 3452
3061 3064
3420 3421
2466 2467
514 517
3803 3805
350 353
1830 1832
3064 3065
36 39
1848 1850
361 362
499 500
1965 1966
21 24
3657 3660
1711 1713
510 513
1701 1703
3555 3556
3788 3790
838 840
989 992
1008 1010
28 29
2961 2964
3417 3419
3760 3763
3567 3569
3792 3793
2456 2459
1334 1336
2475 2476
3289 3292
1615 1616
2309 2310
728 730
2584 2586
3307 3310
2686 2689
1978 1979
2956 2957
239 240
976 978
243 245
2321 2323
521 522
1227 1228
1603 1605
1984 1985
3060 3063
2190 2193
843 846
3299 3301
378 379
3432 3434
1225 1227
146 148
3556 3559
3277 3279
528 531
1851 1853
17 18
1340 1342
3071 3073
362 363
2200 2202
880 883
2343 2345
135 138
1351 1354
841 842
1602 1603
1982 1983
3075 3077
3418 3419
1485 1486
1494 1495
3548 3549
241 242
2097 2098
3421 3423
1618 1620
2828 2830
848 851
14 16
3761 3763
1489 1492
2083 2085
1498 1501
1115 1116
2675 2677
2677 2679
1990 1992
2580 2583
3160 3161
862 863
2818 2821
3166 3169
2094 2096
3412 3413
392 394
526 527
3058 3059
3767 3768
2326 2329
1466 1469
3442 3444
1481 1484
3420 3422
3803 3804
1843 1845
1830 1833
2449 2451
374 376
3064 3066
1848 1851
382 384
729 731
2827 2830
867 869
358 360
1711 1712
3415 3417
1701 1702
507 509
2688 2689
3788 3791
29 32
9 12
725 728
3797 3800
838 841
136 137
1008 1011
1699 1701
28 30
2188 2189
2954 2956
3417 3418
491 493
3563 3565
3792 3794
1334 1337
1486 1488
1598 1600
3656 3657
727 730
2583 2586
1360 1361
728 731
2584 2587
1706 1708
2450 2452
395 397
2956 2958
634 636
2318 2319
976 979
243 244
2321 2322
1603 1604
1984 1986
1841 1843
1831 1833
3299 3300
247 249
3432 3435
1225 1226
2098 2099
2335 2338
3774 3775
146 149
3277 3278
2437 2439
355 358
3427 3430
1851 1852
1340 1343
3161 3163
1349 1352
3071 3072
878 880
2790 2792
2200 2203
2789 2791
3301 3303
2343 2344
3553 3555
2939 2941
1341 1344
3075 3076
862 864
3548 3550
873 875
1011 1013
1980 1981
3421 3422
1618 1621
643 645
1216 1217
2828 2831
3430 3431
3782 3784
1127 1130
14 17
995 997
3761 3762
2083 2084
2675 2676
2816 2817
2677 2678
2303 2305
1990 1993
3160 3162
1327 1329
2087 2089
2796 2797
3272 3274
2094 2097
2678 2680
3412 3414
392 395
2819 2821
2821 2823
1823 1825
3292 3293
3554 3555
3442 3445
3174 3176
1834 1836
3451 3454
3426 3428
3794 3796
1361 1363
3420 3423
514 515
3070 3071
1843 1844
2449 2450
374 377
3064 3067
2313 2316
735 737
1969 1971
2806 2807
499 502
382 385
729 730
867 868
2931 2933
3443 3445
358 361
529 531
3415 3416
3278 3280
3555 3558
507 508
2688 2690
3172 3173
33 36
238 239
3439 3441
2310 2311
1836 1837
136 138
1699 1700
3411 3413
28 31
2188 2190
2954 2957
491 492
3563 3564
3792 3795
1597 1599
1486 1489
2475 2478
1849 1852
1598 1601
3656 3658
1001 1003
1615 1618
1360 1362
2193 2195
1706 1709
2450 2453
395 396
2956 2959
2342 2343
634 637
239 242
985 987
158 159
1227 1230
1984 1987
1841 1842
2477 2480
1831 1832
19 21
3159 3161
247 248
251 253
624 625
2944 2945
3441 3443
2437 2438
3161 3162
878 881
2790 2793
1860 1861
2789 2790
373 375
3301 3302
3445 3447
1342 1343
2947 2949
3553 3554
2939 2940
854 855
1366 1367
862 865
3291 3293
1332 1333
1962 1964
1815 1817
1355 1357
3548 3551
873 874
1011 1012
1980 1982
643 644
1216 1218
3782 3785
2454 2455
874 876
995 996
1498 1499
3544 3545
1115 1118
2816 2818
858 860
2303 2304
3160 3163
1327 1328
738 740
2087 2088
2785 2787
2796 2798
3297 3299
3272 3275
2818 2819
2678 2681
3412 3415
6 8
2950 2952
2819 2820
2821 2822
3767 3770
1823 1824
1977 1980
1466 1467
3292 3294
3174 3177
1834 1837
3426 3429
3794 3797
2831 2833
1361 1362
3803 3806
3778 3780
254 256
2204 2205
3566 3567
735 736
645 648
1969 1970
2086 2088
853 855
2784 2787
2931 2932
3443 3444
529 530
1711 1714
498 500
3057 3059
3278 3281
158 160
2688 2691
3172 3174
2089 2091
3305 3307
3439 3440
1836 1838
136 139
501 503
3411 3412
1829 1832
2188 2191
3567 3570
41 44
1717 1720
1597 1598
2185 2187
1483 1485
3170 3172
644 645
3656 3659
1001 1002
1360 1363
2193 2194
2958 2960
243 246
10 12
985 986
1603 1606
1814 1816
2477 2479
19 20
3159 3160
1478 1480
3299 3302
251 252
624 626
2944 2946
146 147
1120 1121
3077 3080
3441 3442
2476 2477
1851 1854
1826 1828
23 25
726 728
1601 1604
2446 2447
3071 3074
1860 1862
373 374
1853 1855
3445 3446
2343 2346
2930 2932
2947 2948
3167 3169
1323 1326
2572 2573
3075 3078
3291 3292
1332 1334
1962 1965
1810 1813
1355 1356
1815 1816
2959 2961
1816 1817
3775 3777
1980 1983
1618 1619
1216 1219
1989 1992
3293 3295
365 368
874 877
2083 2086
502 503
3544 3546
2675 2678
2816 2819
858 861
738 741
1957 1960
2796 2799
3297 3298
2805 2808
6 9
2950 2953
2460 2461
2202 2204
3284 3285
2962 2964
3292 3295
2830 2831
3442 3443
2831 2832
1329 1331
2198 2199
1843 1846
3778 3781
505 508
254 257
2204 2206
2086 2089
1607 1609
1702 1703
853 854
867 870
489 492
1461 1464
1114 1116
3415 3418
498 501
3057 3058
158 161
507 510
994 996
3283 3285
3172 3175
2089 2090
3305 3306
3545 3548
1836 1839
501 502
1699 1702
393 396
639 641
2954 2955
491 494
3563 3566
37 39
2314 2316
3435 3437
2185 2186
1483 1484
3170 3173
644 646
2958 2961
1706 1707
3164 3165
2586 2588
1832 1833
395 398
2450 2451
3431 3433
390 391
634 635
1228 1229
493 496
34 36
2834 2836
2327 2329
10 13
1814 1817
2477 2478
1831 1834
242 244
1478 1481
247 250
624 627
2944 2947
397 400
1120 1122
2476 2478
245 247
2101 2103
3317 3319
1826 1829
23 24
726 729
1614 1616
1860 1863
1853 1854
2930 2933
3167 3168
1488 1489
1610 1612
2939 2942
3282 3284
11 13
2572 2574
149 151
1332 1335
381 383
2959 2960
1816 1818
1011 1014
3775 3776
643 646
3271 3274
3293 3294
365 367
3302 3303
3416 3417
995 998
3544 3547
3660 3661
3076 3077
1857 1860
2303 2306
2461 2464
1327 1330
2087 2090
2809 2812
3321 3324
2460 2462
2202 2205
2819 2822
3284 3286
2962 2965
1834 1835
3426 3427
3794 3795
1329 1330
1117 1119
2455 2457
2204 2207
735 738
1607 1608
3413 3416
2931 2934
3443 3446
2203 2205
1114 1117
885 887
994 997
3283 3284
3439 3442
3411 3414
639 640
731 733
2338 2340
2195 2197
37 38
2314 2317
3435 3436
3557 3560
509 511
644 647
22 23
3164 3166
2586 2589
1832 1834
3431 3432
3447 3449
1228 1230
493 495
34 37
2834 2837
2327 2328
1350 1352
253 256
19 22
2590 2591
242 245
3159 3162
3280 3281
989 991
42 44
251 254
1846 1848
397 399
633 635
1120 1123
2683 2685
2476 2479
518 520
245 246
2101 2102
3317 3318
1597 1600
2690 2692
3551 3553
1614 1617
396 397
2947 2950
1488 1490
1610 1613
3282 3285
11 12
2572 2575
149 150
1605 1607
3291 3294
1218 1220
1962 1963
381 382
1355 1358
1815 1818
739 741
3175 3177
980 981
1816 1819
237 240
2093 2096
3309 3312
365 366
1949 1952
2325 2328
874 875
3416 3418
2201 2203
141 144
1835 1837
1324 1326
3660 3662
1013 1015
153 156
3779 3781
858 859
3076 3078
349 352
738 739
859 861
1371 1373
997 999
2460 2463
1617 1619
3169 3171
526 528
3074 3076
630 631
1121 1124
377 380
522 524
1613 1616
2831 2834
1117 1118
3778 3779
2455 2456
1856 1857
1126 1127
361 364
3438 3439
2808 2809
2203 2204
2451 2453
1974 1976
498 499
0 1
3072 3073
885 886
2590 2592
2573 2576
731 732
886 888
2338 2341
2195 2196
3663 3665
509 510
1483 1486
3170 3171
870 872
3275 3277
3164 3167
1832 1835
254 255
3447 3448
1228 1231
2318 2320
493 494
521 524
1350 1353
2673 2675
10 11
1014 1015
29 31
394 396
1003 1005
1463 1465
3280 3282
989 990
42 45
3662 3663
1859 1861
1846 1849
998 999
397 398
633 634
2683 2684
518 521
17 20
1826 1827
23 26
2690 2693
3551 3552
987 989
144 145
1499 1501
396 398
2930 2931
3167 3170
1488 1491
253 255
841 844
1813 1816
1605 1606
1218 1221
20 21
2959 2962
739 740
3175 3176
1715 1717
980 982
3758 3761
237 239
2093 2095
3309 3311
241 244
2097 2100
3775 3778
3165 3168
743 745
3416 3419
2201 2202
636 637
141 143
1835 1836
1324 1327
1013 1014
3660 3663
1853 1856
2333 2336
3076 3079
2826 2828
845 848
1357 1360
859 860
1371 1372
997 998
1617 1618
3169 3170
2202 2203
3781 3783
526 529
2962 2963
3074 3077
3766 3768
522 525
1613 1615
2304 2305
1856 1858
1839 1841
1607 1610
2808 2810
2451 2452
1987 1989
1974 1977
1114 1115
24 25
0 2
3072 3074
1828 1829
994 995
3283 3286
2336 2337
2590 2593
238 240
354 356
523 525
3793 3795
2573 2575
639 642
3417 3420
886 889
3663 3664
2314 2315
3435 3438
1955 1957
628 629
2104 2105
371 373
870 873
1852 1853
3275 3276
2586 2587
3431 3434
2318 2321
2321 2324
2088 2089
34 35
2327 2330
2834 2835
2673 2674
2927 2929
1353 1355
2187 2189
29 30
394 397
242 243
1003 1004
1463 1464
3280 3283
1859 1860
1225 1228
2674 2676
3423 3425
2829 2832
987 988
144 146
1499 1500
2347 2349
3063 3065
1230 1231
2341 2344
396 399
1471 1473
1610 1611
253 254
1497 1499
11 14
3282 3283
3559 3561
20 22
2581 2583
2942 2943
1715 1716
980 983
237 238
2093 2094
3309 3310
1213 1215
2929 2931
743 744
1212 1213
3761 3764
387 389
1328 1329
2823 2825
636 638
141 142
1956 1957
1616 1617
2464 2465
1844 1845
504 505
2826 2829
845 847
1357 1359
3781 3782
488 489
2469 2471
3766 3769
1613 1614
1501 1504
1330 1332
2304 2306
1370 1372
2449 2452
857 859
2462 2463
2455 2458
1856 1859
3566 3568
1125 1127
1839 1840
729 732
3440 3441
2808 2811
2203 2206
1987 1988
24 26
2585 2587
0 3
3072 3075
2587 2589
1828 1830
2336 2338
238 241
354 357
523 524
3793 3794
2573 2574
731 734
3777 3779
3646 3648
2338 2339
2195 2198
1955 1956
2443 2445
628 630
2104 2106
371 372
3429 3432
1852 1854
1010 1012
3447 3450
2088 2090
2793 2795
2927 2928
1841 1844
1353 1354
2187 2188
2951 2953
2685 2688
42 43
2674 2677
3423 3424
2683 2686
1490 1492
978 980
2829 2831
2690 2691
3551 3554
144 147
2347 2348
3063 3064
3161 3164
2446 2448
3553 3556
1471 1472
1497 1498
3559 3560
3059 3061
1218 1219
1344 1345
1712 1713
20 23
2581 2582
739 742
3175 3178
873 876
1845 1848
1213 1214
5 8
2929 2930
3078 3079
18 20
3659 3661
2820 2821
1211 1213
1212 1214
387 388
1328 1330
2823 2824
636 639
2462 2464
2824 2825
3304 3305
1835 1838
1956 1958
12 13
3779 3782
1616 1618
2464 2466
1844 1846
504 506
2085 2088
845 846
1357 1358
859 862
1371 1374
1346 1348
629 632
1215 1217
357 359
488 490
877 880
855 857
3414 3416
2469 2470
3074 3075
2830 2832
522 523
1361 1364
1330 1333
2304 2307
1370 1373
857 858
2577 2579
2583 2584
3566 3569
1125 1126
1969 1972
1598 1599
1347 1349
3440 3442
1110 1111
529 532
2451 2454
3424 3425
24 27
2585 2586
2587 2588
1698 1700
1828 1831
3066 3068
2336 2339
3777 3778
3646 3649
1130 1132
3663 3666
246 248
3318 3320
2443 2444
628 631
1606 1608
2104 2107
2941 2944
1001 1004
1973 1976
1852 1855
641 643
1462 1463
1214 1216
2193 2196
3275 3278
1010 1013
1709 1712
993 995
2088 2091
2793 2794
985 988
379 381
2299 2301
2672 2673
2951 2952
1109 1112
394 395
2952 2953
1003 1006
1463 1466
1132 1133
2196 2197
3768 3769
1859 1862
1335 1337
3441 3444
978 981
1490 1493
2829 2830
987 990
1499 1502
1474 1476
2446 2449
1005 1008
983 985
2322 2324
3059 3060
741 744
1344 1346
1712 1714
1715 1718
18 21
1475 1477
2820 2822
743 746
1211 1212
1212 1215
1328 1331
1221 1224
2462 2465
3171 3173
2824 2826
3304 3306
376 377
866 868
2786 2788
1956 1959
12 14
3425 3427
1616 1619
2464 2467
1844 1847
504 507
2826 2827
2785 2788
3297 3300
360 361
1346 1349
1215 1216
357 358
488 491
877 879
855 856
15 17
1968 1969
3414 3417
2830 2833
1480 1481
3786 3788
2577 2578
1839 1842
1347 1348
3440 3443
2297 2300
2095 2097
3316 3317
2461 2463
1987 1990
3424 3426
3057 3060
1698 1701
3066 3069
2089 2092
3305 3308
3765 3768
2945 2947
354 355
523 526
1326 1327
3558 3560
2315 2317
1130 1133
2453 2455
246 249
3318 3321
1955 1958
2185 2188
383 385
1606 1609
371 374
3647 3648
641 642
1214 1217
2452 2453
1709 1711
993 994
2927 2930
379 380
2299 2300
2672 2674
2187 2190
3168 3169
1484 1485
2952 2954
1016 1017
3799 3801
1132 1134
2196 2198
3768 3770
2674 2675
3423 3426
363 364
1335 1336
240 241
1000 1001
3080 3081
2347 2350
3063 3066
1474 1477
1005 1007
1471 1474
983 984
2322 2325
984 985
3559 3562
2942 2944
1369 1371
30 31
1344 1347
1712 1715
495 497
1824 1825
842 844
2438 2440
1475 1476
2820 2823
1129 1131
387 390
2823 2826
3171 3172
1220 1221
376 378
2824 2827
3304 3307
866 869
2786 2789
2319 2321
12 15
3425 3426
2470 2472
360 362
1365 1367
877 878
1213 1216
15 16
1968 1970
511 513
497 499
2326 2327
1949 1951
1480 1482
3786 3789
1329 1332
1330 1331
3 5
1219 1221
3655 3657
1370 1371
1830 1831
861 864
1710 1711
3438 3440
2095 2096
3316 3318
2461 2462
3449 3451
3424 3427
2587 2590
2687 2689
1713 1715
2945 2946
838 839
627 629
3558 3561
2315 2316
2453 2454
1477 1479
1333 1336
1334 1335
1224 1225
2443 2446
383 384
2949 2952
1952 1953
3276 3277
2452 2454
1010 1011
512 513
1709 1710
370 372
30 32
2672 2675
2445 2448
2951 2954
3168 3170
1707 1709
2099 2101
1484 1486
2952 2955
1016 1018
3799 3800
2447 2449
1132 1135
2196 2199
3662 3664
3768 3771
3800 3801
240 242
978 979
1490 1491
1950 1951
3311 3313
736 737
2592 2593
3808 3809
869 871
1000 1002
3080 3082
3410 3412
1367 1369
2197 2199
1005 1006
984 986
3059 3062
2942 2945
1369 1370
495 496
1975 1977
842 845
837 839
2438 2441
18 19
734 735
3659 3662
3806 3807
1958 1960
1211 1214
1129 1130
1220 1222
376 379
2319 2320
3313 3315
1990 1991
3562 3564
2470 2473
360 363
1346 1347
1215 1218
1365 1366
389 391
1820 1821
1113 1115
855 858
1968 1971
511 512
497 498
742 744
3165 3167
388 389
1480 1483
1949 1950
3769 3771
3 4
1219 1220
2306 2308
3655 3656
374 375
2333 2335
1347 1350
875 877
2795 2797
3438 3441
2933 2935
7 9
1223 1225
358 359
3079 3081
3316 3319
3449 3450
1473 1475
2468 2469
1698 1699
2687 2688
1713 1714
3066 3067
2812 2813
627 628
255 257
1130 1131
1950 1952
1477 1478
2324 2325
1224 1226
1952 1954
631 633
3276 3278
3647 3650
2452 2455
2301 2304
512 514
1 3
3073 3075
2588 2589
1966 1967
370 373
3552 3553
30 33
2090 2092
379 382
2299 2302
3281 3283
2445 2447
2681 2683
3168 3171
1707 1708
2099 2100
1484 1487
1016 1019
2447 2448
981 984
1493 1496
3662 3665
734 736
3806 3808
3800 3802
1817 1819
1335 1338
240 243
633 636
2444 2445
2186 2188
3311 3312
736 738
883 885
2592 2594
3808 3810
869 870
1000 1003
3080 3083
1474 1475
3410 3413
1367 1368
527 529
2790 2791
1230 1232
2197 2198
3653 3655
1714 1716
1124 1125
1948 1949
983 986
2322 2323
3550 3551
367 369
2787 2789
984 987
1975 1976
3173 3176
351 353
3782 3783
2189 2192
1475 1478
503 505
1958 1961
145 147
3062 3064
3061 3063
2201 2204
2191 2193
3171 3174
2591 2593
1220 1223
866 867
2786 2787
487 489
3313 3314
3419 3421
1111 1113
3665 3667
3808 3811
21 23
3562 3565
369 371
2678 2679
389 390
1617 1620
3169 3172
1827 1829
1820 1822
2570 2572
1113 1114
15 18
742 745
3165 3166
388 390
3174 3175
3769 3770
3786 3787
840 841
622 623
2306 2309
2333 2334
2810 2812
875 876
2795 2796
3771 3773
2933 2934
2095 2098
7 8
1223 1224
3079 3080
1473 1474
2468 2470
2794 2796
3306 3308
2935 2937
2934 2936
3446 3448
2812 2814
1496 1497
1842 1844
2305 2307
3802 3804
2315 2318
255 256
1007 1009
1950 1953
1501 1503
1354 1356
737 739
2324 2326
1224 1227
383 386
1952 1955
631 632
3276 3279
991 993
3550 3552
25 27
512 515
1 2
3073 3074
2588 2590
372 373
3444 3445
2442 2444
1464 1465
3552 3554
2337 2339
2090 2093
2673 2676
975 977
3281 3282
2445 2446
2681 2682
1217 1219
156 157
356 357
494 495
3799 3802
2192 2193
3547 3549
734 737
3806 3809
38 40
1492 1493
1716 1717
3800 3803
1817 1818
2444 2446
2186 2189
249 251
2105 2107
736 739
883 884
2592 2595
2301 2303
527 528
1009 1011
1230 1233
3653 3654
1714 1717
1124 1126
1948 1950
367 368
2787 2788
2091 2093
2807 2809
3319 3321
3763 3765
2439 2441
495 498
842 843
351 352
632 633
137 139
1122 1124
977 979
2102 2104
2189 2191
503 504
145 146
2822 2824
3062 3065
3061 3062
2191 2192
2591 2592
2319 2322
487 488
3419 3420
150 152
3652 3653
1111 1112
3665 3666
21 22
1970 1972
3649 3651
3070 3072
1818 1820
2926 2927
517 520
369 370
6 7
2950 2951
1482 1484
1609 1611
1827 1828
1820 1823
2570 2573
725 727
3797 3799
398 399
511 514
882 884
388 391
2311 2312
500 501
524 525
840 842
13 16
2957 2960
3 6
1219 1222
3655 3658
2465 2467
2086 2087
2810 2813
3288 3289
3771 3772
1858 1860
2340 2341
1811 1813
2468 2471
2794 2797
3306 3309
2687 2690
2935 2936
2934 2937
3446 3449
3807 3809
2812 2815
1496 1498
3793 3796
2329 2331
627 630
1842 1845
2467 2469
2305 2306
3802 3805
1007 1008
2582 2584
1501 1502
1354 1357
737 738
2324 2327
1349 1351
154 156
2798 2799
3310 3311
991 992
2309 2312
3550 3553
25 26
1619 1621
2588 2591
372 374
3444 3446
2442 2445
1464 1466
370 371
3552 3555
2337 2338
157 160
975 976
1353 1356
1814 1815
1707 1710
2099 2102
1217 1218
156 158
356 358
1478 1479
2316 2317
2345 2347
2447 2450
2192 2194
3547 3548
38 41
1492 1494
1716 1718
2444 2447
249 250
2105 2106
3311 3314
726 727
2301 2302
3410 3411
1367 1370
1009 1010
2441 2443
2579 2581
1124 1127
1948 1951
2091 2092
2807 2808
1497 1500
3319 3320
3763 3764
2439 2440
1975 1978
632 634
2929 2932
137 138
1122 1125
2435 2437
977 978
2102 2105
1222 1224
2189 2190
1986 1988
2822 2825
1116 1117
359 361
3664 3665
1495 1497
982 984
3450 3452
1467 1469
150 153
3652 3654
3562 3563
2457 2459
1970 1973
3649 3650
3070 3073
1818 1821
1482 1485
1609 1610
725 726
3797 3798
2813 2816
3549 3552
3650 3652
513 515
882 885
353 355
500 502
524 526
840 843
13 15
2957 2959
2306 2307
857 860
2465 2466
3288 3290
872 873
875 878
2795 2798
1858 1861
2340 2342
2473 2475
7 10
1223 1226
3079 3082
2593 2595
3780 3781
1701 1704
1600 1601
2585 2588
856 857
1368 1369
2814 2816
2458 2460
2472 2473
3807 3808
1326 1328
1612 1613
1496 1499
1226 1228
2329 2330
3785 3787
2467 2468
1954 1956
4 5
3777 3780
142 143
255 258
2582 2585
1349 1350
631 634
244 245
154 157
1619 1620
372 375
3444 3447
1464 1467
1983 1985
2793 2796
385 387
2090 2091
1470 1472
2084 2085
3300 3301
156 159
356 359
2316 2318
380 381
2345 2346
2192 2195
1492 1495
1716 1719
1821 1824
2186 2187
883 886
155 157
3436 3437
527 530
2441 2442
1714 1715
2579 2580
1840 1841
367 370
2787 2790
3422 3423
2100 2101
147 149
3287 3289
3798 3800
351 354
632 635
2435 2436
1222 1225
8 9
503 506
1986 1989
1116 1118
2191 2194
359 360
3664 3666
2591 2594
1495 1496
982 985
3450 3453
645 647
487 490
3419 3422
1467 1468
2677 2680
1343 1345
2817 2819
3652 3655
1111 1114
2576 2577
2925 2928
2457 2458
3437 3440
635 637
2928 2929
2685 2687
1827 1830
642 644
1503 1505
2570 2571
3801 3803
3650 3653
513 514
1829 1831
1131 1133
1717 1719
3646 3647
353 354
500 503
524 527
13 14
2957 2958
2577 2580
1960 1961
1710 1712
844 845
2810 2811
3288 3291
872 874
2340 2343
508 509
2473 2474
2593 2594
3780 3782
2813 2815
1600 1602
2794 2795
3306 3307
856 858
1368 1370
2935 2938
2814 2817
492 493
3564 3565
2458 2461
2472 2474
3178 3180
1326 1329
1612 1614
1226 1229
2797 2799
3785 3786
1842 1843
1954 1957
515 517
4 6
3654 3656
3802 3803
3077 3079
1373 1376
1007 1010
2689 2691
1354 1355
2332 2333
2334 2335
861 863
244 246
641 644
991 994
2442 2443
3422 3424
993 996
1128 1129
1983 1984
2459 2461
385 386
1470 1473
1350 1351
2084 2086
3300 3302
3433 3435
975 978
3776 3777
2316 2319
380 382
1989 1991
3547 3550
1846 1847
2437 2440
623 625
518 519
852 853
3565 3568
155 156
3436 3438
2789 2792
3301 3304
1840 1842
2792 2793
2091 2094
2807 2810
3319 3322
3763 3766
1957 1959
525 528
2439 2442
2100 2102
2805 2807
147 148
2307 2309
3287 3288
3798 3801
509 512
733 736
3805 3808
1122 1123
32 33
2832 2833
8 10
151 153
1116 1119
3664 3667
2941 2943
2946 2948
3295 3297
625 627
645 646
3425 3428
1343 1344
2817 2818
2576 2578
1476 1477
1461 1463
2925 2927
3437 3439
1970 1971
1818 1819
635 636
2928 2930
