#! FIELDS time restraint.bias
 0.000000 9210.228068
 5.000000 9011.228366
 10.000000 8806.317635
 15.000000 8597.531802
 20.000000 8380.831919
 25.000000 8168.010083
 30.000000 7962.058656
 35.000000 7756.229143
 40.000000 7562.378247
 45.000000 7371.073026
 50.000000 7176.779560
 55.000000 6979.929465
 60.000000 6786.898087
 65.000000 6597.383992
 70.000000 6420.506657
 75.000000 6246.558893
 80.000000 6072.913689
 85.000000 5900.427890
 90.000000 5740.797267
 95.000000 5579.758874
 100.000000 5418.456320
 105.000000 5256.620165
 110.000000 5105.226995
 115.000000 4955.905143
 120.000000 4808.142364
 125.000000 4660.859270
 130.000000 4518.261740
 135.000000 4387.823066
 140.000000 4254.282579
 145.000000 4125.421388
 150.000000 4001.068424
 155.000000 3875.444392
 160.000000 3753.004404
 165.000000 3632.076968
 170.000000 3516.661181
 175.000000 3405.732579
 180.000000 3299.278592
 185.000000 3189.578294
 190.000000 3083.031865
 195.000000 2983.015204
 200.000000 2889.326307
 205.000000 2793.602893
 210.000000 2699.532769
 215.000000 2608.117924
 220.000000 2521.939305
 225.000000 2435.647069
 230.000000 2354.935784
 235.000000 2278.572081
 240.000000 2195.524846
 245.000000 2114.603594
 250.000000 2041.126118
 255.000000 1971.293873
 260.000000 1898.429342
 265.000000 1832.147333
 270.000000 1764.587916
 275.000000 1698.049437
 280.000000 1631.491543
 285.000000 1569.160552
 290.000000 1508.208137
 295.000000 1454.838798
 300.000000 1399.992570
 305.000000 1346.889225
 310.000000 1295.481219
 315.000000 1244.331791
 320.000000 1195.326612
 325.000000 1146.689796
 330.000000 1097.385163
 335.000000 1056.264691
 340.000000 1016.067781
 345.000000 972.873924
 350.000000 930.048312
 355.000000 890.113464
 360.000000 852.246796
 365.000000 814.258597
 370.000000 780.996789
 375.000000 747.111815
 380.000000 712.402680
 385.000000 681.757870
 390.000000 654.837767
 395.000000 630.701040
 400.000000 607.781591
 405.000000 583.431566
 410.000000 556.124836
 415.000000 529.477517
 420.000000 505.923856
 425.000000 483.737691
 430.000000 460.094339
 435.000000 438.722056
 440.000000 418.071154
 445.000000 398.533650
 450.000000 378.883158
 455.000000 360.826416
 460.000000 341.800178
 465.000000 323.715382
 470.000000 306.862467
 475.000000 290.958519
 480.000000 274.310387
 485.000000 261.082567
 490.000000 248.949542
 495.000000 235.713351
 500.000000 222.957547
 505.000000 213.091878
 510.000000 201.294291
 515.000000 191.767078
 520.000000 181.901945
 525.000000 173.407630
 530.000000 164.948090
 535.000000 156.807609
 540.000000 148.141984
 545.000000 140.589495
 550.000000 133.893937
 555.000000 128.388803
 560.000000 123.548653
 565.000000 118.813279
 570.000000 112.628342
 575.000000 107.799479
 580.000000 103.454933
 585.000000 99.144765
 590.000000 94.403104
 595.000000 90.710669
 600.000000 87.926820
 605.000000 84.134410
 610.000000 80.584155
 615.000000 76.092522
 620.000000 72.572401
 625.000000 68.782989
 630.000000 65.738700
 635.000000 63.200438
 640.000000 62.047736
 645.000000 60.713416
 650.000000 59.757089
 655.000000 58.715177
 660.000000 57.342051
 665.000000 55.188412
 670.000000 52.303073
 675.000000 49.768728
 680.000000 46.093323
 685.000000 43.211649
 690.000000 40.309834
 695.000000 37.915253
 700.000000 35.540279
 705.000000 34.190939
 710.000000 33.010449
 715.000000 31.549990
 720.000000 30.142534
 725.000000 28.658038
 730.000000 27.253081
 735.000000 26.076753
 740.000000 26.086785
 745.000000 25.367148
 750.000000 24.524524
 755.000000 23.128501
 760.000000 22.064589
 765.000000 21.389733
 770.000000 19.849442
 775.000000 18.038771
 780.000000 15.928235
 785.000000 14.602951
 790.000000 13.725163
 795.000000 13.207500
 800.000000 13.277968
 805.000000 13.652236
 810.000000 13.956583
 815.000000 13.215185
 820.000000 12.696635
 825.000000 11.559492
 830.000000 9.924553
 835.000000 9.108512
 840.000000 9.496257
 845.000000 9.819912
 850.000000 9.839357
 855.000000 9.700622
 860.000000 10.050128
 865.000000 10.495779
 870.000000 10.753880
 875.000000 10.132367
 880.000000 9.325201
 885.000000 9.494310
 890.000000 9.066931
 895.000000 8.515615
 900.000000 7.276273
 905.000000 6.204913
 910.000000 5.073273
 915.000000 4.467387
 920.000000 4.405552
 925.000000 4.812810
 930.000000 5.283285
 935.000000 5.375357
 940.000000 5.278834
 945.000000 4.638359
 950.000000 3.963203
 955.000000 3.430858
 960.000000 3.361273
 965.000000 3.269271
 970.000000 2.773240
 975.000000 2.764269
 980.000000 3.186607
 985.000000 3.666568
 990.000000 5.131050
 995.000000 6.308890
 1000.000000 6.755693
 1005.000000 6.435568
 1010.000000 5.791548
 1015.000000 5.696915
 1020.000000 4.423547
 1025.000000 3.243404
 1030.000000 2.474627
 1035.000000 2.086549
 1040.000000 1.799793
 1045.000000 1.369550
 1050.000000 1.029576
 1055.000000 0.643118
 1060.000000 0.292293
 1065.000000 0.136722
 1070.000000 0.150528
 1075.000000 0.162203
 1080.000000 0.398012
 1085.000000 0.847088
 1090.000000 1.238608
 1095.000000 1.726782
 1100.000000 2.609829
 1105.000000 3.948277
 1110.000000 5.860440
 1115.000000 6.752056
 1120.000000 6.861147
 1125.000000 5.396114
 1130.000000 4.893260
 1135.000000 4.312016
 1140.000000 4.092535
 1145.000000 3.819798
 1150.000000 3.627522
 1155.000000 3.027808
 1160.000000 2.391741
 1165.000000 1.598859
 1170.000000 1.206248
 1175.000000 1.292831
 1180.000000 2.254560
 1185.000000 3.698207
 1190.000000 5.445273
 1195.000000 7.465108
 1200.000000 8.519642
 1205.000000 7.588994
 1210.000000 5.645929
 1215.000000 4.589145
 1220.000000 4.171662
 1225.000000 3.380474
 1230.000000 2.731975
 1235.000000 2.720829
 1240.000000 3.398229
 1245.000000 4.213191
 1250.000000 6.338935
 1255.000000 8.115212
 1260.000000 8.483134
 1265.000000 8.788056
 1270.000000 9.125583
 1275.000000 10.994294
 1280.000000 11.391662
 1285.000000 10.462078
 1290.000000 8.367937
 1295.000000 5.388128
 1300.000000 2.903904
 1305.000000 1.594167
 1310.000000 0.809259
 1315.000000 0.594025
 1320.000000 1.134219
 1325.000000 1.883100
 1330.000000 2.813307
 1335.000000 3.652262
 1340.000000 4.933442
 1345.000000 5.706829
 1350.000000 6.102173
 1355.000000 6.068218
 1360.000000 5.675663
 1365.000000 4.341020
 1370.000000 2.890811
 1375.000000 1.732345
 1380.000000 1.110650
 1385.000000 0.798869
 1390.000000 1.106689
 1395.000000 1.880840
 1400.000000 2.923759
 1405.000000 2.987231
 1410.000000 2.958993
 1415.000000 3.407361
 1420.000000 4.390619
 1425.000000 5.409672
 1430.000000 6.939242
 1435.000000 7.966545
 1440.000000 8.439667
 1445.000000 8.985363
 1450.000000 9.796251
 1455.000000 9.691332
 1460.000000 8.454504
 1465.000000 7.247364
 1470.000000 6.504221
 1475.000000 4.689782
 1480.000000 3.725188
 1485.000000 2.637905
 1490.000000 2.105202
 1495.000000 2.159118
 1500.000000 2.433820
 1505.000000 4.111127
 1510.000000 5.572108
 1515.000000 7.457245
 1520.000000 8.492295
 1525.000000 9.166507
 1530.000000 7.790766
 1535.000000 6.901277
 1540.000000 6.534623
 1545.000000 6.421047
 1550.000000 7.804975
 1555.000000 9.525239
 1560.000000 9.227648
 1565.000000 8.507528
 1570.000000 8.877401
 1575.000000 8.616391
 1580.000000 8.523237
 1585.000000 6.804948
 1590.000000 4.934146
 1595.000000 3.875445
 1600.000000 2.717646
 1605.000000 1.825038
 1610.000000 2.054750
 1615.000000 2.987921
 1620.000000 4.063754
 1625.000000 4.426978
 1630.000000 4.648318
 1635.000000 4.340688
 1640.000000 3.967574
 1645.000000 4.165716
 1650.000000 3.995797
 1655.000000 4.213598
 1660.000000 4.321558
 1665.000000 4.458030
 1670.000000 3.449823
 1675.000000 3.491420
 1680.000000 4.027264
 1685.000000 4.654926
 1690.000000 4.475683
 1695.000000 4.674003
 1700.000000 4.582513
 1705.000000 4.540027
 1710.000000 4.641893
 1715.000000 5.059288
 1720.000000 5.546352
 1725.000000 6.269971
 1730.000000 5.609789
 1735.000000 5.043808
 1740.000000 4.911336
 1745.000000 4.780033
 1750.000000 4.719421
 1755.000000 5.748263
 1760.000000 6.935969
 1765.000000 7.993286
 1770.000000 7.473342
 1775.000000 6.509934
 1780.000000 5.598395
 1785.000000 5.062493
 1790.000000 4.201691
 1795.000000 4.094858
 1800.000000 5.012948
 1805.000000 6.288185
 1810.000000 7.840911
 1815.000000 10.069685
 1820.000000 12.228028
 1825.000000 12.659326
 1830.000000 13.705133
 1835.000000 14.751639
 1840.000000 15.396439
 1845.000000 16.292472
 1850.000000 15.636923
 1855.000000 14.679577
 1860.000000 13.017144
 1865.000000 10.478410
 1870.000000 8.707463
 1875.000000 8.926186
 1880.000000 10.633443
 1885.000000 12.248858
 1890.000000 13.951030
 1895.000000 13.311948
 1900.000000 11.700090
 1905.000000 11.383822
 1910.000000 11.408273
 1915.000000 11.054533
 1920.000000 12.472800
 1925.000000 15.152854
 1930.000000 15.999493
 1935.000000 16.773322
 1940.000000 16.504524
 1945.000000 14.008261
 1950.000000 10.243819
 1955.000000 8.148113
 1960.000000 6.256437
 1965.000000 4.973602
 1970.000000 4.521511
 1975.000000 4.646948
 1980.000000 5.160594
 1985.000000 4.974933
 1990.000000 5.248809
 1995.000000 5.496458
 2000.000000 6.116624
 2005.000000 7.616100
 2010.000000 8.384494
 2015.000000 9.177944
 2020.000000 9.479792
 2025.000000 8.652461
 2030.000000 9.017776
 2035.000000 8.920704
 2040.000000 8.685178
 2045.000000 8.834268
 2050.000000 10.264927
 2055.000000 11.696255
 2060.000000 12.807177
 2065.000000 14.225249
 2070.000000 16.278830
 2075.000000 18.379172
 2080.000000 19.217022
 2085.000000 20.456627
 2090.000000 21.545283
 2095.000000 22.191307
 2100.000000 21.086725
 2105.000000 20.182591
 2110.000000 20.283432
 2115.000000 20.482196
 2120.000000 19.751318
 2125.000000 17.961183
 2130.000000 16.389605
 2135.000000 14.271363
 2140.000000 11.382179
 2145.000000 8.819997
 2150.000000 7.896867
 2155.000000 7.230550
 2160.000000 6.793019
 2165.000000 6.340512
 2170.000000 6.315642
 2175.000000 6.751552
 2180.000000 8.023904
 2185.000000 9.193941
 2190.000000 10.923097
 2195.000000 13.702690
 2200.000000 17.176743
 2205.000000 18.933609
 2210.000000 19.643439
 2215.000000 17.643106
 2220.000000 13.959840
 2225.000000 11.085793
 2230.000000 8.670443
 2235.000000 6.692998
 2240.000000 4.975654
 2245.000000 4.059054
 2250.000000 4.264520
 2255.000000 3.808794
 2260.000000 3.586448
 2265.000000 3.918101
 2270.000000 5.337359
 2275.000000 6.257525
 2280.000000 7.876593
 2285.000000 8.209968
 2290.000000 8.415159
 2295.000000 7.904441
 2300.000000 7.232078
 2305.000000 5.951328
 2310.000000 4.976524
 2315.000000 4.228510
 2320.000000 4.953816
 2325.000000 6.522978
 2330.000000 8.460224
 2335.000000 9.279040
 2340.000000 9.441304
 2345.000000 8.846093
 2350.000000 9.174471
 2355.000000 8.040410
 2360.000000 7.590885
 2365.000000 7.951571
 2370.000000 8.240507
 2375.000000 7.769294
 2380.000000 7.210025
 2385.000000 7.848620
 2390.000000 7.973747
 2395.000000 7.555983
 2400.000000 6.323838
 2405.000000 4.589432
 2410.000000 3.381648
 2415.000000 2.983854
 2420.000000 2.918078
 2425.000000 3.288750
 2430.000000 4.005007
 2435.000000 4.691961
 2440.000000 5.846200
 2445.000000 6.894568
 2450.000000 8.490898
 2455.000000 9.675141
 2460.000000 12.195564
 2465.000000 14.790614
 2470.000000 17.282064
 2475.000000 20.146692
 2480.000000 22.220588
 2485.000000 22.255829
 2490.000000 20.704275
 2495.000000 18.893004
 2500.000000 17.551047
 2505.000000 16.170751
 2510.000000 14.802077
 2515.000000 15.183029
 2520.000000 15.456543
 2525.000000 14.815302
 2530.000000 14.900775
 2535.000000 14.111367
 2540.000000 12.699990
 2545.000000 9.195598
 2550.000000 6.840465
 2555.000000 6.025471
 2560.000000 5.815714
 2565.000000 5.186961
 2570.000000 4.579187
 2575.000000 3.575602
 2580.000000 2.948073
 2585.000000 1.990948
 2590.000000 1.288285
 2595.000000 0.798309
 2600.000000 0.534289
 2605.000000 0.846802
 2610.000000 1.240194
 2615.000000 1.275334
 2620.000000 1.719712
 2625.000000 2.275363
 2630.000000 2.748872
 2635.000000 2.751761
 2640.000000 2.930099
 2645.000000 3.665694
 2650.000000 5.258252
 2655.000000 6.542728
 2660.000000 8.746435
 2665.000000 11.105105
 2670.000000 13.295070
 2675.000000 14.609681
 2680.000000 16.011185
 2685.000000 17.677978
 2690.000000 18.107513
 2695.000000 16.238559
 2700.000000 14.882775
 2705.000000 13.132601
 2710.000000 10.679337
 2715.000000 8.330531
 2720.000000 5.941691
 2725.000000 4.356156
 2730.000000 3.400164
 2735.000000 3.405560
 2740.000000 3.691185
 2745.000000 5.062558
 2750.000000 6.754618
 2755.000000 8.857218
 2760.000000 8.836765
 2765.000000 7.414810
 2770.000000 8.031963
 2775.000000 8.564373
 2780.000000 9.302440
 2785.000000 9.814845
 2790.000000 10.699872
 2795.000000 11.231063
 2800.000000 11.209540
 2805.000000 10.942657
 2810.000000 10.083788
 2815.000000 8.290710
 2820.000000 7.340712
 2825.000000 7.944670
 2830.000000 7.789947
 2835.000000 7.890574
 2840.000000 8.538542
 2845.000000 10.166100
 2850.000000 10.511937
 2855.000000 10.165747
 2860.000000 10.262909
 2865.000000 11.264285
 2870.000000 11.696041
 2875.000000 11.012193
 2880.000000 10.477808
 2885.000000 10.090662
 2890.000000 9.713134
 2895.000000 9.024860
 2900.000000 6.870107
 2905.000000 5.031305
 2910.000000 4.262051
 2915.000000 4.471095
 2920.000000 5.166229
 2925.000000 5.520733
 2930.000000 6.328058
 2935.000000 7.436108
 2940.000000 8.165566
 2945.000000 8.984901
 2950.000000 9.747664
 2955.000000 8.682860
 2960.000000 8.552378
 2965.000000 8.714536
 2970.000000 8.866962
 2975.000000 8.647704
 2980.000000 8.584514
 2985.000000 8.744632
 2990.000000 10.024864
 2995.000000 11.390384
 3000.000000 12.162031
 3005.000000 11.641025
 3010.000000 10.184268
 3015.000000 8.692954
 3020.000000 7.226644
 3025.000000 5.680950
 3030.000000 4.582157
 3035.000000 3.287856
 3040.000000 3.149356
 3045.000000 3.021823
 3050.000000 2.299051
 3055.000000 2.288590
 3060.000000 3.761671
 3065.000000 5.145380
 3070.000000 6.359166
 3075.000000 7.321596
 3080.000000 7.601984
 3085.000000 7.681680
 3090.000000 7.597761
 3095.000000 7.152782
 3100.000000 6.200742
 3105.000000 5.951847
 3110.000000 6.044817
 3115.000000 6.166082
 3120.000000 6.411061
 3125.000000 7.264520
 3130.000000 9.067022
 3135.000000 11.669240
 3140.000000 11.759191
 3145.000000 10.555083
 3150.000000 7.994359
 3155.000000 5.831398
 3160.000000 4.857329
 3165.000000 4.030030
 3170.000000 2.716569
 3175.000000 1.451248
 3180.000000 1.042832
 3185.000000 1.619875
 3190.000000 3.095606
 3195.000000 4.945528
 3200.000000 7.263264
 3205.000000 9.361153
 3210.000000 11.321878
 3215.000000 12.002262
 3220.000000 11.518824
 3225.000000 8.132305
 3230.000000 4.876769
 3235.000000 3.364192
 3240.000000 2.090188
 3245.000000 0.799430
 3250.000000 0.290804
 3255.000000 0.382808
 3260.000000 0.970707
 3265.000000 1.966314
 3270.000000 3.202255
 3275.000000 3.937882
 3280.000000 4.016306
 3285.000000 4.745608
 3290.000000 5.349287
 3295.000000 4.466119
 3300.000000 2.953909
 3305.000000 2.337346
 3310.000000 2.219021
 3315.000000 2.280934
 3320.000000 2.910764
 3325.000000 3.091852
 3330.000000 3.267210
 3335.000000 3.513472
 3340.000000 3.917821
 3345.000000 4.601469
 3350.000000 5.826508
 3355.000000 6.334058
 3360.000000 6.159155
 3365.000000 5.501967
 3370.000000 5.343858
 3375.000000 5.785593
 3380.000000 5.775714
 3385.000000 4.757714
 3390.000000 4.410557
 3395.000000 5.369033
 3400.000000 6.468512
 3405.000000 7.349182
 3410.000000 9.194054
 3415.000000 10.757105
 3420.000000 12.672604
 3425.000000 12.592282
 3430.000000 12.821216
 3435.000000 11.980500
 3440.000000 11.968478
 3445.000000 10.495263
 3450.000000 9.091862
 3455.000000 7.878055
 3460.000000 8.565887
 3465.000000 8.814415
 3470.000000 10.066512
 3475.000000 11.604049
 3480.000000 12.936216
 3485.000000 14.213491
 3490.000000 13.980357
 3495.000000 13.302216
 3500.000000 13.376866
 3505.000000 13.382619
 3510.000000 12.871958
 3515.000000 11.668197
 3520.000000 11.675572
 3525.000000 11.978464
 3530.000000 11.664287
 3535.000000 9.537813
 3540.000000 8.172903
 3545.000000 7.542378
 3550.000000 6.304137
 3555.000000 5.613299
 3560.000000 5.246838
 3565.000000 4.711671
 3570.000000 4.461917
 3575.000000 5.118677
 3580.000000 6.983329
 3585.000000 9.040150
 3590.000000 11.082232
 3595.000000 13.066355
 3600.000000 14.292388
 3605.000000 15.177127
 3610.000000 16.246884
 3615.000000 18.892187
 3620.000000 18.950693
 3625.000000 17.638883
 3630.000000 16.546878
 3635.000000 14.521773
 3640.000000 13.763596
 3645.000000 12.656869
 3650.000000 11.233317
 3655.000000 10.879555
 3660.000000 8.521480
 3665.000000 5.973950
 3670.000000 4.276667
 3675.000000 2.536973
 3680.000000 2.060184
 3685.000000 2.075564
 3690.000000 2.961545
 3695.000000 4.095974
 3700.000000 4.094697
 3705.000000 4.195904
 3710.000000 4.504445
 3715.000000 4.048554
 3720.000000 4.358036
 3725.000000 3.834015
 3730.000000 4.045371
 3735.000000 5.540948
 3740.000000 6.491702
 3745.000000 9.130449
 3750.000000 10.689280
 3755.000000 10.966964
 3760.000000 10.406551
 3765.000000 11.075161
 3770.000000 10.306931
 3775.000000 9.887369
 3780.000000 8.049723
 3785.000000 6.111556
 3790.000000 4.462361
 3795.000000 3.718387
 3800.000000 3.505375
 3805.000000 4.621554
 3810.000000 5.247751
 3815.000000 5.927869
 3820.000000 6.314610
 3825.000000 8.002823
 3830.000000 7.987803
 3835.000000 6.948594
 3840.000000 6.602089
 3845.000000 7.302303
 3850.000000 7.246888
 3855.000000 6.856752
 3860.000000 6.154342
 3865.000000 5.741502
 3870.000000 5.611453
 3875.000000 5.553585
 3880.000000 5.114504
 3885.000000 4.031018
 3890.000000 3.041982
 3895.000000 3.464177
 3900.000000 4.332084
 3905.000000 5.388780
 3910.000000 6.128197
 3915.000000 6.243862
 3920.000000 5.586404
 3925.000000 4.430972
 3930.000000 3.757028
 3935.000000 3.906905
 3940.000000 4.573965
 3945.000000 4.107938
 3950.000000 3.926914
 3955.000000 3.360256
 3960.000000 2.896983
 3965.000000 2.680220
 3970.000000 3.708261
 3975.000000 5.838680
 3980.000000 7.421710
 3985.000000 8.285751
 3990.000000 8.200411
 3995.000000 9.029812
 4000.000000 8.536618
 4005.000000 7.947526
 4010.000000 6.881615
 4015.000000 5.123823
 4020.000000 4.371246
 4025.000000 4.321285
 4030.000000 4.495952
 4035.000000 4.562894
 4040.000000 3.608667
 4045.000000 2.936279
 4050.000000 3.214597
 4055.000000 3.549242
 4060.000000 3.046520
 4065.000000 3.013379
 4070.000000 3.074704
 4075.000000 3.553780
 4080.000000 4.331492
 4085.000000 4.551001
 4090.000000 5.264405
 4095.000000 5.508712
 4100.000000 4.876663
 4105.000000 3.826557
 4110.000000 3.875229
 4115.000000 3.596295
 4120.000000 3.251724
 4125.000000 2.755117
 4130.000000 2.369705
 4135.000000 2.195268
 4140.000000 2.479618
 4145.000000 3.409628
 4150.000000 4.660993
 4155.000000 5.958966
 4160.000000 5.240533
 4165.000000 3.926497
 4170.000000 4.453526
 4175.000000 4.076869
 4180.000000 3.517186
 4185.000000 2.827326
 4190.000000 2.783616
 4195.000000 2.716326
 4200.000000 2.684403
 4205.000000 2.846374
 4210.000000 3.147690
 4215.000000 3.575846
 4220.000000 3.939349
 4225.000000 4.117618
 4230.000000 4.496903
 4235.000000 4.804031
 4240.000000 4.512403
 4245.000000 3.413605
 4250.000000 2.567609
 4255.000000 2.179977
 4260.000000 1.991006
 4265.000000 2.210265
 4270.000000 2.603073
 4275.000000 3.260125
 4280.000000 3.731119
 4285.000000 3.757177
 4290.000000 3.696912
 4295.000000 4.327718
 4300.000000 4.065753
 4305.000000 4.095937
 4310.000000 4.491493
 4315.000000 5.375500
 4320.000000 5.940759
 4325.000000 6.195124
 4330.000000 6.236098
 4335.000000 6.778083
 4340.000000 7.088539
 4345.000000 7.217035
 4350.000000 7.220744
 4355.000000 6.908624
 4360.000000 5.597633
 4365.000000 4.274111
 4370.000000 3.640572
 4375.000000 3.492564
 4380.000000 3.715212
 4385.000000 4.352517
 4390.000000 4.517927
 4395.000000 4.801477
 4400.000000 4.141580
 4405.000000 3.557954
 4410.000000 3.835630
 4415.000000 4.355049
 4420.000000 4.904626
 4425.000000 4.995319
 4430.000000 3.943173
 4435.000000 3.726553
 4440.000000 4.347225
 4445.000000 4.972455
 4450.000000 5.731969
 4455.000000 6.661678
 4460.000000 8.153720
 4465.000000 9.706734
 4470.000000 9.786566
 4475.000000 9.251116
 4480.000000 8.166461
 4485.000000 7.371366
 4490.000000 6.521653
 4495.000000 6.067714
 4500.000000 6.022248
 4505.000000 5.746541
 4510.000000 6.694803
 4515.000000 7.427579
 4520.000000 7.792510
 4525.000000 7.978052
 4530.000000 8.172436
 4535.000000 7.604222
 4540.000000 6.320490
 4545.000000 5.339067
 4550.000000 3.568229
 4555.000000 1.847393
 4560.000000 1.190450
 4565.000000 1.044427
 4570.000000 1.437949
 4575.000000 2.164151
 4580.000000 3.502512
 4585.000000 5.144745
 4590.000000 5.877489
 4595.000000 6.177174
 4600.000000 6.975205
 4605.000000 8.210019
 4610.000000 8.869071
 4615.000000 10.092504
 4620.000000 10.597632
 4625.000000 12.097597
 4630.000000 13.798894
 4635.000000 15.385975
 4640.000000 17.210202
 4645.000000 17.855201
 4650.000000 17.719635
 4655.000000 16.524831
 4660.000000 15.061812
 4665.000000 13.845381
 4670.000000 11.535077
 4675.000000 10.268776
 4680.000000 8.515953
 4685.000000 7.525413
 4690.000000 7.701188
 4695.000000 6.948616
 4700.000000 5.294774
 4705.000000 3.777971
 4710.000000 2.639553
 4715.000000 1.328818
 4720.000000 0.690524
 4725.000000 0.948133
 4730.000000 1.617292
 4735.000000 2.547242
 4740.000000 3.053046
 4745.000000 2.867847
 4750.000000 3.307353
 4755.000000 3.669114
 4760.000000 3.837461
 4765.000000 5.010959
 4770.000000 6.381041
 4775.000000 7.967479
 4780.000000 9.169408
 4785.000000 10.402968
 4790.000000 11.589747
 4795.000000 12.155674
 4800.000000 12.513924
 4805.000000 12.133880
 4810.000000 11.069689
 4815.000000 9.408375
 4820.000000 7.752501
 4825.000000 7.196749
 4830.000000 7.555949
 4835.000000 7.560514
 4840.000000 5.810604
 4845.000000 4.948160
 4850.000000 4.889776
 4855.000000 5.229245
 4860.000000 4.944180
 4865.000000 5.031984
 4870.000000 4.475066
 4875.000000 3.597850
 4880.000000 3.147759
 4885.000000 3.357777
 4890.000000 4.081736
 4895.000000 5.606008
 4900.000000 7.385937
 4905.000000 9.002383
 4910.000000 11.248465
 4915.000000 13.235885
 4920.000000 15.951743
 4925.000000 15.374519
 4930.000000 13.239768
 4935.000000 10.873847
 4940.000000 8.505064
 4945.000000 7.195289
 4950.000000 6.309544
 4955.000000 5.141051
 4960.000000 4.201970
 4965.000000 3.508109
 4970.000000 4.206524
 4975.000000 5.383317
 4980.000000 7.138867
 4985.000000 8.855909
 4990.000000 10.535022
 4995.000000 11.199182
 5000.000000 11.244182
