#! FIELDS time d12 d13 d14 d23 d24 d34
 0.000000 16.918729 7.903875 17.467281 16.919143 7.905344 16.919482
 5.000000 16.934843 7.975048 17.561075 16.876766 8.001591 16.937195
 10.000000 16.960265 8.073702 17.655023 16.846973 8.088465 16.955567
 15.000000 16.983757 8.186758 17.752498 16.819729 8.169891 16.985322
 20.000000 17.010228 8.280104 17.862592 16.796358 8.276035 17.021809
 25.000000 17.033692 8.375899 17.970423 16.767661 8.376766 17.049490
 30.000000 17.049000 8.481216 18.071269 16.731859 8.465783 17.074818
 35.000000 17.067028 8.579234 18.180239 16.702123 8.560674 17.104125
 40.000000 17.099291 8.675142 18.284757 16.682780 8.655777 17.130500
 45.000000 17.118342 8.763886 18.387880 16.640031 8.746634 17.147186
 50.000000 17.142563 8.858749 18.495806 16.604386 8.840865 17.169765
 55.000000 17.169777 8.955904 18.611464 16.574299 8.937899 17.199263
 60.000000 17.193109 9.058115 18.719522 16.551247 9.038726 17.228122
 65.000000 17.217444 9.154281 18.827545 16.517935 9.138813 17.245650
 70.000000 17.241933 9.247760 18.935869 16.489999 9.229432 17.270743
 75.000000 17.260213 9.344321 19.039269 16.469837 9.322518 17.295199
 80.000000 17.288963 9.433458 19.144182 16.447214 9.426584 17.312299
 85.000000 17.300043 9.525656 19.242777 16.406991 9.525285 17.325428
 90.000000 17.301469 9.607296 19.335732 16.368548 9.619395 17.338330
 95.000000 17.313723 9.694351 19.436805 16.334422 9.713175 17.355280
 100.000000 17.332213 9.788940 19.543507 16.299383 9.798013 17.365850
 105.000000 17.356302 9.880155 19.655449 16.262372 9.886974 17.372947
 110.000000 17.368743 9.971458 19.755424 16.224080 9.972269 17.384443
 115.000000 17.378542 10.060178 19.853976 16.195019 10.069776 17.407374
 120.000000 17.395222 10.156606 19.957367 16.170407 10.160014 17.428965
 125.000000 17.398494 10.242116 20.058216 16.140246 10.259239 17.446313
 130.000000 17.405613 10.324529 20.154252 16.106043 10.359984 17.454755
 135.000000 17.417534 10.419287 20.246455 16.069865 10.437641 17.468965
 140.000000 17.418287 10.508331 20.339927 16.025971 10.520007 17.475696
 145.000000 17.430125 10.592547 20.433426 15.985013 10.605170 17.475483
 150.000000 17.447318 10.681325 20.530869 15.958078 10.690702 17.489992
 155.000000 17.456181 10.765779 20.631625 15.928953 10.781246 17.506287
 160.000000 17.452723 10.856669 20.713279 15.895620 10.870189 17.506238
 165.000000 17.456096 10.947041 20.802999 15.867970 10.962762 17.515683
 170.000000 17.465116 11.037938 20.891839 15.829071 11.041532 17.512426
 175.000000 17.465353 11.113552 20.977045 15.786592 11.124382 17.502699
 180.000000 17.465319 11.188459 21.062757 15.749804 11.209894 17.504702
 185.000000 17.462763 11.274010 21.149450 15.718699 11.296777 17.505744
 190.000000 17.468271 11.362377 21.244881 15.689283 11.378257 17.514457
 195.000000 17.461194 11.437153 21.333914 15.650946 11.456591 17.518602
 200.000000 17.450318 11.518976 21.408923 15.607803 11.524344 17.514078
 205.000000 17.444687 11.591227 21.496343 15.574080 11.609083 17.518882
 210.000000 17.451974 11.668262 21.584942 15.548315 11.695095 17.517621
 215.000000 17.454507 11.751471 21.667865 15.526326 11.771651 17.508196
 220.000000 17.449650 11.816209 21.747882 15.503108 11.853801 17.497793
 225.000000 17.457979 11.903562 21.826308 15.473775 11.926775 17.482141
 230.000000 17.458893 11.987451 21.907709 15.438723 11.991057 17.479383
 235.000000 17.455775 12.048343 21.991829 15.403013 12.063567 17.477451
 240.000000 17.429535 12.122957 22.061915 15.366226 12.146966 17.470863
 245.000000 17.412056 12.201085 22.131991 15.322910 12.222614 17.452513
 250.000000 17.401852 12.273151 22.207919 15.288780 12.296425 17.448799
 255.000000 17.399525 12.352492 22.279552 15.268268 12.368362 17.442960
 260.000000 17.364839 12.423828 22.346524 15.240975 12.448903 17.443592
 265.000000 17.346375 12.493571 22.412931 15.212566 12.526787 17.443223
 270.000000 17.333581 12.560262 22.491543 15.175534 12.605212 17.441041
 275.000000 17.325196 12.632134 22.565428 15.147258 12.683956 17.429529
 280.000000 17.306019 12.703028 22.640563 15.115853 12.755904 17.415533
 285.000000 17.287566 12.772664 22.714482 15.073329 12.815590 17.397624
 290.000000 17.272798 12.848640 22.787146 15.045471 12.882633 17.385494
 295.000000 17.275499 12.910873 22.857175 15.024078 12.953807 17.369579
 300.000000 17.275080 12.983083 22.928888 15.006666 13.029801 17.359004
 305.000000 17.244993 13.046464 22.995630 14.976285 13.098986 17.358095
 310.000000 17.227030 13.112550 23.067251 14.944319 13.168195 17.354736
 315.000000 17.225889 13.180888 23.141446 14.917163 13.241830 17.338263
 320.000000 17.222948 13.266784 23.203818 14.915810 13.307722 17.320112
 325.000000 17.194666 13.336968 23.264501 14.884500 13.362869 17.298715
 330.000000 17.166163 13.414034 23.322911 14.863329 13.426740 17.277324
 335.000000 17.135181 13.472229 23.367864 14.844719 13.480278 17.252840
 340.000000 17.115666 13.521070 23.419664 14.828892 13.546997 17.227614
 345.000000 17.087624 13.577844 23.477845 14.805287 13.601373 17.195888
 350.000000 17.064994 13.638742 23.532800 14.779191 13.665403 17.159873
 355.000000 17.048470 13.699943 23.600047 14.760466 13.742705 17.147918
 360.000000 17.028308 13.763122 23.660462 14.751711 13.804630 17.128432
 365.000000 17.002825 13.830226 23.726078 14.743301 13.875355 17.120049
 370.000000 16.974625 13.891241 23.755775 14.730807 13.913711 17.071660
 375.000000 16.943545 13.958561 23.786193 14.712009 13.953685 17.022318
 380.000000 16.894938 14.005769 23.823514 14.674267 14.004385 16.980149
 385.000000 16.877709 14.065493 23.872520 14.659178 14.049406 16.942885
 390.000000 16.855863 14.110293 23.913722 14.635688 14.091106 16.905947
 395.000000 16.821775 14.133044 23.953251 14.615349 14.144630 16.885794
 400.000000 16.800093 14.172225 23.993057 14.597605 14.205568 16.867913
 405.000000 16.778954 14.225440 24.041501 14.583604 14.256524 16.849349
 410.000000 16.744286 14.286629 24.090809 14.567367 14.301203 16.823879
 415.000000 16.712773 14.349353 24.132926 14.562712 14.353312 16.792068
 420.000000 16.674103 14.390503 24.163180 14.558542 14.407339 16.759944
 425.000000 16.636427 14.434654 24.190474 14.552130 14.453590 16.725019
 430.000000 16.598553 14.481842 24.228030 14.533891 14.507978 16.687983
 435.000000 16.578792 14.530576 24.269001 14.513274 14.549277 16.641319
 440.000000 16.547059 14.574479 24.315377 14.484855 14.588393 16.606611
 445.000000 16.518761 14.644693 24.355545 14.478157 14.612384 16.573650
 450.000000 16.487574 14.714119 24.390444 14.482946 14.648849 16.538089
 455.000000 16.465147 14.766441 24.433497 14.480756 14.690604 16.502768
 460.000000 16.432569 14.810479 24.480207 14.475482 14.738359 16.467950
 465.000000 16.399764 14.855343 24.521916 14.450681 14.771659 16.419206
 470.000000 16.350380 14.886311 24.553747 14.447597 14.810740 16.387672
 475.000000 16.307007 14.924638 24.587203 14.445208 14.863049 16.356020
 480.000000 16.243279 14.968446 24.606435 14.443674 14.910835 16.317323
 485.000000 16.203028 15.006450 24.622741 14.461831 14.930096 16.279714
 490.000000 16.166663 15.043195 24.646587 14.472473 14.964646 16.248398
 495.000000 16.121909 15.064843 24.683595 14.465451 15.020947 16.218416
 500.000000 16.044688 15.069889 24.696529 14.430766 15.052079 16.178497
 505.000000 15.985022 15.085700 24.711882 14.409430 15.098391 16.147889
 510.000000 15.938041 15.116085 24.755111 14.415184 15.141606 16.126976
 515.000000 15.914472 15.138631 24.804564 14.421222 15.172066 16.110686
 520.000000 15.870228 15.172313 24.828890 14.415075 15.192942 16.070809
 525.000000 15.850593 15.221260 24.868227 14.426029 15.218612 16.040392
 530.000000 15.837074 15.270363 24.915725 14.431153 15.223115 16.009516
 535.000000 15.795214 15.308596 24.942415 14.423334 15.231759 15.972480
 540.000000 15.765699 15.339048 24.968028 14.416636 15.247204 15.914375
 545.000000 15.724449 15.357840 24.975124 14.425810 15.270626 15.863832
 550.000000 15.694430 15.388442 24.973801 14.463848 15.289315 15.813117
 555.000000 15.674742 15.420817 24.984115 14.486728 15.316656 15.761516
 560.000000 15.666406 15.433751 24.999690 14.504842 15.340718 15.718651
 565.000000 15.631032 15.412330 24.996960 14.512586 15.379321 15.678398
 570.000000 15.594659 15.410474 25.019782 14.526420 15.422284 15.637055
 575.000000 15.584802 15.432846 25.063602 14.549052 15.451721 15.615993
 580.000000 15.599174 15.436803 25.093794 14.554494 15.451221 15.576068
 585.000000 15.625826 15.417671 25.124630 14.558095 15.429624 15.552516
 590.000000 15.628060 15.392911 25.142844 14.547976 15.408221 15.517129
 595.000000 15.600540 15.380369 25.113993 14.557612 15.384936 15.463717
 600.000000 15.571657 15.379521 25.104022 14.559202 15.377849 15.428133
 605.000000 15.554595 15.376552 25.128726 14.579678 15.402853 15.411937
 610.000000 15.539883 15.359192 25.140004 14.590243 15.404199 15.392835
 615.000000 15.515654 15.333359 25.163280 14.575272 15.392540 15.378563
 620.000000 15.516105 15.326293 25.202699 14.558686 15.388949 15.358302
 625.000000 15.505145 15.340859 25.248084 14.575856 15.413724 15.342835
 630.000000 15.503833 15.365028 25.274010 14.588919 15.394922 15.322967
 635.000000 15.498566 15.382417 25.281456 14.585973 15.365406 15.276216
 640.000000 15.490150 15.393316 25.272789 14.603143 15.373936 15.220318
 645.000000 15.465160 15.400986 25.262537 14.609337 15.375967 15.168469
 650.000000 15.444443 15.405262 25.255164 14.608618 15.369034 15.136461
 655.000000 15.417735 15.404072 25.249455 14.600027 15.362505 15.106971
 660.000000 15.386525 15.393236 25.252868 14.573106 15.350886 15.093405
 665.000000 15.331897 15.363429 25.245995 14.556081 15.342266 15.092514
 670.000000 15.310081 15.346394 25.268520 14.567066 15.355957 15.097884
 675.000000 15.307768 15.322217 25.298298 14.565980 15.366998 15.095136
 680.000000 15.291809 15.314049 25.329241 14.590451 15.368610 15.104868
 685.000000 15.263686 15.320908 25.346505 14.607034 15.346135 15.127175
 690.000000 15.268856 15.305136 25.367494 14.635787 15.330720 15.153671
 695.000000 15.260351 15.297938 25.370727 14.658012 15.303964 15.145574
 700.000000 15.250130 15.302228 25.390404 14.688631 15.304229 15.140606
 705.000000 15.264896 15.310644 25.422556 14.730603 15.339225 15.136955
 710.000000 15.275647 15.293761 25.455883 14.751275 15.379398 15.132009
 715.000000 15.276111 15.252340 25.470923 14.748905 15.392441 15.121935
 720.000000 15.301357 15.218778 25.491759 14.766438 15.390069 15.138152
 725.000000 15.325800 15.230914 25.525971 14.801588 15.382692 15.147412
 730.000000 15.349372 15.224683 25.554951 14.812733 15.367794 15.146665
 735.000000 15.355326 15.230133 25.593297 14.808121 15.368930 15.140893
 740.000000 15.393648 15.251643 25.642535 14.838776 15.372001 15.158719
 745.000000 15.404411 15.251464 25.680494 14.850588 15.371321 15.175083
 750.000000 15.414885 15.246607 25.703640 14.875802 15.363953 15.182439
 755.000000 15.416333 15.229498 25.728205 14.886919 15.344023 15.205005
 760.000000 15.419266 15.226605 25.751939 14.862808 15.316928 15.207077
 765.000000 15.423401 15.228869 25.770210 14.861665 15.304713 15.200366
 770.000000 15.392996 15.230103 25.789531 14.852168 15.303239 15.198769
 775.000000 15.365490 15.193391 25.783694 14.847479 15.290910 15.208243
 780.000000 15.334317 15.142895 25.763916 14.834741 15.254840 15.217787
 785.000000 15.275555 15.096655 25.730181 14.809751 15.231276 15.233866
 790.000000 15.233546 15.070511 25.688699 14.809403 15.199273 15.232582
 795.000000 15.206228 15.057893 25.668661 14.826917 15.193556 15.232196
 800.000000 15.172514 15.021575 25.632662 14.848957 15.200086 15.227686
 805.000000 15.138952 14.979637 25.600617 14.860475 15.208082 15.215930
 810.000000 15.118974 14.947086 25.580748 14.868131 15.196797 15.216001
 815.000000 15.116224 14.942588 25.583488 14.873530 15.159102 15.221290
 820.000000 15.110443 14.937654 25.587713 14.854878 15.124296 15.217828
 825.000000 15.121664 14.957294 25.604603 14.837808 15.093211 15.196588
 830.000000 15.157656 15.005568 25.647729 14.843802 15.067891 15.184915
 835.000000 15.205147 15.047238 25.680399 14.868978 15.047627 15.169287
 840.000000 15.253144 15.059384 25.683104 14.937569 15.047681 15.167327
 845.000000 15.252990 15.067591 25.675284 15.011514 15.077051 15.170013
 850.000000 15.242823 15.068234 25.681654 15.054713 15.116322 15.166234
 855.000000 15.227302 15.079240 25.685064 15.083261 15.132950 15.156435
 860.000000 15.213631 15.106725 25.668317 15.116483 15.135239 15.122351
 865.000000 15.215317 15.145488 25.663239 15.138870 15.131226 15.074465
 870.000000 15.223388 15.191041 25.670882 15.136600 15.119043 15.017148
 875.000000 15.213068 15.216606 25.685884 15.105359 15.109563 14.973123
 880.000000 15.203752 15.241822 25.717888 15.062990 15.103411 14.943900
 885.000000 15.208256 15.296687 25.775520 15.045100 15.104678 14.939265
 890.000000 15.208623 15.305595 25.819167 15.019369 15.120031 14.938547
 895.000000 15.200912 15.297096 25.842301 14.998645 15.132792 14.928697
 900.000000 15.165405 15.266024 25.850413 14.969091 15.154108 14.923182
 905.000000 15.145955 15.223468 25.843983 14.936353 15.151071 14.913492
 910.000000 15.106900 15.174628 25.848560 14.913819 15.173690 14.931656
 915.000000 15.060323 15.122520 25.856215 14.892506 15.206165 14.963721
 920.000000 15.017385 15.073305 25.868256 14.887995 15.239235 15.013044
 925.000000 14.985163 15.030202 25.887874 14.890501 15.264167 15.069733
 930.000000 14.948562 15.006931 25.893957 14.867822 15.264852 15.089166
 935.000000 14.933244 14.991428 25.909623 14.828496 15.241708 15.100935
 940.000000 14.935280 14.997786 25.936222 14.810385 15.220094 15.122766
 945.000000 14.959389 14.997198 25.948566 14.825740 15.181049 15.164245
 950.000000 14.982063 14.992488 25.950409 14.824947 15.136686 15.169363
 955.000000 15.011040 14.968337 25.941210 14.830167 15.107192 15.160171
 960.000000 15.037926 14.926742 25.926519 14.847097 15.076652 15.168241
 965.000000 15.057332 14.906105 25.924893 14.868769 15.067993 15.168526
 970.000000 15.078467 14.913041 25.937167 14.884005 15.075393 15.144126
 975.000000 15.115763 14.903406 25.950105 14.891757 15.078671 15.117280
 980.000000 15.167943 14.897292 25.966944 14.906679 15.081660 15.097113
 985.000000 15.208356 14.886374 25.950161 14.891685 15.047306 15.046348
 990.000000 15.245918 14.860436 25.955150 14.854457 15.023575 15.017642
 995.000000 15.283945 14.852427 25.959015 14.849067 15.016229 14.982941
 1000.000000 15.291375 14.852790 25.984450 14.835496 15.026777 14.972702
 1005.000000 15.278776 14.860500 25.969075 14.832583 15.009696 14.942615
 1010.000000 15.276524 14.872366 25.983391 14.857754 15.021337 14.951273
 1015.000000 15.282955 14.879440 25.999682 14.872890 15.029120 14.955863
 1020.000000 15.241937 14.895739 25.983061 14.881738 15.033993 14.937418
 1025.000000 15.208538 14.927322 25.973274 14.905056 15.034532 14.923541
 1030.000000 15.169272 14.913258 25.972804 14.928106 15.072986 14.947390
 1035.000000 15.126784 14.885194 25.962312 14.921087 15.072378 14.973589
 1040.000000 15.105751 14.882337 25.944355 14.933526 15.064966 14.967471
 1045.000000 15.099070 14.905973 25.924202 14.974356 15.052244 14.952728
 1050.000000 15.095524 14.921682 25.924916 14.987287 15.028060 14.963261
 1055.000000 15.062464 14.929881 25.937030 14.966009 15.023263 14.977619
 1060.000000 15.047363 14.953677 25.954748 14.982547 15.022319 15.004044
 1065.000000 15.040257 14.989204 25.981334 14.990898 15.022512 15.020146
 1070.000000 15.040490 15.010695 25.995968 14.998291 15.017208 15.026509
 1075.000000 15.013190 15.041786 25.990425 15.015540 15.011205 15.029125
 1080.000000 14.976095 15.075593 25.995919 15.014802 15.016472 15.030507
 1085.000000 14.938262 15.111787 25.991738 15.007801 15.007532 15.019457
 1090.000000 14.910714 15.127578 25.984287 15.000762 14.991084 15.020632
 1095.000000 14.885476 15.143110 25.966337 15.023628 14.994473 15.012809
 1100.000000 14.872721 15.175111 25.934069 15.035671 14.964600 14.973586
 1105.000000 14.865046 15.218840 25.917997 15.054000 14.946630 14.942964
 1110.000000 14.848290 15.264951 25.900161 15.089464 14.939389 14.922915
 1115.000000 14.843463 15.271039 25.875492 15.103185 14.930896 14.896410
 1120.000000 14.848836 15.259336 25.855521 15.105392 14.904377 14.893365
 1125.000000 14.839499 15.206688 25.849631 15.076642 14.910643 14.907334
 1130.000000 14.861424 15.187360 25.852725 15.029823 14.874061 14.896999
 1135.000000 14.894772 15.173794 25.872259 14.991498 14.853846 14.890814
 1140.000000 14.897407 15.148565 25.873732 14.958204 14.845639 14.888704
 1145.000000 14.886768 15.112760 25.875572 14.919625 14.855021 14.888306
 1150.000000 14.896158 15.097661 25.882757 14.902563 14.867381 14.874734
 1155.000000 14.881809 15.079041 25.902578 14.891404 14.928672 14.867846
 1160.000000 14.879189 15.057753 25.936225 14.891924 15.005567 14.872421
 1165.000000 14.907790 15.046181 25.986197 14.917455 15.070377 14.902344
 1170.000000 14.923730 15.031391 26.019898 14.941474 15.100616 14.953292
 1175.000000 14.931540 15.014513 26.048157 14.954476 15.119189 15.005948
 1180.000000 14.939666 15.000057 26.098182 14.939156 15.141103 15.062223
 1185.000000 14.955584 14.979421 26.145579 14.917361 15.158077 15.111057
 1190.000000 14.999621 14.950265 26.191248 14.912087 15.156658 15.171859
 1195.000000 15.047828 14.909232 26.223620 14.898748 15.144609 15.219684
 1200.000000 15.096401 14.883041 26.237194 14.879910 15.115339 15.231401
 1205.000000 15.110046 14.889882 26.226416 14.870465 15.096965 15.201597
 1210.000000 15.110083 14.882804 26.185531 14.877486 15.107979 15.134735
 1215.000000 15.102419 14.874077 26.151771 14.905426 15.132855 15.096627
 1220.000000 15.120130 14.872204 26.132613 14.920751 15.141490 15.055496
 1225.000000 15.091913 14.905126 26.129832 14.898650 15.126049 15.039379
 1230.000000 15.093577 14.938654 26.123893 14.886161 15.090304 15.017324
 1235.000000 15.089271 14.978814 26.118180 14.855840 15.069076 14.963244
 1240.000000 15.090864 15.004351 26.102080 14.814161 15.032728 14.904195
 1245.000000 15.103092 14.995307 26.067337 14.783986 14.981994 14.862159
 1250.000000 15.107555 14.970647 26.032452 14.729275 14.935030 14.815379
 1255.000000 15.091229 14.963772 25.990853 14.696712 14.888087 14.780813
 1260.000000 15.046517 14.944517 25.945869 14.690242 14.875310 14.772497
 1265.000000 15.023758 14.905182 25.910874 14.689286 14.863730 14.784791
 1270.000000 15.000151 14.842772 25.895972 14.679113 14.885674 14.813744
 1275.000000 14.988080 14.791754 25.847849 14.678334 14.884407 14.794860
 1280.000000 14.984069 14.797216 25.827572 14.688375 14.883035 14.771018
 1285.000000 14.989639 14.817948 25.824427 14.712481 14.883163 14.764478
 1290.000000 15.017168 14.836118 25.850745 14.741887 14.886226 14.790398
 1295.000000 15.045843 14.890864 25.892791 14.791063 14.883890 14.829680
 1300.000000 15.052739 14.932047 25.923566 14.851041 14.900525 14.875862
 1305.000000 15.059304 14.932237 25.929453 14.911300 14.909372 14.928317
 1310.000000 15.065285 14.927258 25.939420 14.977485 14.935184 14.983363
 1315.000000 15.063819 14.938709 25.968233 15.042411 14.980802 15.041777
 1320.000000 15.049080 14.948888 25.966900 15.110176 15.023277 15.069361
 1325.000000 15.016856 14.955497 25.938431 15.161350 15.074027 15.046429
 1330.000000 14.997347 14.952202 25.926484 15.188313 15.121894 15.028117
 1335.000000 14.969552 14.967677 25.929397 15.205538 15.160191 15.024614
 1340.000000 14.944637 14.984885 25.938984 15.227168 15.203323 15.027339
 1345.000000 14.932550 14.988933 25.950880 15.226034 15.239149 15.018246
 1350.000000 14.940406 14.995646 25.972434 15.220763 15.263770 15.010236
 1355.000000 14.960105 15.006079 26.017137 15.206418 15.273255 15.032858
 1360.000000 14.961575 15.034356 26.051381 15.182717 15.265129 15.045633
 1365.000000 14.962690 15.059814 26.065007 15.144607 15.228182 15.040574
 1370.000000 14.979299 15.053671 26.057071 15.111540 15.188693 15.022824
 1375.000000 15.009913 15.048466 26.032227 15.099506 15.139632 14.991420
 1380.000000 15.022646 15.049420 25.998090 15.088669 15.094167 14.953087
 1385.000000 15.042259 15.022959 25.979847 15.069013 15.068248 14.934855
 1390.000000 15.054714 15.023371 25.940742 15.088193 15.032459 14.909329
 1395.000000 15.081904 15.028164 25.914010 15.113413 15.002708 14.886462
 1400.000000 15.122273 15.048711 25.915763 15.127042 14.989633 14.855854
 1405.000000 15.135363 15.052752 25.937673 15.108855 15.006328 14.842020
 1410.000000 15.143888 15.029320 25.925714 15.089754 14.986427 14.837429
 1415.000000 15.171943 15.016464 25.919749 15.091337 14.956832 14.843553
 1420.000000 15.196335 14.981874 25.888391 15.082699 14.905303 14.842718
 1425.000000 15.195391 14.905654 25.845140 15.048466 14.853975 14.861237
 1430.000000 15.205549 14.849475 25.823902 15.015714 14.818094 14.872825
 1435.000000 15.222019 14.814239 25.828377 14.986019 14.802249 14.884931
 1440.000000 15.233900 14.782044 25.849893 14.960113 14.794661 14.923209
 1445.000000 15.228893 14.749417 25.870249 14.930878 14.782797 14.977127
 1450.000000 15.231337 14.728947 25.889036 14.915007 14.770013 15.023371
 1455.000000 15.215149 14.715082 25.907766 14.908337 14.780719 15.068229
 1460.000000 15.192427 14.730579 25.909640 14.912312 14.795095 15.069632
 1465.000000 15.181475 14.746450 25.903740 14.930907 14.815382 15.055254
 1470.000000 15.179643 14.770389 25.907202 14.951875 14.816172 15.060691
 1475.000000 15.157319 14.823553 25.938381 14.980484 14.835599 15.093661
 1480.000000 15.145081 14.851075 25.969541 14.999984 14.869749 15.119172
 1485.000000 15.123497 14.906633 26.011579 15.037552 14.923748 15.143414
 1490.000000 15.109982 14.964772 26.040010 15.065466 14.962438 15.139531
 1495.000000 15.110964 15.027872 26.050442 15.103989 14.978682 15.117738
 1500.000000 15.096164 15.093137 26.075082 15.116102 15.011512 15.090009
 1505.000000 15.106735 15.151138 26.125454 15.132050 15.065978 15.070994
 1510.000000 15.110294 15.207695 26.154402 15.130550 15.083513 15.041303
 1515.000000 15.128678 15.259751 26.173664 15.138303 15.092061 15.002740
 1520.000000 15.107653 15.279626 26.194021 15.111057 15.143087 14.961877
 1525.000000 15.080122 15.289298 26.202240 15.078443 15.179542 14.926256
 1530.000000 15.034238 15.274428 26.166997 15.013545 15.168155 14.873886
 1535.000000 14.980759 15.253198 26.128478 14.954620 15.153127 14.838776
 1540.000000 14.924833 15.216188 26.093334 14.903567 15.152536 14.818632
 1545.000000 14.874447 15.176348 26.040309 14.867286 15.135633 14.795275
 1550.000000 14.814339 15.165474 25.995176 14.833536 15.117540 14.770890
 1555.000000 14.747692 15.137340 25.950327 14.795477 15.102018 14.765766
 1560.000000 14.728306 15.084912 25.909168 14.777473 15.064570 14.788292
 1565.000000 14.713545 15.029245 25.863829 14.801699 15.049778 14.821277
 1570.000000 14.698131 15.003517 25.814564 14.827593 15.023941 14.830459
 1575.000000 14.708633 14.965599 25.780700 14.849200 15.000561 14.845765
 1580.000000 14.723940 14.926034 25.739835 14.887383 14.971330 14.867333
 1585.000000 14.755418 14.925275 25.748582 14.924027 14.963639 14.899768
 1590.000000 14.800775 14.920240 25.769828 14.950430 14.948125 14.942465
 1595.000000 14.849852 14.901269 25.784929 14.967747 14.922971 14.986216
 1600.000000 14.902906 14.893181 25.814131 15.003219 14.927753 15.027799
 1605.000000 14.955217 14.907397 25.863696 15.053595 14.947820 15.082451
 1610.000000 14.994755 14.927259 25.908078 15.113977 14.978597 15.130976
 1615.000000 15.021443 14.954224 25.917602 15.171554 14.978813 15.153068
 1620.000000 15.049773 14.959859 25.930100 15.208260 14.983391 15.176205
 1625.000000 15.078496 14.957186 25.937133 15.204909 14.958346 15.187042
 1630.000000 15.083393 14.947779 25.926477 15.207912 14.950538 15.186403
 1635.000000 15.085697 14.969330 25.928158 15.209656 14.949432 15.171257
 1640.000000 15.085742 15.007155 25.967814 15.209871 14.989144 15.166242
 1645.000000 15.075453 15.034842 26.014178 15.201925 15.033787 15.182548
 1650.000000 15.066626 15.087679 26.048518 15.180738 15.049581 15.167242
 1655.000000 15.073003 15.138162 26.074560 15.169937 15.062997 15.134407
 1660.000000 15.069446 15.187711 26.087737 15.150117 15.073129 15.082963
 1665.000000 15.049903 15.221966 26.086098 15.134763 15.076371 15.046379
 1670.000000 14.999981 15.214704 26.062321 15.094894 15.082901 15.015635
 1675.000000 14.975452 15.230137 26.065134 15.029558 15.083687 14.966269
 1680.000000 14.983183 15.247171 26.075930 14.987690 15.074274 14.934438
 1685.000000 14.963779 15.262593 26.089118 14.946416 15.061935 14.935058
 1690.000000 14.936872 15.246716 26.079914 14.910857 15.054206 14.938419
 1695.000000 14.922445 15.233780 26.072006 14.870395 15.045124 14.925746
 1700.000000 14.934621 15.206080 26.071097 14.818958 15.003914 14.938218
 1705.000000 14.937057 15.179206 26.079592 14.790306 14.979138 14.980032
 1710.000000 14.922178 15.151939 26.085407 14.775102 14.970061 15.033314
 1715.000000 14.893963 15.103937 26.075704 14.743915 14.977257 15.062315
 1720.000000 14.883800 15.090083 26.069934 14.722998 14.975451 15.062359
 1725.000000 14.877878 15.060066 26.058933 14.692833 14.961212 15.069217
 1730.000000 14.893402 15.000729 26.037612 14.701970 14.962274 15.085251
 1735.000000 14.900280 14.949359 26.005995 14.729813 14.954273 15.112249
 1740.000000 14.921820 14.910793 25.988115 14.758816 14.933642 15.146690
 1745.000000 14.946727 14.858671 25.953228 14.794322 14.923806 15.154799
 1750.000000 14.961637 14.821719 25.913524 14.834725 14.920996 15.152171
 1755.000000 14.958276 14.772138 25.875335 14.862762 14.928819 15.162627
 1760.000000 14.951186 14.740836 25.831438 14.900026 14.917710 15.174166
 1765.000000 14.966435 14.725066 25.787344 14.934266 14.885418 15.169067
 1770.000000 14.980669 14.748780 25.759064 14.969825 14.866462 15.135743
 1775.000000 15.024207 14.781378 25.757286 15.000826 14.852378 15.102093
 1780.000000 15.074609 14.821133 25.772403 15.032483 14.846061 15.080988
 1785.000000 15.116685 14.862328 25.801316 15.061497 14.842229 15.089885
 1790.000000 15.159952 14.922966 25.844829 15.082988 14.854666 15.078960
 1795.000000 15.182572 14.979728 25.876245 15.139192 14.890844 15.078098
 1800.000000 15.196512 15.041993 25.921175 15.204599 14.939240 15.104239
 1805.000000 15.207582 15.089578 25.972280 15.235754 14.974419 15.135483
 1810.000000 15.220407 15.153316 26.020867 15.250091 14.991114 15.142964
 1815.000000 15.239414 15.220573 26.054989 15.266187 14.990150 15.137281
 1820.000000 15.246920 15.288385 26.077268 15.280063 14.993085 15.111719
 1825.000000 15.231338 15.334768 26.077506 15.268837 14.983565 15.074489
 1830.000000 15.213059 15.374381 26.060888 15.278020 14.959786 15.055607
 1835.000000 15.181281 15.410543 26.063869 15.281546 14.950215 15.069595
 1840.000000 15.147260 15.434806 26.063228 15.287331 14.956992 15.076494
 1845.000000 15.098294 15.462590 26.038875 15.303130 14.959105 15.071917
 1850.000000 15.027659 15.465031 25.983399 15.304714 14.965214 15.040595
 1855.000000 14.968977 15.450335 25.942607 15.295688 14.979275 15.023834
 1860.000000 14.924354 15.425281 25.937728 15.266355 15.010844 15.030128
 1865.000000 14.894411 15.375624 25.920162 15.225983 15.005183 15.051482
 1870.000000 14.866734 15.314762 25.881363 15.200688 14.974962 15.081745
 1875.000000 14.831989 15.262180 25.827767 15.197371 14.927741 15.119189
 1880.000000 14.792838 15.200121 25.766674 15.218131 14.900984 15.163741
 1885.000000 14.776042 15.132411 25.730325 15.230635 14.881036 15.218186
 1890.000000 14.747442 15.070534 25.704266 15.241582 14.900613 15.256887
 1895.000000 14.744733 15.042261 25.707984 15.237638 14.938867 15.255128
 1900.000000 14.768344 15.030063 25.739617 15.210391 14.941160 15.271888
 1905.000000 14.770492 14.991386 25.755304 15.175936 14.946567 15.301050
 1910.000000 14.748016 14.950069 25.756889 15.120816 14.949650 15.308652
 1915.000000 14.730994 14.918994 25.749074 15.067616 14.951279 15.286168
 1920.000000 14.705634 14.861431 25.731855 14.981596 14.927350 15.276424
 1925.000000 14.685877 14.802205 25.711324 14.927303 14.903915 15.280280
 1930.000000 14.702374 14.780480 25.696820 14.870694 14.846133 15.250267
 1935.000000 14.732490 14.764042 25.684024 14.826372 14.790333 15.215685
 1940.000000 14.766339 14.763706 25.694928 14.820138 14.760433 15.220567
 1945.000000 14.818552 14.790533 25.743696 14.830686 14.754858 15.242413
 1950.000000 14.890755 14.849327 25.829202 14.825151 14.761677 15.245214
 1955.000000 14.966674 14.897342 25.889475 14.843448 14.760780 15.247757
 1960.000000 15.033291 14.954987 25.914632 14.889407 14.758074 15.216708
 1965.000000 15.088264 15.000987 25.946990 14.947901 14.787525 15.206715
 1970.000000 15.135138 15.032581 25.966603 14.992179 14.811056 15.187526
 1975.000000 15.173022 15.046610 26.005555 15.032656 14.858991 15.198058
 1980.000000 15.218199 15.062006 26.038648 15.054552 14.891779 15.183382
 1985.000000 15.249634 15.077390 26.061983 15.065372 14.946052 15.131481
 1990.000000 15.282362 15.085438 26.063905 15.066145 14.971123 15.075491
 1995.000000 15.299285 15.101174 26.065234 15.050602 14.994060 15.016144
 2000.000000 15.297799 15.148668 26.056488 15.059901 15.012286 14.955766
 2005.000000 15.310667 15.185752 26.045780 15.060995 15.021207 14.886834
 2010.000000 15.318295 15.193065 26.038714 15.035496 15.008255 14.844023
 2015.000000 15.312459 15.197799 26.030342 15.007368 15.015598 14.790304
 2020.000000 15.278478 15.198230 26.016573 14.987795 15.050508 14.737868
 2025.000000 15.232217 15.166117 25.995585 14.974997 15.095865 14.714568
 2030.000000 15.210392 15.136606 25.977051 14.966069 15.130480 14.684969
 2035.000000 15.196379 15.075180 25.968262 14.950701 15.176228 14.682868
 2040.000000 15.166247 15.016616 25.963822 14.955029 15.238408 14.705607
 2045.000000 15.119492 14.951599 25.961058 14.965047 15.308942 14.748925
 2050.000000 15.089506 14.895439 25.966943 14.953220 15.365052 14.774762
 2055.000000 15.049310 14.852456 25.952400 14.969551 15.411977 14.804268
 2060.000000 15.015731 14.799366 25.915230 14.990707 15.428059 14.832291
 2065.000000 14.991442 14.742314 25.892229 14.985021 15.437015 14.861728
 2070.000000 14.963431 14.689548 25.847058 14.961038 15.429833 14.845370
 2075.000000 14.950513 14.636586 25.789565 14.958860 15.407638 14.829888
 2080.000000 14.946699 14.603117 25.760914 14.974016 15.388311 14.843399
 2085.000000 14.956474 14.559096 25.714062 14.992429 15.346938 14.852705
 2090.000000 14.962020 14.522423 25.683872 14.983253 15.307291 14.862220
 2095.000000 14.959479 14.493500 25.674577 14.966062 15.279195 14.884857
 2100.000000 14.982189 14.486969 25.691320 14.970642 15.259609 14.918626
 2105.000000 15.017160 14.480755 25.709906 15.002512 15.244481 14.968153
 2110.000000 15.059206 14.466165 25.729193 15.037468 15.228801 15.022929
 2115.000000 15.108596 14.470435 25.770713 15.085807 15.249355 15.063799
 2120.000000 15.162369 14.485600 25.802117 15.111693 15.229615 15.084943
 2125.000000 15.177811 14.499569 25.825763 15.082151 15.195700 15.091323
 2130.000000 15.213445 14.528526 25.845382 15.085571 15.162968 15.089121
 2135.000000 15.259134 14.578654 25.870217 15.092801 15.117090 15.079813
 2140.000000 15.271807 14.654293 25.901490 15.110136 15.112510 15.057438
 2145.000000 15.263819 14.730874 25.925309 15.125434 15.121326 15.030427
 2150.000000 15.275827 14.785033 25.944808 15.139750 15.121381 15.012012
 2155.000000 15.281102 14.837757 25.969816 15.147329 15.132030 14.994643
 2160.000000 15.290453 14.900407 26.017382 15.128263 15.150412 14.966742
 2165.000000 15.288433 14.963481 26.035441 15.104585 15.147260 14.918847
 2170.000000 15.288330 15.023802 26.040216 15.081405 15.123731 14.869425
 2175.000000 15.283219 15.073786 26.039656 15.057229 15.100764 14.820038
 2180.000000 15.295065 15.134136 26.057108 15.046038 15.071890 14.794600
 2185.000000 15.280969 15.191920 26.055095 15.022375 15.041177 14.754508
 2190.000000 15.277054 15.246676 26.040492 15.007247 14.980571 14.722936
 2195.000000 15.304878 15.288239 26.062240 14.979854 14.937935 14.705042
 2200.000000 15.330330 15.346448 26.096966 14.965980 14.902809 14.699823
 2205.000000 15.335795 15.372305 26.102810 14.952463 14.864213 14.697473
 2210.000000 15.331514 15.373805 26.078541 14.939386 14.806983 14.695701
 2215.000000 15.293266 15.350592 26.029979 14.940172 14.762339 14.714724
 2220.000000 15.253720 15.315768 26.014079 14.947637 14.754596 14.774197
 2225.000000 15.220876 15.296642 26.019826 14.968613 14.750736 14.857771
 2230.000000 15.159267 15.258216 25.987508 14.958368 14.732519 14.910381
 2235.000000 15.097745 15.205655 25.949179 14.947150 14.723949 14.954562
 2240.000000 15.018419 15.183201 25.924510 14.944019 14.757312 14.977626
 2245.000000 14.957841 15.179252 25.930193 14.936009 14.798267 15.000893
 2250.000000 14.925079 15.178898 25.928960 14.937053 14.799190 15.027945
 2255.000000 14.904614 15.150479 25.923122 14.948190 14.813317 15.060528
 2260.000000 14.885109 15.115719 25.918464 14.963664 14.827891 15.102026
 2265.000000 14.836172 15.056948 25.893379 14.957522 14.851101 15.129618
 2270.000000 14.778441 14.986036 25.868156 14.923060 14.874718 15.152772
 2275.000000 14.744303 14.931258 25.860792 14.916668 14.924692 15.167983
 2280.000000 14.703766 14.887084 25.851496 14.904310 14.973858 15.175140
 2285.000000 14.685698 14.883097 25.875560 14.913333 15.050519 15.175432
 2290.000000 14.700031 14.868629 25.915803 14.929286 15.125618 15.190163
 2295.000000 14.724568 14.872869 25.939668 14.939306 15.148014 15.197093
 2300.000000 14.741266 14.874738 25.935594 14.950052 15.163427 15.175592
 2305.000000 14.774660 14.910765 25.945485 14.996324 15.183339 15.159585
 2310.000000 14.833671 14.928341 25.964020 15.046830 15.208538 15.144200
 2315.000000 14.904183 14.932647 25.971285 15.092371 15.217693 15.121878
 2320.000000 14.949734 14.917858 25.982067 15.121726 15.252058 15.106994
 2325.000000 14.991879 14.914915 26.002051 15.158604 15.297791 15.093984
 2330.000000 15.035989 14.892841 26.004124 15.204098 15.323424 15.097905
 2335.000000 15.106915 14.913092 26.018205 15.242447 15.315240 15.083550
 2340.000000 15.161748 14.930511 26.017362 15.260370 15.291963 15.058345
 2345.000000 15.194874 14.974729 26.018870 15.255606 15.267143 15.009833
 2350.000000 15.234112 15.022397 26.020038 15.252871 15.244724 14.947627
 2355.000000 15.272225 15.016351 26.021051 15.192428 15.197438 14.906518
 2360.000000 15.317517 14.996549 26.020643 15.124507 15.137862 14.878226
 2365.000000 15.350034 14.987159 26.014019 15.085450 15.091011 14.859999
 2370.000000 15.360042 14.995626 25.986455 15.061003 15.039744 14.827321
 2375.000000 15.335629 15.011124 25.960784 15.020306 14.998343 14.795473
 2380.000000 15.293746 14.990040 25.920764 14.959601 14.952440 14.775475
 2385.000000 15.244737 14.961871 25.867897 14.896674 14.896445 14.751695
 2390.000000 15.190916 14.953696 25.838609 14.860302 14.874499 14.743827
 2395.000000 15.134894 14.957069 25.834714 14.825074 14.876270 14.746892
 2400.000000 15.083760 14.956333 25.833247 14.818666 14.891107 14.773553
 2405.000000 15.061256 14.954680 25.843452 14.839435 14.914642 14.814879
 2410.000000 15.039506 14.953892 25.847863 14.856245 14.924578 14.858113
 2415.000000 14.978418 14.946044 25.847600 14.840383 14.916237 14.920776
 2420.000000 14.933637 14.954871 25.876313 14.812171 14.928708 14.971581
 2425.000000 14.893635 14.973709 25.895381 14.798668 14.925717 15.023613
 2430.000000 14.858877 14.993501 25.919621 14.783413 14.930172 15.068637
 2435.000000 14.834222 15.003463 25.938333 14.789238 14.933539 15.125584
 2440.000000 14.803553 15.009803 25.958491 14.806229 14.948761 15.193910
 2445.000000 14.802518 15.037670 25.991730 14.833215 14.949429 15.258768
 2450.000000 14.793946 15.074033 26.015116 14.870156 14.943806 15.317220
 2455.000000 14.791592 15.097183 26.021620 14.901973 14.934143 15.353477
 2460.000000 14.797452 15.133245 26.041168 14.955565 14.926167 15.417090
 2465.000000 14.807161 15.176871 26.065037 14.997005 14.921519 15.462539
 2470.000000 14.819853 15.220874 26.083768 15.030001 14.902627 15.493207
 2475.000000 14.852703 15.246375 26.105929 15.077103 14.890198 15.535423
 2480.000000 14.899273 15.247602 26.102019 15.125141 14.856847 15.567377
 2485.000000 14.924687 15.267159 26.091337 15.162516 14.838536 15.550629
 2490.000000 14.936953 15.270277 26.060691 15.203100 14.835388 15.512058
 2495.000000 14.962562 15.263011 26.011568 15.244354 14.814930 15.460790
 2500.000000 14.975485 15.239820 25.957637 15.277926 14.805520 15.421119
 2505.000000 14.974691 15.195247 25.872483 15.302023 14.781803 15.366422
 2510.000000 14.969365 15.174133 25.798311 15.298757 14.756720 15.288668
 2515.000000 14.959521 15.159427 25.717703 15.288310 14.714514 15.207799
 2520.000000 14.959802 15.139050 25.669041 15.283466 14.702872 15.151151
 2525.000000 14.968293 15.113250 25.638548 15.270472 14.709322 15.090757
 2530.000000 14.962190 15.090446 25.609213 15.254317 14.710014 15.046406
 2535.000000 14.970460 15.096129 25.613903 15.224833 14.704238 15.007837
 2540.000000 14.992830 15.113243 25.638499 15.218403 14.723797 14.977347
 2545.000000 15.018353 15.134656 25.710511 15.211533 14.781499 14.981836
 2550.000000 15.051970 15.121470 25.770971 15.217617 14.832391 15.014506
 2555.000000 15.071960 15.105474 25.796580 15.236592 14.882140 15.026395
 2560.000000 15.078072 15.044593 25.767347 15.227156 14.894215 15.014792
 2565.000000 15.090121 15.012221 25.767961 15.201333 14.900241 15.004527
 2570.000000 15.102825 14.972451 25.784999 15.185919 14.917367 15.028847
 2575.000000 15.114021 14.975051 25.833915 15.176345 14.949883 15.054209
 2580.000000 15.101049 14.958640 25.852391 15.149886 14.958049 15.080809
 2585.000000 15.082431 14.956626 25.889369 15.106500 14.975582 15.104835
 2590.000000 15.037969 14.948990 25.893789 15.058926 14.994798 15.103877
 2595.000000 15.013004 14.956451 25.924736 15.019280 15.038069 15.095002
 2600.000000 15.024458 14.983301 25.967796 14.993002 15.068850 15.069789
 2605.000000 15.048952 15.020933 26.016603 14.988594 15.101410 15.048454
 2610.000000 15.072308 15.038758 26.048649 14.967935 15.106471 15.031564
 2615.000000 15.079029 15.015417 26.041661 14.924864 15.097839 14.998163
 2620.000000 15.072617 14.984627 26.022373 14.880737 15.099711 14.945934
 2625.000000 15.081504 14.955806 25.994636 14.854009 15.079209 14.904555
 2630.000000 15.078403 14.946531 25.970618 14.839400 15.062682 14.872870
 2635.000000 15.066870 14.924443 25.963098 14.838398 15.067928 14.882358
 2640.000000 15.066354 14.907852 25.978948 14.834202 15.088689 14.898255
 2645.000000 15.085222 14.891567 25.999979 14.818199 15.102245 14.898074
 2650.000000 15.111876 14.889909 26.019773 14.789031 15.119061 14.857651
 2655.000000 15.149418 14.898940 26.048779 14.797125 15.155191 14.831647
 2660.000000 15.191399 14.913260 26.077708 14.783146 15.177740 14.793585
 2665.000000 15.213748 14.907962 26.099719 14.770469 15.216890 14.767870
 2670.000000 15.254043 14.929520 26.123748 14.760988 15.221083 14.735938
 2675.000000 15.281226 14.937205 26.144479 14.761572 15.229492 14.730567
 2680.000000 15.317873 14.914069 26.139042 14.748843 15.209859 14.718253
 2685.000000 15.366626 14.889887 26.142437 14.740082 15.185755 14.719694
 2690.000000 15.391952 14.875095 26.149059 14.743316 15.172179 14.737685
 2695.000000 15.379473 14.883526 26.143466 14.762003 15.161627 14.759753
 2700.000000 15.374331 14.901719 26.136565 14.762964 15.121676 14.771157
 2705.000000 15.370692 14.924571 26.121520 14.784014 15.080216 14.784507
 2710.000000 15.344358 14.924123 26.088146 14.809665 15.048377 14.802557
 2715.000000 15.314595 14.927821 26.065577 14.846147 15.040518 14.827388
 2720.000000 15.265965 14.913954 26.057809 14.868424 15.054443 14.880158
 2725.000000 15.221379 14.872099 26.021690 14.901484 15.066896 14.923598
 2730.000000 15.191843 14.841874 25.990497 14.958815 15.064142 14.983417
 2735.000000 15.167817 14.814675 25.953486 15.013751 15.064998 15.022058
 2740.000000 15.162798 14.815961 25.934106 15.069733 15.067752 15.043481
 2745.000000 15.155780 14.805466 25.933811 15.132679 15.110689 15.084563
 2750.000000 15.128395 14.798908 25.933330 15.189784 15.157921 15.122614
 2755.000000 15.084441 14.779765 25.922281 15.230886 15.194930 15.163930
 2760.000000 15.022010 14.793989 25.908909 15.235174 15.208990 15.172548
 2765.000000 14.975499 14.835345 25.891489 15.230303 15.180556 15.164653
 2770.000000 14.938077 14.849330 25.852422 15.254281 15.141737 15.181876
 2775.000000 14.893249 14.887843 25.801933 15.280124 15.102172 15.163389
 2780.000000 14.835102 14.913346 25.737728 15.272804 15.053021 15.124175
 2785.000000 14.798775 14.940464 25.687516 15.246977 14.997443 15.075562
 2790.000000 14.775172 14.974671 25.651170 15.219168 14.930714 15.042940
 2795.000000 14.785499 15.006715 25.627083 15.182493 14.856097 14.998260
 2800.000000 14.787160 15.063524 25.640613 15.158178 14.814913 14.980167
 2805.000000 14.789743 15.127435 25.672844 15.170001 14.813803 14.977842
 2810.000000 14.799493 15.191983 25.733255 15.200711 14.846876 14.999269
 2815.000000 14.805874 15.214187 25.806874 15.195400 14.889874 15.044405
 2820.000000 14.823412 15.238138 25.882927 15.189287 14.925582 15.090169
 2825.000000 14.836931 15.251335 25.917569 15.210178 14.936700 15.130588
 2830.000000 14.819932 15.227592 25.921568 15.199723 14.943024 15.158198
 2835.000000 14.813921 15.210663 25.932187 15.186377 14.932872 15.193077
 2840.000000 14.826741 15.233231 25.965417 15.172459 14.912443 15.220759
 2845.000000 14.846544 15.267288 25.990099 15.171330 14.871995 15.249978
 2850.000000 14.847790 15.260808 26.012601 15.145793 14.861547 15.278501
 2855.000000 14.850103 15.246633 26.021158 15.078729 14.818640 15.281486
 2860.000000 14.848982 15.234935 26.029454 15.020738 14.786219 15.280498
 2865.000000 14.874026 15.229241 26.056746 14.976423 14.751815 15.298032
 2870.000000 14.895755 15.222871 26.081698 14.934879 14.735517 15.298073
 2875.000000 14.898343 15.205100 26.107306 14.914556 14.768413 15.301171
 2880.000000 14.899056 15.174311 26.138312 14.871237 14.806792 15.300017
 2885.000000 14.911571 15.148643 26.166440 14.842374 14.840339 15.294621
 2890.000000 14.935312 15.125264 26.180143 14.835128 14.853545 15.292743
 2895.000000 14.941090 15.093638 26.174185 14.827384 14.863877 15.286749
 2900.000000 14.952190 15.073754 26.147875 14.844674 14.877853 15.249897
 2905.000000 14.960428 15.047181 26.118075 14.853505 14.890549 15.210545
 2910.000000 14.961358 15.019630 26.103720 14.877217 14.912879 15.213050
 2915.000000 14.933065 14.985288 26.095555 14.917448 14.963159 15.251396
 2920.000000 14.904343 14.947352 26.075394 14.962317 15.006026 15.284335
 2925.000000 14.881894 14.920322 26.036389 15.014663 15.029774 15.292978
 2930.000000 14.891230 14.897425 26.007521 15.081589 15.042804 15.308160
 2935.000000 14.890375 14.868702 25.971861 15.135720 15.060092 15.312039
 2940.000000 14.870645 14.850391 25.928627 15.177603 15.090454 15.286062
 2945.000000 14.856373 14.856085 25.909624 15.214674 15.119286 15.270353
 2950.000000 14.866072 14.874050 25.903417 15.263833 15.149065 15.251913
 2955.000000 14.889841 14.893231 25.868223 15.288624 15.125860 15.196173
 2960.000000 14.911308 14.923429 25.843126 15.323052 15.119639 15.141093
 2965.000000 14.929721 14.959200 25.812776 15.351024 15.092549 15.089106
 2970.000000 14.959706 14.993536 25.797514 15.369139 15.063494 15.045578
 2975.000000 14.973652 15.022007 25.767980 15.353347 15.030956 14.968202
 2980.000000 14.992356 15.022192 25.731507 15.311981 14.983468 14.891441
 2985.000000 15.008195 15.017652 25.720129 15.286279 14.973871 14.843979
 2990.000000 15.015750 15.017122 25.703737 15.297067 14.980046 14.812950
 2995.000000 15.025623 15.000846 25.678332 15.294907 14.973268 14.779858
 3000.000000 15.027592 15.017603 25.667097 15.270439 14.951603 14.737738
 3005.000000 15.022013 15.021823 25.670123 15.233199 14.935177 14.722057
 3010.000000 15.000345 15.026514 25.684937 15.193520 14.929520 14.728886
 3015.000000 14.962239 15.028273 25.705580 15.132828 14.942576 14.725433
 3020.000000 14.942988 15.019519 25.734490 15.073211 14.956273 14.729159
 3025.000000 14.969475 15.032012 25.785657 15.028086 14.956703 14.733111
 3030.000000 14.987880 15.056909 25.832266 15.011629 14.965838 14.744794
 3035.000000 15.019373 15.096029 25.896338 15.012138 14.971058 14.780510
 3040.000000 15.049615 15.152882 25.953398 15.037078 14.973978 14.814547
 3045.000000 15.050750 15.191711 26.001631 15.080262 14.994756 14.880961
 3050.000000 15.047867 15.171927 26.020197 15.103187 14.998124 14.956823
 3055.000000 15.072141 15.142363 26.069643 15.104875 15.018162 15.030590
 3060.000000 15.108243 15.130171 26.135991 15.101478 15.033636 15.103971
 3065.000000 15.123984 15.121825 26.178805 15.084314 15.030438 15.158542
 3070.000000 15.131295 15.099694 26.218520 15.050495 15.042020 15.196975
 3075.000000 15.112451 15.057629 26.234243 15.023181 15.049352 15.250705
 3080.000000 15.078733 14.999587 26.224262 14.986850 15.048865 15.289164
 3085.000000 15.050694 14.944823 26.201544 14.972782 15.058489 15.307857
 3090.000000 15.054847 14.899949 26.175361 14.948459 15.025524 15.312191
 3095.000000 15.041859 14.850129 26.139805 14.921144 15.018522 15.294522
 3100.000000 15.045837 14.817433 26.096760 14.915102 15.001099 15.260272
 3105.000000 15.040133 14.792644 26.056199 14.916424 14.975538 15.247063
 3110.000000 15.007806 14.777659 26.023853 14.903559 14.958713 15.241808
 3115.000000 14.996725 14.775888 25.994017 14.879174 14.913308 15.225331
 3120.000000 14.981910 14.776321 25.946640 14.857966 14.859720 15.192084
 3125.000000 14.950475 14.763491 25.893588 14.835259 14.830668 15.153692
 3130.000000 14.923839 14.732156 25.853812 14.810447 14.815737 15.134139
 3135.000000 14.885856 14.698552 25.807178 14.791265 14.797919 15.123330
 3140.000000 14.858529 14.700032 25.784364 14.798847 14.811449 15.104412
 3145.000000 14.845473 14.707360 25.792673 14.811816 14.852315 15.096278
 3150.000000 14.847432 14.748179 25.820533 14.838254 14.886635 15.093559
 3155.000000 14.837798 14.802533 25.844517 14.863843 14.916633 15.086492
 3160.000000 14.829913 14.827924 25.846529 14.898812 14.940402 15.083674
 3165.000000 14.827652 14.853642 25.851811 14.947826 14.964228 15.095089
 3170.000000 14.845950 14.902277 25.887098 14.987890 14.984809 15.109737
 3175.000000 14.893453 14.967609 25.924957 15.028038 14.976353 15.110673
 3180.000000 14.941394 15.003701 25.956533 15.058981 14.975171 15.112971
 3185.000000 15.003000 15.068956 26.015323 15.102460 14.981962 15.124750
 3190.000000 15.066229 15.135561 26.057765 15.141586 14.977551 15.112031
 3195.000000 15.140926 15.160193 26.066118 15.193864 14.970375 15.086668
 3200.000000 15.210451 15.158068 26.071277 15.243657 14.965184 15.084131
 3205.000000 15.261672 15.160061 26.096147 15.267550 14.979000 15.087275
 3210.000000 15.301847 15.173903 26.109077 15.284044 14.971543 15.083262
 3215.000000 15.309320 15.172137 26.105330 15.301881 14.976250 15.085624
 3220.000000 15.312523 15.141460 26.087248 15.307098 14.982621 15.081128
 3225.000000 15.252743 15.114680 26.064500 15.266908 14.986200 15.083935
 3230.000000 15.198523 15.059608 26.017595 15.215889 14.972156 15.075987
 3235.000000 15.165328 15.016853 25.987795 15.188674 14.984601 15.061406
 3240.000000 15.130151 14.991012 25.958238 15.146399 14.971046 15.045157
 3245.000000 15.075903 14.991374 25.950545 15.092169 14.984220 15.023263
 3250.000000 15.045021 14.987522 25.946515 15.042967 14.977753 15.013084
 3255.000000 15.002896 14.963670 25.912952 15.000292 14.957427 15.004461
 3260.000000 14.968861 14.953450 25.897783 14.934774 14.927966 14.991367
 3265.000000 14.920351 14.950002 25.899157 14.862532 14.936039 14.969043
 3270.000000 14.877059 14.943637 25.897506 14.814215 14.964083 14.943943
 3275.000000 14.854476 14.942062 25.885412 14.801901 14.977659 14.925606
 3280.000000 14.854634 14.948255 25.880512 14.803875 14.990390 14.910211
 3285.000000 14.838513 14.934873 25.853475 14.802098 14.984895 14.904132
 3290.000000 14.820230 14.915328 25.831212 14.804224 14.979402 14.918706
 3295.000000 14.824017 14.903185 25.834565 14.838835 14.992966 14.957523
 3300.000000 14.862957 14.894519 25.843807 14.897261 15.003834 14.992745
 3305.000000 14.883559 14.903899 25.835640 14.961258 14.981826 15.035806
 3310.000000 14.903404 14.910628 25.842577 14.996795 14.957874 15.079954
 3315.000000 14.902310 14.932376 25.863942 15.032935 14.965025 15.125399
 3320.000000 14.923688 14.938352 25.859100 15.076588 14.942188 15.157374
 3325.000000 14.952509 14.956841 25.861515 15.102102 14.923848 15.165699
 3330.000000 14.997476 14.986074 25.879305 15.125967 14.904647 15.173333
 3335.000000 15.059908 15.012164 25.923497 15.139852 14.899956 15.183773
 3340.000000 15.102947 15.054041 25.967514 15.157746 14.918341 15.182016
 3345.000000 15.150678 15.082599 26.000935 15.164465 14.925937 15.171845
 3350.000000 15.187602 15.122037 26.025211 15.176661 14.921625 15.164460
 3355.000000 15.189341 15.166831 26.063155 15.160008 14.937240 15.162919
 3360.000000 15.182586 15.177039 26.089869 15.126516 14.953362 15.168077
 3365.000000 15.167061 15.162667 26.113440 15.082968 14.982130 15.175101
 3370.000000 15.159518 15.188829 26.119738 15.050667 14.977565 15.152241
 3375.000000 15.159849 15.236001 26.127878 15.034739 14.984096 15.105528
 3380.000000 15.160978 15.255557 26.125311 14.995502 14.983071 15.053560
 3385.000000 15.145795 15.238630 26.097419 14.946558 14.982563 14.997449
 3390.000000 15.137630 15.210058 26.036118 14.889707 14.920895 14.940225
 3395.000000 15.125879 15.180414 25.965723 14.842725 14.854931 14.885976
 3400.000000 15.087431 15.131059 25.900927 14.795854 14.795782 14.877867
 3405.000000 15.032251 15.072581 25.825961 14.776347 14.776284 14.870086
 3410.000000 14.972050 15.009913 25.760509 14.749423 14.763798 14.872544
 3415.000000 14.933632 14.953570 25.724729 14.721766 14.775472 14.875136
 3420.000000 14.890572 14.887857 25.688760 14.699962 14.796940 14.886753
 3425.000000 14.841702 14.848748 25.675963 14.709276 14.861344 14.912106
 3430.000000 14.800396 14.807868 25.663911 14.733283 14.925412 14.944733
 3435.000000 14.773156 14.779647 25.685930 14.769821 15.009656 14.993453
 3440.000000 14.775625 14.748524 25.696358 14.798113 15.064424 15.020590
 3445.000000 14.807022 14.737010 25.729275 14.842980 15.104733 15.070808
 3450.000000 14.843803 14.744274 25.769171 14.902853 15.155139 15.118699
 3455.000000 14.877680 14.773601 25.788058 14.962906 15.199255 15.115854
 3460.000000 14.888546 14.784830 25.796114 15.010297 15.262004 15.100156
 3465.000000 14.931513 14.812237 25.839363 15.054312 15.323645 15.094170
 3470.000000 14.966277 14.849616 25.891160 15.091732 15.393135 15.081946
 3475.000000 14.998181 14.880518 25.922352 15.131666 15.437909 15.073336
 3480.000000 15.012940 14.939890 25.950064 15.169989 15.470006 15.065159
 3485.000000 15.044528 15.003147 25.993530 15.187415 15.495007 15.044023
 3490.000000 15.076511 15.039700 26.000782 15.173726 15.491254 14.984713
 3495.000000 15.093862 15.069805 25.975465 15.153198 15.469839 14.909873
 3500.000000 15.113875 15.112659 25.955264 15.128163 15.440787 14.825223
 3505.000000 15.146746 15.134014 25.932067 15.096896 15.392655 14.750413
 3510.000000 15.145652 15.118120 25.884291 15.057927 15.343216 14.696752
 3515.000000 15.136913 15.101519 25.848711 15.019408 15.289244 14.679006
 3520.000000 15.119990 15.084562 25.806697 14.988807 15.249942 14.654554
 3525.000000 15.131025 15.094933 25.783116 14.946007 15.185055 14.629236
 3530.000000 15.150884 15.109581 25.779117 14.912647 15.118393 14.630527
 3535.000000 15.126269 15.108860 25.783791 14.879069 15.079024 14.678139
 3540.000000 15.108518 15.065228 25.774811 14.831884 15.030804 14.724115
 3545.000000 15.098774 15.036589 25.771658 14.799098 14.986421 14.763779
 3550.000000 15.071547 15.009468 25.771151 14.788696 14.964513 14.822948
 3555.000000 15.050568 14.979642 25.781135 14.770678 14.938894 14.884137
 3560.000000 15.058043 14.969259 25.821860 14.742629 14.920239 14.945114
 3565.000000 15.075416 14.987064 25.857738 14.750014 14.895471 15.003385
 3570.000000 15.099990 15.007487 25.912100 14.760077 14.888135 15.067062
 3575.000000 15.121660 14.980167 25.955870 14.778849 14.893971 15.162625
 3580.000000 15.162213 14.969966 26.001385 14.804460 14.889228 15.247967
 3585.000000 15.202520 14.959436 26.046876 14.817090 14.906345 15.302397
 3590.000000 15.236516 14.933629 26.073260 14.837111 14.929908 15.348076
 3595.000000 15.259951 14.909050 26.089148 14.853203 14.937282 15.384817
 3600.000000 15.243820 14.898682 26.084624 14.877345 14.931587 15.430655
 3605.000000 15.226055 14.888253 26.081190 14.909029 14.942993 15.467107
 3610.000000 15.185593 14.887637 26.091110 14.937027 14.982627 15.511131
 3615.000000 15.146706 14.869268 26.095579 14.965293 15.010032 15.569707
 3620.000000 15.096771 14.825073 26.038924 14.963977 14.994498 15.578143
 3625.000000 15.039597 14.796505 25.969369 14.970951 14.976939 15.555257
 3630.000000 14.969956 14.800585 25.912892 14.983579 14.973861 15.533678
 3635.000000 14.913120 14.817538 25.850786 14.982492 14.958223 15.480465
 3640.000000 14.877472 14.815235 25.823281 14.945765 14.958903 15.443767
 3645.000000 14.854149 14.815262 25.810966 14.915323 14.983118 15.402131
 3650.000000 14.846732 14.825421 25.807762 14.882043 14.996188 15.356515
 3655.000000 14.836209 14.823291 25.795638 14.854558 15.010487 15.322931
 3660.000000 14.845478 14.860062 25.800130 14.833289 15.028475 15.256930
 3665.000000 14.870618 14.906738 25.797353 14.836756 15.032670 15.181565
 3670.000000 14.917612 14.948927 25.794719 14.834965 15.002444 15.120689
 3675.000000 14.968948 15.010049 25.801087 14.881283 14.997786 15.059714
 3680.000000 15.014642 15.052506 25.805813 14.913759 14.985652 15.015746
 3685.000000 15.046092 15.093724 25.824548 14.923966 14.984792 14.979384
 3690.000000 15.058586 15.112396 25.802089 14.930092 14.964032 14.926975
 3695.000000 15.055956 15.123358 25.770185 14.954302 14.979945 14.869392
 3700.000000 15.063492 15.115512 25.764861 14.967934 14.981859 14.870086
 3705.000000 15.073184 15.129611 25.760975 15.006158 14.972007 14.886116
 3710.000000 15.089991 15.130240 25.753171 15.060815 14.974335 14.903983
 3715.000000 15.113285 15.160927 25.806862 15.095078 14.994362 14.943507
 3720.000000 15.151988 15.171033 25.858275 15.139392 15.021843 14.990845
 3725.000000 15.150122 15.144779 25.889673 15.145556 15.046325 15.041127
 3730.000000 15.149674 15.136775 25.920450 15.159268 15.076469 15.070978
 3735.000000 15.153539 15.153613 25.959250 15.199687 15.108032 15.108034
 3740.000000 15.137190 15.160697 25.970600 15.225674 15.141562 15.118878
 3745.000000 15.158374 15.195165 26.015741 15.262461 15.173957 15.137888
 3750.000000 15.160838 15.202511 26.044356 15.279745 15.194908 15.162843
 3755.000000 15.153347 15.190410 26.066966 15.269768 15.195303 15.202700
 3760.000000 15.125138 15.161367 26.084449 15.234723 15.196056 15.248977
 3765.000000 15.088549 15.119161 26.102723 15.213277 15.241556 15.283840
 3770.000000 15.043404 15.075516 26.100698 15.172066 15.261592 15.293167
 3775.000000 15.013321 15.034008 26.087430 15.148587 15.257284 15.310803
 3780.000000 14.981423 15.015408 26.068149 15.107152 15.228021 15.298608
 3785.000000 14.965508 14.986373 26.028873 15.082276 15.204277 15.264516
 3790.000000 14.973210 14.945321 25.975925 15.081005 15.171672 15.222464
 3795.000000 14.992730 14.912832 25.942142 15.087374 15.149531 15.187855
 3800.000000 14.998352 14.856477 25.868625 15.078979 15.082914 15.154885
 3805.000000 15.021099 14.819334 25.800191 15.096216 15.008418 15.132989
 3810.000000 15.037729 14.806527 25.774270 15.108720 14.981260 15.107719
 3815.000000 15.059934 14.795630 25.739549 15.085458 14.929226 15.055400
 3820.000000 15.076944 14.805074 25.726524 15.030865 14.869294 15.009448
 3825.000000 15.111735 14.784253 25.726559 14.972892 14.810365 14.990167
 3830.000000 15.144964 14.790570 25.767454 14.927108 14.789629 14.988361
 3835.000000 15.190664 14.812220 25.823547 14.929027 14.805532 14.995008
 3840.000000 15.220720 14.833013 25.856572 14.944661 14.807369 15.005999
 3845.000000 15.256762 14.828814 25.871035 14.976022 14.805751 15.025166
 3850.000000 15.285213 14.858111 25.896367 15.005277 14.811943 15.032730
 3855.000000 15.296217 14.892797 25.915133 15.032430 14.822271 15.032422
 3860.000000 15.292029 14.919425 25.929758 15.052648 14.841832 15.031633
 3865.000000 15.297272 14.944443 25.963045 15.060988 14.866234 15.038372
 3870.000000 15.300158 14.935518 25.996534 15.058828 14.898008 15.061963
 3875.000000 15.296574 14.942105 26.032307 15.037167 14.908079 15.084834
 3880.000000 15.275475 14.943888 26.045483 15.017498 14.909051 15.101928
 3885.000000 15.231189 14.967086 26.067955 15.013218 14.941090 15.121275
 3890.000000 15.194892 14.972557 26.077420 15.010962 14.994661 15.111644
 3895.000000 15.198332 14.995993 26.120242 15.004747 15.057382 15.083360
 3900.000000 15.204152 15.028588 26.157275 14.993111 15.100541 15.050637
 3905.000000 15.197276 15.036774 26.191732 14.950692 15.140095 15.024844
 3910.000000 15.206347 15.039321 26.206282 14.926680 15.147837 15.001782
 3915.000000 15.210405 15.043967 26.201649 14.927567 15.152941 14.969861
 3920.000000 15.200727 15.054236 26.176617 14.954348 15.155859 14.941172
 3925.000000 15.166673 15.047008 26.136717 14.959359 15.155762 14.909688
 3930.000000 15.127180 15.047948 26.099096 14.973960 15.166227 14.880947
 3935.000000 15.103137 15.058661 26.060271 15.007604 15.179395 14.840701
 3940.000000 15.084720 15.093145 26.047913 15.062471 15.198206 14.833190
 3945.000000 15.064837 15.089490 26.028977 15.095224 15.194389 14.856150
 3950.000000 15.050641 15.088847 26.011318 15.135306 15.187497 14.883225
 3955.000000 15.030483 15.062657 26.003007 15.153030 15.183858 14.932186
 3960.000000 15.001084 15.029109 25.988729 15.156288 15.178891 14.975768
 3965.000000 14.991362 14.975810 25.957787 15.157930 15.165859 14.999474
 3970.000000 14.968460 14.938971 25.914298 15.182162 15.178657 14.994723
 3975.000000 14.955504 14.886817 25.862041 15.224923 15.193579 14.997593
 3980.000000 14.958978 14.837530 25.815943 15.245878 15.181579 14.996325
 3985.000000 14.983401 14.811572 25.782507 15.264227 15.145145 14.993074
 3990.000000 15.009574 14.804697 25.762676 15.267409 15.083865 15.001613
 3995.000000 15.010860 14.792181 25.721915 15.264516 15.026247 14.995070
 4000.000000 15.038372 14.799450 25.714772 15.239214 14.968415 14.978253
 4005.000000 15.072033 14.808198 25.732086 15.227672 14.943662 14.977549
 4010.000000 15.097734 14.812494 25.761265 15.203371 14.947259 14.969412
 4015.000000 15.116028 14.834968 25.801080 15.156495 14.948911 14.948374
 4020.000000 15.143882 14.841384 25.831832 15.083535 14.910604 14.931881
 4025.000000 15.158748 14.831922 25.856432 15.020941 14.891406 14.926012
 4030.000000 15.186013 14.826524 25.899944 14.973999 14.875106 14.949596
 4035.000000 15.204010 14.841761 25.945160 14.939747 14.861895 14.973907
 4040.000000 15.207201 14.874375 25.988110 14.946949 14.898255 14.984930
 4045.000000 15.206765 14.892034 26.013914 14.999251 14.946738 15.018158
 4050.000000 15.203714 14.896208 26.042156 15.050585 14.991741 15.074359
 4055.000000 15.200291 14.949808 26.077914 15.077954 14.994121 15.112474
 4060.000000 15.171888 14.999384 26.080118 15.088608 14.986978 15.115499
 4065.000000 15.150205 15.027039 26.082737 15.106109 14.998402 15.123120
 4070.000000 15.124509 15.077517 26.109003 15.100133 15.029098 15.111658
 4075.000000 15.102414 15.127270 26.138831 15.083279 15.057678 15.094340
 4080.000000 15.078242 15.148718 26.167285 15.067429 15.090093 15.103208
 4085.000000 15.073543 15.143408 26.181257 15.044647 15.104588 15.107746
 4090.000000 15.040940 15.164098 26.197849 15.022221 15.135265 15.102153
 4095.000000 15.013707 15.156902 26.198551 15.009594 15.164493 15.102242
 4100.000000 14.963399 15.143589 26.167124 14.991375 15.185347 15.078312
 4105.000000 14.907987 15.117363 26.112965 14.966941 15.181063 15.052289
 4110.000000 14.850776 15.106326 26.059054 14.954999 15.188417 15.012481
 4115.000000 14.830342 15.099044 26.014578 14.941410 15.167751 14.976264
 4120.000000 14.825664 15.104132 25.974491 14.931729 15.124656 14.940269
 4125.000000 14.841435 15.104709 25.942765 14.922865 15.069958 14.917748
 4130.000000 14.847384 15.089137 25.915878 14.924049 15.032096 14.927565
 4135.000000 14.862119 15.083292 25.888307 14.934649 14.992211 14.927767
 4140.000000 14.872293 15.106897 25.879676 14.935380 14.952571 14.926747
 4145.000000 14.883470 15.146856 25.865667 14.943412 14.930854 14.890496
 4150.000000 14.884173 15.173363 25.842056 14.944629 14.895720 14.870461
 4155.000000 14.889610 15.191190 25.818971 14.944152 14.854516 14.857786
 4160.000000 14.904676 15.174545 25.818756 14.959792 14.839154 14.891508
 4165.000000 14.923125 15.110193 25.805114 14.974426 14.844863 14.928089
 4170.000000 14.945602 15.098992 25.782802 14.991897 14.820647 14.927945
 4175.000000 14.967180 15.093646 25.789178 15.016300 14.816543 14.963185
 4180.000000 14.991831 15.092517 25.808235 15.013162 14.822652 14.975732
 4185.000000 15.023243 15.102667 25.841828 15.010941 14.838522 14.986607
 4190.000000 15.043467 15.096339 25.845714 15.027904 14.839869 15.006964
 4195.000000 15.048865 15.115133 25.867198 15.055035 14.853622 15.038774
 4200.000000 15.037993 15.125046 25.888526 15.086020 14.882726 15.084191
 4205.000000 15.033194 15.158642 25.912549 15.106399 14.919059 15.090756
 4210.000000 15.061669 15.177786 25.939533 15.097213 14.916038 15.096982
 4215.000000 15.077558 15.156894 25.950445 15.103309 14.910725 15.146183
 4220.000000 15.097336 15.117258 25.954050 15.106445 14.910741 15.188659
 4225.000000 15.107098 15.091604 25.969217 15.094560 14.927490 15.219489
 4230.000000 15.130767 15.071431 25.999558 15.083105 14.959645 15.242525
 4235.000000 15.157582 15.053975 25.996357 15.082229 14.963159 15.244844
 4240.000000 15.166957 15.040064 25.982327 15.075323 14.972590 15.233105
 4245.000000 15.142556 15.038634 25.964447 15.065999 15.006072 15.204506
 4250.000000 15.120066 15.030165 25.942406 15.061862 15.044650 15.169684
 4255.000000 15.097448 15.000012 25.905804 15.064803 15.086682 15.129943
 4260.000000 15.079177 14.964765 25.852612 15.042863 15.090194 15.078165
 4265.000000 15.093592 14.940184 25.843509 15.027174 15.086736 15.070545
 4270.000000 15.074627 14.914562 25.822479 15.011119 15.107162 15.052653
 4275.000000 15.038483 14.902426 25.770852 14.971671 15.098230 14.997507
 4280.000000 15.022244 14.895214 25.755504 14.947357 15.098427 14.982975
 4285.000000 15.015439 14.920816 25.749712 14.936925 15.097703 14.954415
 4290.000000 15.005663 14.948954 25.760095 14.901872 15.095953 14.935922
 4295.000000 14.996066 14.958127 25.749076 14.873659 15.091926 14.916053
 4300.000000 15.025371 14.970892 25.753364 14.902946 15.106288 14.912003
 4305.000000 15.038427 14.984858 25.764514 14.938238 15.148085 14.910364
 4310.000000 15.049251 15.003693 25.765602 14.959260 15.170381 14.896393
 4315.000000 15.063899 15.035518 25.784026 14.985872 15.215994 14.869975
 4320.000000 15.064760 15.034732 25.792910 15.004275 15.247913 14.869871
 4325.000000 15.063050 15.020151 25.815264 15.021426 15.285383 14.897625
 4330.000000 15.087220 15.012267 25.826740 15.052293 15.291844 14.925381
 4335.000000 15.114465 15.001128 25.843420 15.089024 15.307962 14.967775
 4340.000000 15.161735 15.005455 25.892168 15.101653 15.311955 15.014814
 4345.000000 15.204887 15.008075 25.941001 15.091381 15.298548 15.057398
 4350.000000 15.224361 15.007011 25.967346 15.080039 15.284820 15.079616
 4355.000000 15.239677 15.000713 25.975219 15.078404 15.250473 15.108720
 4360.000000 15.228314 15.025479 25.984756 15.056940 15.211426 15.105880
 4365.000000 15.210851 15.051743 25.992935 15.010220 15.175552 15.085186
 4370.000000 15.197242 15.073493 25.992769 14.981800 15.152522 15.068910
 4375.000000 15.190974 15.091775 26.004232 14.945174 15.136702 15.051738
 4380.000000 15.199640 15.083690 26.013597 14.890611 15.115768 15.030775
 4385.000000 15.213949 15.087492 26.026208 14.844412 15.085088 15.006229
 4390.000000 15.207682 15.059578 26.019168 14.804896 15.063745 15.003741
 4395.000000 15.193558 15.047145 25.998586 14.766097 15.034427 14.989969
 4400.000000 15.157494 15.037114 25.960065 14.763293 15.013873 14.994567
 4405.000000 15.117144 15.028094 25.922441 14.769314 14.997068 15.010466
 4410.000000 15.088649 14.976513 25.879822 14.760472 14.981610 15.023556
 4415.000000 15.063735 14.937196 25.824841 14.771010 14.956182 15.025763
 4420.000000 15.059580 14.946442 25.782490 14.796000 14.897443 15.023030
 4425.000000 15.043038 14.979598 25.756472 14.838822 14.856668 15.033923
 4430.000000 15.057249 15.032608 25.788729 14.889644 14.854632 15.068028
 4435.000000 15.065929 15.074042 25.809775 14.929728 14.850635 15.092073
 4440.000000 15.081164 15.111642 25.823718 14.945190 14.822837 15.095278
 4445.000000 15.085703 15.126699 25.820603 14.964680 14.803434 15.103723
 4450.000000 15.073247 15.142362 25.807516 14.996591 14.785101 15.114296
 4455.000000 15.083717 15.136701 25.810317 15.017005 14.761223 15.146430
 4460.000000 15.096457 15.163014 25.819119 15.032779 14.726998 15.160343
 4465.000000 15.114143 15.193781 25.852817 15.052337 14.706461 15.196151
 4470.000000 15.109959 15.213506 25.879866 15.046808 14.712250 15.207454
 4475.000000 15.084401 15.218653 25.887734 15.039384 14.725932 15.211926
 4480.000000 15.065363 15.216867 25.912269 15.034274 14.761729 15.222464
 4485.000000 15.008218 15.216022 25.928615 15.005289 14.798982 15.240037
 4490.000000 14.967538 15.215182 25.953034 14.984200 14.853730 15.246383
 4495.000000 14.924304 15.225428 25.975822 14.976064 14.921477 15.240937
 4500.000000 14.890937 15.226559 25.993234 14.967479 14.973357 15.235114
 4505.000000 14.887274 15.223757 26.001498 14.961541 14.994962 15.224031
 4510.000000 14.878887 15.221681 26.017630 14.973959 15.007646 15.260639
 4515.000000 14.880793 15.219965 26.039085 14.985192 15.021922 15.285947
 4520.000000 14.883055 15.213393 26.069043 14.970628 15.050644 15.292030
 4525.000000 14.878097 15.202219 26.084765 14.957807 15.076071 15.292003
 4530.000000 14.872474 15.201277 26.101407 14.954579 15.121702 15.273970
 4535.000000 14.871089 15.193338 26.099637 14.943572 15.139577 15.247200
 4540.000000 14.865419 15.171292 26.077875 14.918345 15.132976 15.212196
 4545.000000 14.866802 15.150743 26.063540 14.890892 15.125275 15.178154
 4550.000000 14.908124 15.146284 26.043630 14.890096 15.100150 15.123962
 4555.000000 14.964134 15.122404 26.003525 14.882999 15.052795 15.060404
 4560.000000 15.001194 15.094781 25.953412 14.882501 15.017627 15.000707
 4565.000000 15.032248 15.076535 25.905420 14.915946 14.992143 14.963917
 4570.000000 15.058908 15.064699 25.861018 14.963185 14.983071 14.927170
 4575.000000 15.059791 15.044695 25.809642 15.014623 14.987217 14.908834
 4580.000000 15.062688 15.053610 25.775507 15.035338 14.987108 14.858529
 4585.000000 15.066449 15.060591 25.740031 15.067179 14.979201 14.820341
 4590.000000 15.093178 15.026717 25.721082 15.072817 14.970020 14.813146
 4595.000000 15.124124 14.980060 25.713528 15.084844 14.965522 14.831642
 4600.000000 15.180745 14.948934 25.724946 15.111609 14.981878 14.837551
 4605.000000 15.233378 14.920806 25.734747 15.131056 14.996687 14.838360
 4610.000000 15.273848 14.910326 25.769206 15.158774 15.040572 14.848152
 4615.000000 15.315232 14.860518 25.798399 15.162914 15.075665 14.866663
 4620.000000 15.327091 14.804932 25.827254 15.132725 15.109069 14.881386
 4625.000000 15.319956 14.727252 25.821695 15.083669 15.135539 14.878523
 4630.000000 15.279999 14.649489 25.820691 15.044773 15.193876 14.901265
 4635.000000 15.244994 14.607206 25.806368 15.009082 15.223076 14.884171
 4640.000000 15.198337 14.556276 25.809394 14.951880 15.255916 14.894832
 4645.000000 15.134894 14.538014 25.800193 14.910953 15.273245 14.897268
 4650.000000 15.078205 14.552030 25.789660 14.880219 15.284878 14.874036
 4655.000000 15.042127 14.587653 25.814796 14.853363 15.304407 14.868724
 4660.000000 15.030775 14.626469 25.857758 14.850340 15.332367 14.886184
 4665.000000 15.039453 14.662171 25.890287 14.859734 15.347241 14.886316
 4670.000000 15.053455 14.738110 25.943564 14.877291 15.358418 14.879961
 4675.000000 15.044136 14.772817 25.977266 14.892128 15.362271 14.905494
 4680.000000 15.040906 14.812352 26.007014 14.912498 15.348433 14.939651
 4685.000000 15.049804 14.845443 26.050487 14.914994 15.333961 14.979610
 4690.000000 15.056607 14.871672 26.090109 14.928633 15.341982 15.013510
 4695.000000 15.043097 14.908829 26.096933 14.947271 15.334857 15.014825
 4700.000000 15.045998 14.954459 26.095867 14.961700 15.294524 15.008332
 4705.000000 15.047521 14.986880 26.081010 14.964433 15.247962 14.986742
 4710.000000 15.069759 14.987659 26.073828 14.973554 15.195624 14.999253
 4715.000000 15.056925 14.986378 26.046793 14.947475 15.126208 14.998667
 4720.000000 15.064710 14.994319 26.020716 14.926283 15.048319 14.987193
 4725.000000 15.111131 14.998520 26.017973 14.930234 14.983490 14.994645
 4730.000000 15.149960 15.019458 26.026136 14.944758 14.934486 15.002654
 4735.000000 15.172601 15.042661 26.032258 14.940247 14.885847 15.001319
 4740.000000 15.168728 15.039198 26.019623 14.933901 14.842284 15.015556
 4745.000000 15.143084 15.022510 26.000675 14.935350 14.825097 15.034339
 4750.000000 15.121426 14.989843 25.961954 14.936926 14.789598 15.052217
 4755.000000 15.117940 14.994688 25.936977 14.983197 14.770521 15.068195
 4760.000000 15.108703 14.981276 25.907426 15.041083 14.776564 15.087771
 4765.000000 15.097987 14.948310 25.872007 15.076227 14.761442 15.116461
 4770.000000 15.079566 14.916576 25.835856 15.104213 14.748446 15.139332
 4775.000000 15.056566 14.881072 25.793478 15.126840 14.739520 15.152570
 4780.000000 15.037013 14.844442 25.760004 15.151581 14.752663 15.158963
 4785.000000 15.015539 14.819207 25.731493 15.170306 14.760445 15.164272
 4790.000000 14.995832 14.797896 25.738306 15.192861 14.780485 15.217102
 4795.000000 14.990702 14.792122 25.753148 15.189828 14.778109 15.251160
 4800.000000 14.955029 14.782790 25.767878 15.144637 14.768151 15.285318
 4805.000000 14.939263 14.771472 25.791637 15.100279 14.774423 15.300570
 4810.000000 14.917317 14.751714 25.832149 15.040429 14.814925 15.308487
 4815.000000 14.898824 14.768785 25.877831 15.020375 14.871156 15.311474
 4820.000000 14.908665 14.785664 25.927873 14.996370 14.915091 15.301377
 4825.000000 14.911327 14.803655 25.980766 14.986102 14.965487 15.310058
 4830.000000 14.914429 14.824601 26.039064 14.982645 15.018630 15.329993
 4835.000000 14.899938 14.841993 26.062644 14.993413 15.075295 15.322008
 4840.000000 14.905961 14.890078 26.077807 15.010410 15.117640 15.267904
 4845.000000 14.909002 14.940785 26.095584 15.023617 15.150485 15.224973
 4850.000000 14.907450 14.992339 26.113587 15.041156 15.188185 15.184983
 4855.000000 14.899403 15.016283 26.119467 15.048295 15.223310 15.150165
 4860.000000 14.924451 15.062556 26.138458 15.051682 15.215949 15.121855
 4865.000000 14.954829 15.123889 26.162710 15.057893 15.187371 15.106810
 4870.000000 14.975017 15.158918 26.166151 15.039512 15.142530 15.084227
 4875.000000 14.991492 15.179678 26.144653 15.028768 15.099460 15.042071
 4880.000000 14.997971 15.206535 26.097931 15.030242 15.064518 14.963812
 4885.000000 15.000807 15.224318 26.051144 15.016567 15.018513 14.894370
 4890.000000 14.999349 15.228555 26.000849 15.002181 14.977195 14.831367
 4895.000000 15.013077 15.219235 25.947290 14.980289 14.929344 14.760345
 4900.000000 15.018746 15.204987 25.892421 14.966134 14.873318 14.716306
 4905.000000 15.023454 15.177939 25.836071 14.971149 14.834222 14.685668
 4910.000000 15.042437 15.184280 25.800469 14.992437 14.792146 14.662780
 4915.000000 15.063742 15.203083 25.781485 15.019512 14.756930 14.652811
 4920.000000 15.102801 15.199900 25.772774 14.993480 14.708392 14.625185
 4925.000000 15.112907 15.152411 25.784679 14.929530 14.697446 14.630056
 4930.000000 15.090008 15.097200 25.800680 14.870399 14.723224 14.651160
 4935.000000 15.075752 15.064353 25.826077 14.844488 14.758807 14.681336
 4940.000000 15.057643 15.039245 25.854228 14.827221 14.787357 14.727328
 4945.000000 15.042924 14.991236 25.866201 14.804080 14.802096 14.773096
 4950.000000 15.042082 14.939914 25.882871 14.786153 14.831067 14.807369
 4955.000000 15.041204 14.896281 25.912533 14.779910 14.882406 14.846553
 4960.000000 15.052607 14.867763 25.959482 14.779919 14.924848 14.903663
 4965.000000 15.072003 14.848105 26.022242 14.801767 14.984442 14.975860
 4970.000000 15.071082 14.811952 26.060551 14.815853 15.029117 15.049696
 4975.000000 15.091137 14.800407 26.107885 14.832027 15.067965 15.101658
 4980.000000 15.101125 14.792740 26.154748 14.838000 15.125402 15.130722
 4985.000000 15.130467 14.785129 26.189303 14.858789 15.166332 15.150041
 4990.000000 15.132242 14.750807 26.193440 14.872144 15.203311 15.166960
 4995.000000 15.135532 14.710267 26.168344 14.898002 15.201119 15.187999
 5000.000000 15.131376 14.682430 26.135745 14.925661 15.207127 15.184632
