  678 base-pairs
...     1 A-T ...
    0.0000    0.0000    0.0000
    1.0000    0.0000    0.0000
    0.0000    1.0000    0.0000
    0.0000    0.0000    1.0000
...     2 C-G ...
    0.3695   -0.4371    3.3912
    0.8523    0.5227   -0.0183
   -0.5228    0.8524   -0.0064
    0.0123    0.0151    0.9998
...     3 A-T ...
    0.2842   -0.2554    6.7738
    0.3934    0.9118   -0.1177
   -0.9159    0.3998    0.0356
    0.0795    0.0938    0.9924
...     4 G-C ...
    0.8017    0.2438   10.0896
   -0.1739    0.9749   -0.1387
   -0.9829   -0.1633    0.0850
    0.0602    0.1511    0.9867
...     5 G-C ...
    1.3678    1.0192   13.2611
   -0.6862    0.7148   -0.1350
   -0.7271   -0.6678    0.1593
    0.0237    0.2075    0.9779
...     6 A-T ...
    1.5771    1.6279   16.5598
   -0.9775    0.1905   -0.0907
   -0.2054   -0.9574    0.2029
   -0.0482    0.2169    0.9750
...     7 T-A ...
    1.4183    2.9115   19.7431
   -0.9433   -0.3281    0.0504
    0.3311   -0.9190    0.2141
   -0.0240    0.2187    0.9755
...     8 G-C ...
    1.1765    3.3114   23.0993
   -0.5760   -0.8147    0.0674
    0.8104   -0.5583    0.1779
   -0.1073    0.1571    0.9817
...     9 T-A ...
    0.3509    4.1916   26.3197
   -0.0660   -0.9882    0.1384
    0.9902   -0.0477    0.1312
   -0.1230    0.1457    0.9816
...    10 A-T ...
    0.0067    4.5397   29.6238
    0.5413   -0.8345    0.1031
    0.8348    0.5480    0.0522
   -0.1001    0.0578    0.9933
...    11 A-T ...
   -0.4421    4.6246   32.8689
    0.9262   -0.3657    0.0921
    0.3706    0.9278   -0.0434
   -0.0696    0.0743    0.9948
...    12 C-G ...
   -0.4978    4.3360   36.2955
    0.9844    0.1719    0.0376
   -0.1679    0.9816   -0.0915
   -0.0526    0.0838    0.9951
...    13 C-G ...
   -0.3406    4.2392   39.6039
    0.7335    0.6749   -0.0809
   -0.6796    0.7301   -0.0714
    0.0109    0.1073    0.9942
...    14 T-A ...
   -0.0480    4.4194   42.9794
    0.2425    0.9582   -0.1517
   -0.9682    0.2489    0.0243
    0.0611    0.1410    0.9881
...    15 G-C ...
   -0.0404    5.2164   46.2728
   -0.3628    0.9086   -0.2070
   -0.9302   -0.3399    0.1384
    0.0554    0.2428    0.9685
...    16 C-G ...
    0.1892    6.0937   49.5297
   -0.8253    0.5552   -0.1035
   -0.5627   -0.7927    0.2344
    0.0481    0.2517    0.9666
...    17 A-T ...
    0.2847    6.7825   52.8461
   -0.9986   -0.0267   -0.0459
    0.0127   -0.9597    0.2807
   -0.0515    0.2797    0.9587
...    18 G-C ...
   -0.1595    7.8705   56.0290
   -0.8256   -0.5613    0.0568
    0.5560   -0.7922    0.2515
   -0.0962    0.2392    0.9662
...    19 A-T ...
   -0.3738    8.7863   59.2557
   -0.3529   -0.9279    0.1198
    0.9283   -0.3312    0.1692
   -0.1173    0.1709    0.9783
...    20 T-A ...
   -1.3215    9.4448   62.4920
    0.1764   -0.9610    0.2129
    0.9776    0.1964    0.0762
   -0.1151    0.1947    0.9741
...    21 A-T ...
   -1.6071    9.9785   65.7769
    0.7279   -0.6731    0.1312
    0.6820    0.7305   -0.0362
   -0.0714    0.1159    0.9907
...    22 C-G ...
   -1.8785    9.8034   69.2008
    0.9781   -0.1940    0.0747
    0.2013    0.9738   -0.1059
   -0.0522    0.1186    0.9916
...    23 T-A ...
   -2.0553    9.8915   72.5880
    0.9307    0.3635   -0.0402
   -0.3657    0.9264   -0.0894
    0.0047    0.0979    0.9952
...    24 A-T ...
   -1.9407   10.3379   75.8962
    0.5316    0.8295   -0.1715
   -0.8437    0.5365   -0.0202
    0.0753    0.1554    0.9850
...    25 C-G ...
   -1.1203   10.9369   79.1819
    0.0108    0.9846   -0.1747
   -0.9976    0.0226    0.0661
    0.0690    0.1736    0.9824
...    26 C-G ...
   -0.4681   11.7544   82.3261
   -0.5407    0.8236   -0.1712
   -0.8393   -0.5144    0.1762
    0.0571    0.2390    0.9693
...    27 A-T ...
   -0.4026   12.4389   85.6442
   -0.9261    0.3524   -0.1346
   -0.3765   -0.8856    0.2718
   -0.0234    0.3024    0.9529
...    28 A-T ...
   -0.4387   13.5766   88.7172
   -0.9727   -0.2308    0.0259
    0.2289   -0.9340    0.2742
   -0.0391    0.2726    0.9613
...    29 A-T ...
   -0.6233   14.6122   91.8209
   -0.6606   -0.7339    0.1580
    0.7500   -0.6356    0.1831
   -0.0340    0.2394    0.9703
...    30 A-T ...
   -0.8672   15.4815   94.9712
   -0.1051   -0.9714    0.2130
    0.9944   -0.1005    0.0322
   -0.0099    0.2152    0.9765
...    31 G-C ...
   -1.0844   15.9634   98.3227
    0.4538   -0.8805    0.1371
    0.8908    0.4438   -0.0981
    0.0255    0.1667    0.9857
...    32 T-A ...
   -1.5325   16.2888  101.7170
    0.8522   -0.5205    0.0535
    0.5225    0.8410   -0.1404
    0.0281    0.1476    0.9886
...    33 G-C ...
   -1.0697   16.8755  105.0221
    0.9900    0.0431   -0.1343
   -0.0586    0.9917   -0.1141
    0.1283    0.1208    0.9844
...    34 T-A ...
   -0.6248   16.7010  108.4279
    0.8116    0.5537   -0.1861
   -0.5655    0.8247   -0.0122
    0.1467    0.1152    0.9824
...    35 A-T ...
   -0.0678   17.2233  111.6796
    0.3058    0.9208   -0.2422
   -0.9307    0.3427    0.1278
    0.2006    0.1863    0.9618
...    36 T-A ...
    1.1586   17.7684  114.8426
   -0.2160    0.9692   -0.1184
   -0.9558   -0.1851    0.2285
    0.1995    0.1625    0.9663
...    37 T-A ...
    1.9943   18.4884  117.9285
   -0.7298    0.6829    0.0303
   -0.6477   -0.7050    0.2889
    0.2186    0.1913    0.9569
...    38 T-A ...
    2.7445   19.3769  120.9923
   -0.9711    0.1487    0.1865
   -0.0990   -0.9626    0.2520
    0.2171    0.2263    0.9496
...    39 G-C ...
    3.1903   19.9174  124.3077
   -0.8686   -0.4522    0.2025
    0.4816   -0.8667    0.1302
    0.1166    0.2106    0.9706
...    40 G-C ...
    3.1846   20.8683  127.4819
   -0.4699   -0.8650    0.1756
    0.8795   -0.4757    0.0104
    0.0745    0.1594    0.9844
...    41 A-T ...
    3.4781   21.5522  130.7594
    0.1102   -0.9908    0.0786
    0.9900    0.1024   -0.0967
    0.0878    0.0885    0.9922
...    42 A-T ...
    3.6106   21.8050  134.0241
    0.6598   -0.7513   -0.0139
    0.7414    0.6539   -0.1507
    0.1223    0.0891    0.9885
...    43 A-T ...
    3.9071   21.9773  137.2832
    0.9639   -0.2373   -0.1205
    0.2200    0.9652   -0.1411
    0.1498    0.1095    0.9826
...    44 C-G ...
    4.6752   21.8390  140.6326
    0.9338    0.3002   -0.1945
   -0.3174    0.9462   -0.0636
    0.1649    0.1211    0.9788
...    45 T-A ...
    5.3893   21.9754  143.9467
    0.6008    0.7619   -0.2418
   -0.7675    0.6344    0.0921
    0.2236    0.1303    0.9659
...    46 G-C ...
    6.0938   22.7887  147.1599
    0.0278    0.9705   -0.2394
   -0.9656    0.0880    0.2447
    0.2586    0.2244    0.9396
...    47 C-G ...
    7.0279   23.5801  150.3112
   -0.5252    0.8481   -0.0699
   -0.8117   -0.4746    0.3404
    0.2556    0.2355    0.9377
...    48 T-A ...
    8.1084   24.5756  153.3695
   -0.8939    0.4401    0.0848
   -0.3841   -0.8497    0.3612
    0.2310    0.2903    0.9286
...    49 C-G ...
    8.5162   25.6783  156.5181
   -0.9645   -0.1409    0.2232
    0.2038   -0.9349    0.2905
    0.1677    0.3257    0.9305
...    50 C-G ...
    8.7259   27.1048  159.5016
   -0.7044   -0.6492    0.2870
    0.7019   -0.6973    0.1454
    0.1057    0.3039    0.9468
...    51 A-T ...
    9.2363   28.0348  162.7198
   -0.1822   -0.9576    0.2230
    0.9815   -0.1906   -0.0163
    0.0582    0.2159    0.9747
...    52 T-A ...
    8.8729   28.7652  166.0575
    0.3541   -0.9125    0.2050
    0.9335    0.3317   -0.1359
    0.0560    0.2394    0.9693
...    53 C-G ...
    9.2378   29.2253  169.3668
    0.8198   -0.5716    0.0356
    0.5675    0.8025   -0.1841
    0.0767    0.1711    0.9823
...    54 A-T ...
    9.5656   29.9697  172.6563
    0.9845   -0.0230   -0.1738
   -0.0018    0.9899   -0.1414
    0.1753    0.1395    0.9746
...    55 A-T ...
   10.1600   30.2689  175.8651
    0.7984    0.5499   -0.2453
   -0.5752    0.8170   -0.0408
    0.1779    0.1737    0.9686
...    56 A-T ...
   10.8503   30.7192  179.0369
    0.3152    0.9167   -0.2454
   -0.9354    0.3438    0.0828
    0.1602    0.2034    0.9659
...    57 A-T ...
   11.5297   31.3496  182.1802
   -0.2866    0.9421   -0.1740
   -0.9494   -0.2549    0.1837
    0.1287    0.2179    0.9675
...    58 G-C ...
   12.0361   32.3786  185.3734
   -0.7642    0.6366   -0.1038
   -0.6404   -0.7296    0.2401
    0.0771    0.2499    0.9652
...    59 G-C ...
   12.3876   33.6386  188.4178
   -0.9930    0.1164   -0.0197
   -0.1173   -0.9557    0.2698
    0.0126    0.2702    0.9627
...    60 C-G ...
   12.3980   34.6149  191.6545
   -0.8859   -0.4467    0.1253
    0.4639   -0.8536    0.2371
    0.0011    0.2682    0.9634
...    61 A-T ...
   12.5192   35.3884  194.9514
   -0.4558   -0.8787    0.1422
    0.8872   -0.4356    0.1518
   -0.0714    0.1954    0.9781
...    62 T-A ...
   11.7381   36.1929  198.1992
    0.0683   -0.9724    0.2231
    0.9954    0.0813    0.0498
   -0.0665    0.2187    0.9735
...    63 G-C ...
   11.8021   36.6928  201.5501
    0.6319   -0.7666    0.1141
    0.7745    0.6301   -0.0557
   -0.0292    0.1236    0.9919
...    64 T-A ...
   11.2327   36.7600  204.9411
    0.9439   -0.3255    0.0560
    0.3295    0.9397   -0.0922
   -0.0226    0.1055    0.9942
...    65 T-A ...
   11.2275   36.8417  208.2172
    0.9608    0.2771   -0.0130
   -0.2773    0.9581   -0.0723
   -0.0076    0.0731    0.9973
...    66 C-G ...
   11.5625   37.2348  211.5383
    0.6291    0.7697   -0.1082
   -0.7747    0.6323   -0.0067
    0.0633    0.0880    0.9941
...    67 A-T ...
   11.6140   37.6146  214.9051
    0.0625    0.9797   -0.1905
   -0.9930    0.0802    0.0867
    0.1002    0.1837    0.9779
...    68 G-C ...
   12.1247   38.4858  218.1442
   -0.4941    0.8525   -0.1709
   -0.8672   -0.4690    0.1676
    0.0628    0.2310    0.9709
...    69 C-G ...
   12.3702   39.3290  221.4089
   -0.8981    0.4361   -0.0572
   -0.4365   -0.8676    0.2382
    0.0542    0.2389    0.9695
...    70 T-A ...
   12.6312   40.4312  224.6071
   -0.9921   -0.1192    0.0381
    0.1251   -0.9547    0.2699
    0.0042    0.2726    0.9621
...    71 G-C ...
   12.4155   41.0585  227.9302
   -0.7365   -0.6704    0.0907
    0.6704   -0.7054    0.2302
   -0.0903    0.2303    0.9689
...    72 G-C ...
   11.6815   41.9598  231.0331
   -0.2427   -0.9604    0.1370
    0.9628   -0.2212    0.1553
   -0.1188    0.1696    0.9783
...    73 A-T ...
   11.2881   42.6842  234.2915
    0.3577   -0.9248    0.1298
    0.9296    0.3658    0.0443
   -0.0884    0.1048    0.9905
...    74 T-A ...
   10.5164   42.7356  237.6392
    0.7854   -0.5987    0.1571
    0.6104    0.7913   -0.0358
   -0.1028    0.1240    0.9869
...    75 T-A ...
   10.1613   42.8699  240.8943
    0.9943   -0.0318    0.1021
    0.0405    0.9956   -0.0850
   -0.0990    0.0887    0.9911
...    76 C-G ...
   10.2181   43.1969  244.2389
    0.8431    0.5373   -0.0208
   -0.5370    0.8395   -0.0828
   -0.0270    0.0810    0.9963
...    77 C-G ...
   10.5787   43.2473  247.5324
    0.4121    0.9025   -0.1250
   -0.9109    0.4114   -0.0322
    0.0224    0.1271    0.9916
...    78 A-T ...
   10.4762   43.7147  250.8870
   -0.1880    0.9576   -0.2184
   -0.9816   -0.1756    0.0753
    0.0337    0.2286    0.9729
...    79 G-C ...
   10.6933   44.7715  254.1038
   -0.6935    0.6921   -0.2002
   -0.7203   -0.6716    0.1734
   -0.0145    0.2645    0.9643
...    80 C-G ...
   10.6609   45.7338  257.3445
   -0.9789    0.1889   -0.0781
   -0.2029   -0.9442    0.2595
   -0.0247    0.2699    0.9626
...    81 T-A ...
   10.5781   46.9486  260.5113
   -0.9288   -0.3693    0.0326
    0.3616   -0.8831    0.2988
   -0.0816    0.2893    0.9538
...    82 G-C ...
   10.1545   47.5852  263.8125
   -0.5410   -0.8346    0.1035
    0.8252   -0.5031    0.2568
   -0.1622    0.2244    0.9609
...    83 A-T ...
    9.6659   48.4835  267.0142
    0.0382   -0.9861    0.1614
    0.9872    0.0622    0.1468
   -0.1548    0.1538    0.9759
...    84 A-T ...
    9.0033   48.9564  270.1886
    0.6048   -0.7722    0.1947
    0.7872    0.6167    0.0005
   -0.1204    0.1530    0.9809
...    85 C-G ...
    8.4744   48.9201  273.5866
    0.9292   -0.3387    0.1482
    0.3556    0.9284   -0.1077
   -0.1011    0.1528    0.9831
...    86 A-T ...
    8.1585   49.6155  276.8880
    0.9699    0.2405   -0.0384
   -0.2435    0.9593   -0.1432
    0.0024    0.1483    0.9889
...    87 T-A ...
    8.4084   49.6168  280.3149
    0.7031    0.7061   -0.0839
   -0.7108    0.6949   -0.1091
   -0.0187    0.1363    0.9905
...    88 G-C ...
    8.3398   50.4521  283.5981
    0.1674    0.9591   -0.2284
   -0.9854    0.1697   -0.0096
    0.0295    0.2267    0.9735
...    89 C-G ...
    8.5064   51.2459  286.8801
   -0.4186    0.8848   -0.2048
   -0.9077   -0.4007    0.1244
    0.0280    0.2380    0.9709
...    90 C-G ...
    8.8734   52.4276  289.9540
   -0.8476    0.5048   -0.1637
   -0.5306   -0.8126    0.2412
   -0.0113    0.2913    0.9566
...    91 T-A ...
    8.9454   53.6941  293.1008
   -0.9982   -0.0341   -0.0488
    0.0161   -0.9439    0.3298
   -0.0573    0.3284    0.9428
...    92 T-A ...
    8.6029   54.9758  296.0974
   -0.8049   -0.5753    0.1458
    0.5877   -0.7385    0.3305
   -0.0825    0.3517    0.9325
...    93 T-A ...
    8.0778   56.2046  299.0897
   -0.3166   -0.8982    0.3050
    0.9412   -0.2576    0.2184
   -0.1176    0.3562    0.9270
...    94 T-A ...
    7.4319   57.2899  302.1137
    0.2864   -0.8837    0.3701
    0.9463    0.3213    0.0348
   -0.1497    0.3403    0.9283
...    95 G-C ...
    7.2607   58.2878  305.3474
    0.7896   -0.5691    0.2297
    0.6068    0.7799   -0.1536
   -0.0917    0.2606    0.9611
...    96 A-T ...
    6.8112   59.2245  308.5438
    0.9987   -0.0412    0.0312
    0.0479    0.9638   -0.2621
   -0.0193    0.2633    0.9645
...    97 T-A ...
    6.8302   59.5818  311.9611
    0.8782    0.4703   -0.0866
   -0.4763    0.8440   -0.2467
   -0.0430    0.2578    0.9652
...    98 G-C ...
    6.7901   60.8039  315.1213
    0.4466    0.8405   -0.3068
   -0.8943    0.4307   -0.1217
    0.0299    0.3287    0.9440
...    99 G-C ...
    7.3551   61.8870  318.2015
   -0.1176    0.9152   -0.3854
   -0.9925   -0.0948    0.0777
    0.0346    0.3917    0.9195
...   100 A-T ...
    7.5221   63.0642  321.3452
   -0.6636    0.6674   -0.3380
   -0.7479   -0.6023    0.2791
   -0.0173    0.4380    0.8988
...   101 G-C ...
    7.4024   64.8174  324.2475
   -0.9613    0.2044   -0.1849
   -0.2645   -0.8728    0.4101
   -0.0775    0.4431    0.8931
...   102 C-G ...
    7.1184   66.3765  327.2338
   -0.9418   -0.3291    0.0690
    0.3242   -0.8343    0.4460
   -0.0892    0.4424    0.8924
...   103 A-T ...
    6.9116   67.7380  330.3299
   -0.5723   -0.7892    0.2229
    0.8020   -0.4818    0.3530
   -0.1712    0.3808    0.9087
...   104 G-C ...
    6.0541   68.8881  333.4046
   -0.0322   -0.9455    0.3241
    0.9859    0.0233    0.1659
   -0.1644    0.3249    0.9314
...   105 T-A ...
    4.9184   69.9983  336.4550
    0.4900   -0.7977    0.3516
    0.8547    0.5189   -0.0139
   -0.1713    0.3073    0.9360
...   106 T-A ...
    4.2393   70.7630  339.5685
    0.8948   -0.3526    0.2738
    0.4080    0.8948   -0.1813
   -0.1811    0.2739    0.9445
...   107 T-A ...
    3.6913   71.4008  342.7359
    0.9670    0.2281    0.1135
   -0.1905    0.9431   -0.2725
   -0.1692    0.2419    0.9554
...   108 C-G ...
    3.4929   72.3379  345.9575
    0.6929    0.7116   -0.1166
   -0.7144    0.6555   -0.2449
   -0.0979    0.2530    0.9625
...   109 C-G ...
    3.6572   73.0753  349.1838
    0.1941    0.9367   -0.2914
   -0.9791    0.1667   -0.1164
   -0.0605    0.3079    0.9495
...   110 A-T ...
    3.2707   74.1096  352.3874
   -0.3963    0.8274   -0.3980
   -0.9153   -0.3902    0.1002
   -0.0724    0.4040    0.9119
...   111 A-T ...
    3.1706   75.5110  355.3481
   -0.8504    0.4407   -0.2873
   -0.5155   -0.8072    0.2875
   -0.1052    0.3926    0.9137
...   112 A-T ...
    2.8904   76.9332  358.2872
   -0.9893   -0.1154   -0.0888
    0.0740   -0.9235    0.3763
   -0.1254    0.3657    0.9222
...   113 T-A ...
    2.3147   78.6684  361.1964
   -0.8105   -0.5686    0.1406
    0.5767   -0.7325    0.3618
   -0.1028    0.3743    0.9216
...   114 A-T ...
    1.9054   79.7842  364.3179
   -0.3021   -0.9210    0.2460
    0.9403   -0.2456    0.2355
   -0.1564    0.3025    0.9402
...   115 C-G ...
    0.8522   80.5769  367.4944
    0.2368   -0.9189    0.3155
    0.9605    0.2702    0.0660
   -0.1459    0.2874    0.9466
...   116 A-T ...
    0.5197   81.6340  370.6966
    0.7569   -0.6219    0.2008
    0.6471    0.7561   -0.0977
   -0.0910    0.2039    0.9747
...   117 C-G ...
    0.2078   81.7653  374.1191
    0.9851   -0.1386    0.1022
    0.1565    0.9683   -0.1946
   -0.0720    0.2077    0.9755
...   118 T-A ...
   -0.0214   82.1594  377.4812
    0.9130    0.4029   -0.0648
   -0.4078    0.8953   -0.1793
   -0.0142    0.1901    0.9817
...   119 T-A ...
    0.1636   82.6382  380.7179
    0.5093    0.8453   -0.1618
   -0.8604    0.5042   -0.0740
    0.0190    0.1769    0.9840
...   120 T-A ...
    0.4986   83.2300  383.9237
   -0.0819    0.9802   -0.1802
   -0.9952   -0.0707    0.0680
    0.0539    0.1849    0.9813
...   121 T-A ...
    0.8880   83.9987  387.0855
   -0.6424    0.7580   -0.1130
   -0.7624   -0.6172    0.1942
    0.0775    0.2109    0.9744
...   122 G-C ...
    0.7713   84.7432  390.3892
   -0.9670    0.2429   -0.0769
   -0.2546   -0.9328    0.2550
   -0.0098    0.2662    0.9639
...   123 G-C ...
    0.6341   86.0552  393.4289
   -0.9459   -0.3244    0.0110
    0.3154   -0.9104    0.2676
   -0.0768    0.2566    0.9635
...   124 T-A ...
    0.2115   87.4676  396.5360
   -0.6404   -0.7557    0.1375
    0.7620   -0.6027    0.2369
   -0.0962    0.2565    0.9618
...   125 A-T ...
   -0.1385   88.1747  399.7816
   -0.0568   -0.9844    0.1664
    0.9899   -0.0339    0.1376
   -0.1298    0.1725    0.9764
...   126 G-C ...
   -0.7471   88.4987  403.1037
    0.4989   -0.8526    0.1555
    0.8618    0.5071    0.0156
   -0.0922    0.1262    0.9877
...   127 T-A ...
   -1.5780   88.6492  406.4376
    0.8769   -0.4631    0.1286
    0.4724    0.8798   -0.0531
   -0.0885    0.1073    0.9903
...   128 A-T ...
   -1.7182   89.0112  409.7551
    0.9904    0.1372   -0.0141
   -0.1379    0.9863   -0.0905
    0.0015    0.0916    0.9958
...   129 T-A ...
   -1.5271   88.7941  413.1788
    0.7754    0.6304   -0.0357
   -0.6311    0.7719   -0.0766
   -0.0207    0.0819    0.9964
...   130 C-G ...
   -1.3232   89.3456  416.4880
    0.2760    0.9524   -0.1293
   -0.9604    0.2787    0.0027
    0.0386    0.1234    0.9916
...   131 T-A ...
   -0.8790   89.7367  419.8289
   -0.2947    0.9435   -0.1516
   -0.9534   -0.2797    0.1127
    0.0639    0.1778    0.9820
...   132 G-C ...
   -1.0007   90.5104  423.1257
   -0.7919    0.5904   -0.1558
   -0.6106   -0.7634    0.2105
    0.0054    0.2618    0.9651
...   133 C-G ...
   -0.9765   91.4653  426.3687
   -0.9984    0.0532   -0.0204
   -0.0567   -0.9626    0.2650
   -0.0056    0.2658    0.9640
...   134 A-T ...
   -0.9658   92.1914  429.6785
   -0.8446   -0.5339    0.0395
    0.5248   -0.8112    0.2581
   -0.1058    0.2388    0.9653
...   135 G-C ...
   -1.6320   92.9816  432.9101
   -0.4149   -0.9025    0.1156
    0.9015   -0.3907    0.1860
   -0.1227    0.1814    0.9757
...   136 G-C ...
   -2.4977   93.5418  436.0592
    0.1542   -0.9790    0.1332
    0.9801    0.1686    0.1047
   -0.1250    0.1144    0.9855
...   137 T-A ...
   -3.5010   93.8543  439.3339
    0.6454   -0.7477    0.1562
    0.7530    0.6571    0.0345
   -0.1285    0.0954    0.9871
...   138 G-C ...
   -3.5578   94.1547  442.7086
    0.9690   -0.2420    0.0496
    0.2436    0.9694   -0.0295
   -0.0409    0.0407    0.9983
...   139 A-T ...
   -3.8524   94.2965  446.0537
    0.9353    0.3505   -0.0484
   -0.3530    0.9339   -0.0577
    0.0250    0.0710    0.9972
...   140 T-A ...
   -3.4696   94.0621  449.4602
    0.6174    0.7852   -0.0479
   -0.7866    0.6166   -0.0308
    0.0054    0.0567    0.9984
...   141 T-A ...
   -3.1795   94.2266  452.7203
    0.0490    0.9969   -0.0623
   -0.9980    0.0514    0.0380
    0.0410    0.0603    0.9973
...   142 C-G ...
   -3.0669   94.8166  456.0272
   -0.5319    0.8425   -0.0857
   -0.8454   -0.5223    0.1120
    0.0496    0.1320    0.9900
...   143 T-A ...
   -2.6724   95.4768  459.3317
   -0.9086    0.4141   -0.0555
   -0.4170   -0.8908    0.1804
    0.0253    0.1871    0.9820
...   144 C-G ...
   -2.9584   96.2229  462.5963
   -0.9837   -0.1799    0.0021
    0.1758   -0.9585    0.2244
   -0.0384    0.2211    0.9745
...   145 C-G ...
   -3.4168   97.3065  465.6940
   -0.7228   -0.6881    0.0635
    0.6835   -0.6985    0.2119
   -0.1015    0.1966    0.9752
...   146 A-T ...
   -3.6100   97.8748  469.0290
   -0.1872   -0.9794    0.0763
    0.9708   -0.1725    0.1669
   -0.1503    0.1053    0.9830
...   147 G-C ...
   -4.3201   97.9946  472.3446
    0.3806   -0.9198    0.0957
    0.9170    0.3888    0.0893
   -0.1193    0.0538    0.9914
...   148 G-C ...
   -5.0080   97.8100  475.5807
    0.8267   -0.5592    0.0628
    0.5581    0.8290    0.0349
   -0.0715    0.0062    0.9974
...   149 G-C ...
   -5.2936   97.3657  478.8519
    0.9999   -0.0145    0.0051
    0.0144    0.9999    0.0074
   -0.0052   -0.0073    1.0000
...   150 C-G ...
   -5.2726   97.2794  482.2314
    0.8333    0.5527   -0.0028
   -0.5527    0.8333    0.0067
    0.0060   -0.0040    1.0000
...   151 G-C ...
   -5.6103   97.7272  485.7229
    0.3735    0.9250   -0.0700
   -0.9261    0.3762    0.0292
    0.0533    0.0539    0.9971
...   152 G-C ...
   -4.9711   97.9497  488.9666
   -0.1975    0.9742   -0.1088
   -0.9789   -0.1901    0.0752
    0.0526    0.1214    0.9912
...   153 C-G ...
   -4.7415   98.4101  492.3079
   -0.7163    0.6953   -0.0584
   -0.6962   -0.7066    0.1269
    0.0470    0.1316    0.9902
...   154 C-G ...
   -4.4803   99.3233  495.4824
   -0.9817    0.1860   -0.0413
   -0.1903   -0.9680    0.1638
   -0.0095    0.1687    0.9856
...   155 A-T ...
   -4.5073   99.7146  498.8482
   -0.9071   -0.4192   -0.0376
    0.4056   -0.8945    0.1878
   -0.1123    0.1551    0.9815
...   156 G-C ...
   -5.1938  100.2661  502.1249
   -0.5316   -0.8469    0.0119
    0.8358   -0.5223    0.1689
   -0.1369    0.0997    0.9856
...   157 T-A ...
   -6.1358  100.9315  505.3649
   -0.0144   -0.9962    0.0863
    0.9883   -0.0011    0.1526
   -0.1520    0.0875    0.9845
...   158 A-T ...
   -6.5696  101.0880  508.6730
    0.5841   -0.8083    0.0737
    0.8021    0.5887    0.1003
   -0.1245    0.0005    0.9922
...   159 C-G ...
   -7.1265  100.5336  512.0212
    0.9193   -0.3813    0.0971
    0.3791    0.9244    0.0406
   -0.1052   -0.0005    0.9944
...   160 T-A ...
   -7.5408  100.2226  515.3743
    0.9810    0.1853    0.0583
   -0.1868    0.9822    0.0214
   -0.0533   -0.0319    0.9981
...   161 T-A ...
   -7.5234   99.9237  518.6377
    0.6927    0.7191    0.0545
   -0.7208    0.6929    0.0191
   -0.0241   -0.0525    0.9983
...   162 A-T ...
   -7.5642   99.8989  521.9775
    0.1337    0.9905   -0.0318
   -0.9909    0.1341    0.0116
    0.0158    0.0299    0.9994
...   163 C-G ...
   -7.0281  100.3078  525.3499
   -0.4043    0.9138   -0.0393
   -0.9146   -0.4038    0.0201
    0.0025    0.0441    0.9990
...   164 A-T ...
   -7.1661  100.3489  528.7354
   -0.8528    0.5085   -0.1195
   -0.5180   -0.8525    0.0693
   -0.0667    0.1210    0.9904
...   165 T-A ...
   -7.2016  101.2848  532.0413
   -0.9991   -0.0042   -0.0431
   -0.0008   -0.9934    0.1147
   -0.0433    0.1146    0.9925
...   166 G-C ...
   -7.6135  101.4004  535.4027
   -0.8095   -0.5833   -0.0673
    0.5697   -0.8080    0.1505
   -0.1421    0.0835    0.9863
...   167 C-G ...
   -8.1607  101.7087  538.7246
   -0.3448   -0.9385    0.0184
    0.9268   -0.3372    0.1656
   -0.1492    0.0741    0.9860
...   168 G-C ...
   -8.1256  101.8116  542.2592
    0.2496   -0.9676    0.0381
    0.9562    0.2525    0.1481
   -0.1529   -0.0006    0.9882
...   169 G-C ...
   -8.9685  101.4947  545.4480
    0.7409   -0.6700    0.0470
    0.6622    0.7404    0.1156
   -0.1122   -0.0545    0.9922
...   170 C-G ...
   -9.3589  101.2387  548.7963
    0.9866   -0.1342    0.0929
    0.1278    0.9892    0.0723
   -0.1016   -0.0595    0.9930
...   171 G-C ...
   -9.6820  101.6139  552.2977
    0.8910    0.4516    0.0463
   -0.4531    0.8910    0.0292
   -0.0280   -0.0470    0.9985
...   172 G-C ...
   -9.3926  101.1894  555.5712
    0.4983    0.8669   -0.0118
   -0.8668    0.4984    0.0117
    0.0160    0.0044    0.9999
...   173 C-G ...
   -9.2659  101.2082  558.9495
   -0.0784    0.9968   -0.0143
   -0.9967   -0.0781    0.0198
    0.0186    0.0158    0.9997
...   174 C-G ...
   -8.8028  101.5547  562.2122
   -0.6116    0.7886   -0.0636
   -0.7912   -0.6095    0.0502
    0.0008    0.0811    0.9967
...   175 A-T ...
   -8.9164  101.6894  565.5962
   -0.9507    0.2851   -0.1219
   -0.2982   -0.9484    0.1079
   -0.0848    0.1389    0.9867
...   176 G-C ...
   -9.4115  102.3836  568.8802
   -0.9528   -0.2858   -0.1025
    0.2695   -0.9516    0.1479
   -0.1398    0.1133    0.9837
...   177 T-A ...
  -10.0203  103.3335  572.1290
   -0.6695   -0.7425   -0.0221
    0.7256   -0.6600    0.1944
   -0.1590    0.1141    0.9807
...   178 A-T ...
  -10.5866  103.5631  575.4128
   -0.0962   -0.9953    0.0116
    0.9759   -0.0920    0.1979
   -0.1959    0.0303    0.9802
...   179 C-G ...
  -11.7130  103.3383  578.6545
    0.4316   -0.8970    0.0953
    0.8834    0.4417    0.1563
   -0.1823    0.0167    0.9831
...   180 A-T ...
  -12.1900  103.5091  582.0049
    0.8750   -0.4791    0.0696
    0.4713    0.8759    0.1034
   -0.1105   -0.0577    0.9922
...   181 G-C ...
  -12.4022  103.0486  585.3597
    0.9953    0.0792    0.0550
   -0.0814    0.9959    0.0396
   -0.0516   -0.0439    0.9977
...   182 G-C ...
  -12.3211  102.5099  588.6282
    0.7901    0.6130    0.0012
   -0.6130    0.7899    0.0156
    0.0086   -0.0131    0.9999
...   183 A-T ...
  -12.3934  102.3456  591.9844
    0.2977    0.9526   -0.0625
   -0.9543    0.2987    0.0070
    0.0254    0.0575    0.9980
...   184 T-A ...
  -11.7491  102.4819  595.3566
   -0.2393    0.9706   -0.0264
   -0.9706   -0.2385    0.0319
    0.0246    0.0333    0.9991
...   185 G-C ...
  -11.9930  102.7875  598.7226
   -0.7528    0.6503   -0.1018
   -0.6576   -0.7498    0.0732
   -0.0287    0.1221    0.9921
...   186 T-A ...
  -11.6854  103.6259  602.0438
   -0.9851    0.1608   -0.0606
   -0.1675   -0.9772    0.1306
   -0.0382    0.1388    0.9896
...   187 A-T ...
  -11.9598  104.0365  605.3472
   -0.8866   -0.4588   -0.0578
    0.4442   -0.8798    0.1693
   -0.1285    0.1244    0.9839
...   188 A-T ...
  -12.4694  104.5738  608.5395
   -0.4640   -0.8854    0.0286
    0.8782   -0.4556    0.1453
   -0.1156    0.0926    0.9890
...   189 C-G ...
  -13.4169  104.7596  611.8404
    0.0656   -0.9945    0.0822
    0.9920    0.0740    0.1026
   -0.1081    0.0748    0.9913
...   190 C-G ...
  -14.1745  104.7124  615.0658
    0.6039   -0.7946    0.0627
    0.7918    0.6071    0.0666
   -0.0910    0.0094    0.9958
...   191 T-A ...
  -14.6881  104.5069  618.4133
    0.9415   -0.3342    0.0437
    0.3313    0.9415    0.0619
   -0.0618   -0.0438    0.9971
...   192 G-C ...
  -14.5561  104.5258  621.7993
    0.9621    0.2712   -0.0273
   -0.2693    0.9613    0.0576
    0.0419   -0.0481    0.9980
...   193 C-G ...
  -14.3600  104.3152  625.1677
    0.6415    0.7672   -0.0011
   -0.7654    0.6401    0.0664
    0.0517   -0.0417    0.9978
...   194 A-T ...
  -14.3467  104.2573  628.5558
    0.0790    0.9950   -0.0618
   -0.9928    0.0842    0.0854
    0.0901    0.0546    0.9944
...   195 G-C ...
  -13.8656  104.6958  631.8856
   -0.4795    0.8751   -0.0649
   -0.8759   -0.4728    0.0962
    0.0535    0.1030    0.9932
...   196 A-T ...
  -13.5833  104.9226  635.2271
   -0.8951    0.4403   -0.0703
   -0.4457   -0.8883    0.1110
   -0.0136    0.1307    0.9913
...   197 T-A ...
  -13.4834  105.9033  638.5186
   -0.9965   -0.0807    0.0206
    0.0826   -0.9887    0.1249
    0.0103    0.1261    0.9920
...   198 A-T ...
  -13.5785  106.2380  641.8405
   -0.7526   -0.6585    0.0038
    0.6543   -0.7471    0.1169
   -0.0741    0.0905    0.9931
...   199 C-G ...
  -14.3940  106.6281  645.1588
   -0.2981   -0.9534    0.0462
    0.9517   -0.2932    0.0913
   -0.0735    0.0711    0.9948
...   200 T-A ...
  -14.9545  106.8985  648.4941
    0.2731   -0.9610    0.0433
    0.9568    0.2760    0.0915
   -0.0999    0.0165    0.9949
...   201 A-T ...
  -15.1779  106.8437  651.8263
    0.7919   -0.6106    0.0022
    0.6087    0.7897    0.0766
   -0.0485   -0.0593    0.9971
...   202 C-G ...
  -15.3159  106.0716  655.1748
    0.9940   -0.1066    0.0237
    0.1051    0.9928    0.0578
   -0.0297   -0.0549    0.9981
...   203 C-G ...
  -15.1968  105.4426  658.4259
    0.8893    0.4572   -0.0111
   -0.4558    0.8880    0.0613
    0.0378   -0.0494    0.9981
...   204 A-T ...
  -15.1851  105.4150  661.8144
    0.4594    0.8853   -0.0729
   -0.8813    0.4645    0.0868
    0.1107    0.0243    0.9936
...   205 A-T ...
  -14.6733  105.4393  665.0512
   -0.1367    0.9901   -0.0315
   -0.9873   -0.1335    0.0866
    0.0815    0.0430    0.9957
...   206 A-T ...
  -14.2528  105.6217  668.2961
   -0.6836    0.7298    0.0020
   -0.7283   -0.6824    0.0624
    0.0469    0.0412    0.9981
...   207 A-T ...
  -13.9981  105.8799  671.5531
   -0.9796    0.2005    0.0153
   -0.2001   -0.9795    0.0232
    0.0196    0.0197    0.9996
...   208 G-C ...
  -14.1635  106.1534  674.9309
   -0.9298   -0.3664   -0.0346
    0.3666   -0.9304    0.0020
   -0.0329   -0.0108    0.9994
...   209 T-A ...
  -14.4676  106.6723  678.3170
   -0.6005   -0.7986   -0.0407
    0.7979   -0.6017    0.0348
   -0.0523   -0.0116    0.9986
...   210 G-C ...
  -14.5870  106.2579  681.6780
   -0.0269   -0.9934   -0.1117
    0.9958   -0.0364    0.0838
   -0.0873   -0.1089    0.9902
...   211 T-A ...
  -15.4673  105.9344  684.9869
    0.4988   -0.8644   -0.0635
    0.8616    0.4865    0.1447
   -0.0942   -0.1269    0.9874
...   212 A-T ...
  -15.6481  105.4305  688.2838
    0.9166   -0.3965   -0.0516
    0.3990    0.8986    0.1823
   -0.0259   -0.1877    0.9819
...   213 T-A ...
  -15.8537  104.2556  691.5061
    0.9898    0.1222    0.0733
   -0.1334    0.9753    0.1763
   -0.0499   -0.1842    0.9816
...   214 T-A ...
  -15.8360  103.4510  694.6829
    0.7308    0.6645    0.1564
   -0.6823    0.7183    0.1362
   -0.0218   -0.2062    0.9783
...   215 T-A ...
  -15.6413  102.7155  697.8704
    0.2020    0.9585    0.2011
   -0.9793    0.1948    0.0554
    0.0140   -0.2081    0.9780
...   216 G-C ...
  -15.8061  102.3225  701.2321
   -0.3974    0.9123    0.0990
   -0.9176   -0.3956   -0.0383
    0.0042   -0.1060    0.9944
...   217 G-C ...
  -15.4993  102.3369  704.5314
   -0.8334    0.5527   -0.0045
   -0.5509   -0.8313   -0.0737
   -0.0445   -0.0590    0.9973
...   218 A-T ...
  -15.5021  102.0812  707.8826
   -0.9929   -0.0161   -0.1177
    0.0237   -0.9977   -0.0631
   -0.1165   -0.0654    0.9910
...   219 A-T ...
  -15.9077  102.0249  711.1341
   -0.7940   -0.5880   -0.1547
    0.5963   -0.8027   -0.0097
   -0.1184   -0.1000    0.9879
...   220 A-T ...
  -16.4065  101.8128  714.3661
   -0.3008   -0.9412   -0.1540
    0.9484   -0.3121    0.0552
   -0.1000   -0.1294    0.9865
...   221 C-G ...
  -17.2714  101.1626  717.6305
    0.2412   -0.9630   -0.1204
    0.9664    0.2269    0.1212
   -0.0894   -0.1456    0.9853
...   222 T-A ...
  -17.8562  100.5398  720.9141
    0.7331   -0.6755   -0.0793
    0.6750    0.7082    0.2069
   -0.0836   -0.2052    0.9751
...   223 G-C ...
  -17.7597   99.8611  724.2326
    0.9913   -0.1243   -0.0423
    0.1309    0.9604    0.2462
    0.0100   -0.2496    0.9683
...   224 C-G ...
  -17.6946   98.9541  727.4887
    0.8919    0.4425    0.0933
   -0.4517    0.8619    0.2304
    0.0215   -0.2476    0.9686
...   225 T-A ...
  -17.4261   97.8797  730.6958
    0.4989    0.8518    0.1598
   -0.8630    0.4715    0.1814
    0.0792   -0.2285    0.9703
...   226 C-G ...
  -17.0060   97.4678  734.0049
   -0.0884    0.9797    0.1797
   -0.9889   -0.1080    0.1021
    0.1194   -0.1687    0.9784
...   227 C-G ...
  -16.2184   97.2182  737.2139
   -0.6220    0.7696    0.1447
   -0.7765   -0.6300    0.0127
    0.1009   -0.1045    0.9894
...   228 A-T ...
  -15.9904   96.7222  740.5582
   -0.9607    0.2763    0.0270
   -0.2772   -0.9599   -0.0424
    0.0142   -0.0482    0.9987
...   229 T-A ...
  -15.8964   97.1178  743.9700
   -0.9647   -0.2622    0.0244
    0.2605   -0.9638   -0.0568
    0.0384   -0.0484    0.9981
...   230 C-G ...
  -16.1308   96.8126  747.3089
   -0.6436   -0.7622   -0.0688
    0.7646   -0.6443   -0.0151
   -0.0328   -0.0623    0.9975
...   231 A-T ...
  -16.0802   96.5175  750.6842
   -0.0831   -0.9830   -0.1635
    0.9940   -0.0936    0.0573
   -0.0716   -0.1577    0.9849
...   232 A-T ...
  -16.4740   95.9956  753.8954
    0.5079   -0.8527   -0.1224
    0.8606    0.4961    0.1150
   -0.0374   -0.1637    0.9858
...   233 A-T ...
  -16.7222   95.3633  757.1013
    0.9124   -0.4056   -0.0555
    0.4093    0.9018    0.1384
   -0.0061   -0.1489    0.9888
...   234 A-T ...
  -16.7881   94.7243  760.3149
    0.9811    0.1933    0.0125
   -0.1934    0.9739    0.1186
    0.0107   -0.1188    0.9929
...   235 G-C ...
  -16.4582   94.2224  763.6542
    0.7151    0.6989    0.0154
   -0.6974    0.7118    0.0835
    0.0474   -0.0705    0.9964
...   236 G-C ...
  -15.8587   93.8488  766.8916
    0.2130    0.9770   -0.0077
   -0.9743    0.2129    0.0740
    0.0739   -0.0082    0.9972
...   237 C-G ...
  -15.5410   93.8468  770.2573
   -0.3752    0.9266    0.0242
   -0.9241   -0.3760    0.0689
    0.0729    0.0034    0.9973
...   238 A-T ...
  -15.4436   93.7548  773.6433
   -0.8415    0.5388   -0.0397
   -0.5403   -0.8383    0.0728
    0.0060    0.0828    0.9966
...   239 T-A ...
  -15.2195   94.5566  776.9768
   -0.9992    0.0283    0.0271
   -0.0261   -0.9967    0.0764
    0.0291    0.0756    0.9967
...   240 G-C ...
  -15.3942   94.5485  780.3609
   -0.8313   -0.5549   -0.0325
    0.5513   -0.8305    0.0790
   -0.0709    0.0477    0.9963
...   241 T-A ...
  -15.9380   95.2119  783.6913
   -0.4194   -0.9078    0.0014
    0.9034   -0.4172    0.0994
   -0.0896    0.0429    0.9951
...   242 T-A ...
  -16.4996   95.3088  786.9185
    0.1805   -0.9821    0.0532
    0.9758    0.1856    0.1155
   -0.1233    0.0311    0.9919
...   243 C-G ...
  -16.7987   95.0399  790.2554
    0.7118   -0.7003    0.0535
    0.6929    0.7127    0.1096
   -0.1149   -0.0410    0.9925
...   244 A-T ...
  -17.0925   95.0557  793.6311
    0.9874   -0.1582    0.0079
    0.1568    0.9836    0.0894
   -0.0219   -0.0870    0.9960
...   245 G-C ...
  -16.9260   94.5654  796.9843
    0.9129    0.4081   -0.0045
   -0.4071    0.9113    0.0615
    0.0292   -0.0543    0.9981
...   246 C-G ...
  -16.7662   94.3424  800.3539
    0.5232    0.8520    0.0198
   -0.8513    0.5215    0.0568
    0.0380   -0.0466    0.9982
...   247 T-A ...
  -16.3421   94.0781  803.7098
   -0.0283    0.9996    0.0023
   -0.9966   -0.0284    0.0771
    0.0771   -0.0001    0.9970
...   248 G-C ...
  -16.3602   94.3358  807.0885
   -0.6011    0.7975   -0.0523
   -0.7980   -0.5954    0.0938
    0.0436    0.0981    0.9942
...   249 G-C ...
  -16.0178   95.0774  810.2998
   -0.9407    0.3341   -0.0586
   -0.3389   -0.9332    0.1196
   -0.0147    0.1323    0.9911
...   250 A-T ...
  -15.9112   95.5011  813.6323
   -0.9623   -0.2670   -0.0516
    0.2589   -0.9576    0.1265
   -0.0832    0.1084    0.9906
...   251 T-A ...
  -16.4426   96.3659  816.9148
   -0.6906   -0.7218    0.0446
    0.7205   -0.6814    0.1285
   -0.0624    0.1209    0.9907
...   252 T-A ...
  -16.9150   96.8056  820.1278
   -0.1467   -0.9836    0.1053
    0.9843   -0.1346    0.1141
   -0.0981    0.1204    0.9879
...   253 C-G ...
  -17.2564   96.8204  823.4714
    0.4473   -0.8893    0.0956
    0.8872    0.4547    0.0787
   -0.1135    0.0496    0.9923
...   254 C-G ...
  -17.8871   96.5567  826.7136
    0.8656   -0.4970    0.0608
    0.4955    0.8677    0.0394
   -0.0724   -0.0039    0.9974
...   255 A-T ...
  -18.0783   96.7174  830.0930
    0.9954    0.0924   -0.0268
   -0.0916    0.9954    0.0277
    0.0292   -0.0251    0.9993
...   256 G-C ...
  -17.6979   96.5015  833.4576
    0.7813    0.6205   -0.0673
   -0.6201    0.7840    0.0287
    0.0706    0.0193    0.9973
...   257 C-G ...
  -17.3905   96.5434  836.8240
    0.2939    0.9545   -0.0505
   -0.9527    0.2967    0.0652
    0.0772    0.0289    0.9966
...   258 T-A ...
  -16.8173   96.6100  840.1675
   -0.2774    0.9594   -0.0519
   -0.9552   -0.2696    0.1223
    0.1034    0.0835    0.9911
...   259 G-C ...
  -16.8020   97.0731  843.5242
   -0.7827    0.6185   -0.0699
   -0.6207   -0.7672    0.1616
    0.0463    0.1699    0.9844
...   260 A-T ...
  -16.5055   97.5738  846.8345
   -0.9977    0.0577   -0.0365
   -0.0630   -0.9838    0.1676
   -0.0262    0.1695    0.9852
...   261 A-T ...
  -16.6021   98.2859  850.0319
   -0.8499   -0.5250    0.0450
    0.5260   -0.8402    0.1316
   -0.0313    0.1355    0.9903
...   262 C-G ...
  -17.2522   98.9187  853.3492
   -0.4489   -0.8891    0.0890
    0.8929   -0.4426    0.0823
   -0.0338    0.1164    0.9926
...   263 A-T ...
  -17.1898   99.2692  856.7190
    0.1489   -0.9886    0.0211
    0.9876    0.1497    0.0466
   -0.0493    0.0139    0.9987
...   264 T-A ...
  -17.8839   99.1242  860.0810
    0.6378   -0.7674    0.0656
    0.7679    0.6402    0.0224
   -0.0592    0.0361    0.9976
...   265 G-C ...
  -17.7053   99.2151  863.4636
    0.9646   -0.2618   -0.0322
    0.2623    0.9649    0.0128
    0.0277   -0.0208    0.9994
...   266 C-G ...
  -17.5895   99.0756  866.8395
    0.9438    0.3290   -0.0305
   -0.3281    0.9441    0.0322
    0.0394   -0.0204    0.9990
...   267 C-G ...
  -17.0737   98.6948  870.0904
    0.6062    0.7922   -0.0703
   -0.7892    0.6102    0.0695
    0.0979    0.0134    0.9951
...   268 T-A ...
  -16.4611   98.6020  873.4263
    0.0723    0.9952   -0.0661
   -0.9873    0.0808    0.1367
    0.1413    0.0554    0.9884
...   269 T-A ...
  -15.7643   98.9157  876.6131
   -0.5125    0.8585    0.0198
   -0.8420   -0.5069    0.1846
    0.1685    0.0780    0.9826
...   270 T-A ...
  -15.1007   99.4159  879.7831
   -0.9058    0.4070    0.1175
   -0.3847   -0.9065    0.1740
    0.1774    0.1124    0.9777
...   271 T-A ...
  -14.5718  100.0505  882.9543
   -0.9625   -0.1925    0.1912
    0.2157   -0.9704    0.1086
    0.1646    0.1458    0.9755
...   272 G-C ...
  -14.2150  100.2271  886.3194
   -0.6763   -0.7265    0.1216
    0.7328   -0.6804    0.0108
    0.0749    0.0964    0.9925
...   273 A-T ...
  -13.8836  100.6852  889.6326
   -0.1424   -0.9892    0.0340
    0.9873   -0.1444   -0.0656
    0.0698    0.0242    0.9973
...   274 T-A ...
  -14.2062  100.7369  893.0529
    0.3914   -0.9200    0.0184
    0.9178    0.3889   -0.0803
    0.0667    0.0483    0.9966
...   275 G-C ...
  -13.6287  100.7602  896.3918
    0.8374   -0.5311   -0.1292
    0.5302    0.8467   -0.0444
    0.1330   -0.0314    0.9906
...   276 G-C ...
  -13.2295  100.1915  899.6317
    0.9800    0.0211   -0.1980
   -0.0123    0.9989    0.0459
    0.1988   -0.0426    0.9791
...   277 A-T ...
  -12.7125  100.0123  902.9479
    0.7813    0.5888   -0.2069
   -0.5705    0.8083    0.1458
    0.2530    0.0041    0.9674
...   278 G-C ...
  -11.5586  100.0579  906.1382
    0.3282    0.9323   -0.1519
   -0.9067    0.3560    0.2262
    0.2650    0.0635    0.9622
...   279 C-G ...
  -10.5947  100.2876  909.3705
   -0.2441    0.9697   -0.0084
   -0.9327   -0.2324    0.2758
    0.2655    0.0751    0.9612
...   280 A-T ...
   -9.8526  100.4619  912.6722
   -0.7588    0.6490    0.0557
   -0.6165   -0.7432    0.2599
    0.2101    0.1629    0.9640
...   281 G-C ...
   -9.2500  101.3027  915.9035
   -0.9831    0.1289    0.1302
   -0.1046   -0.9783    0.1786
    0.1504    0.1620    0.9753
...   282 T-A ...
   -8.6548  102.4234  919.1000
   -0.8945   -0.4036    0.1924
    0.4269   -0.8989    0.0989
    0.1331    0.1706    0.9763
...   283 T-A ...
   -8.4531  103.1233  922.2951
   -0.4838   -0.8499    0.2089
    0.8695   -0.4940    0.0041
    0.0997    0.1836    0.9779
...   284 T-A ...
   -8.3983  103.7061  925.5196
    0.1073   -0.9800    0.1676
    0.9921    0.0945   -0.0827
    0.0652    0.1751    0.9824
...   285 C-G ...
   -8.0958  103.9149  928.8604
    0.6506   -0.7587    0.0346
    0.7564    0.6432   -0.1186
    0.0677    0.1033    0.9923
...   286 C-G ...
   -8.0240  103.7813  932.1705
    0.9525   -0.2882   -0.0980
    0.2797    0.9556   -0.0925
    0.1203    0.0607    0.9909
...   287 A-T ...
   -7.6049  104.1679  935.5108
    0.9235    0.3062   -0.2309
   -0.3124    0.9499    0.0104
    0.2226    0.0625    0.9729
...   288 A-T ...
   -6.8077  104.2282  938.6889
    0.5682    0.7972   -0.2042
   -0.7945    0.5961    0.1161
    0.2143    0.0962    0.9720
...   289 A-T ...
   -5.9684  104.4653  941.8478
   -0.0001    0.9926   -0.1213
   -0.9821    0.0228    0.1869
    0.1883    0.1191    0.9749
...   290 T-A ...
   -4.7896  104.9668  945.0360
   -0.5045    0.8633    0.0159
   -0.8412   -0.4956    0.2164
    0.1947    0.0958    0.9762
...   291 A-T ...
   -4.2727  105.3661  948.3116
   -0.9179    0.3930    0.0554
   -0.3763   -0.9062    0.1930
    0.1260    0.1564    0.9796
...   292 C-G ...
   -4.0200  106.4376  951.5698
   -0.9813   -0.1415    0.1302
    0.1583   -0.9789    0.1293
    0.1091    0.1475    0.9830
...   293 A-T ...
   -3.5837  106.7683  954.9139
   -0.7191   -0.6900    0.0825
    0.6947   -0.7166    0.0613
    0.0168    0.1014    0.9947
...   294 C-G ...
   -4.0960  107.1704  958.2908
   -0.2501   -0.9646    0.0841
    0.9680   -0.2508    0.0027
    0.0185    0.0821    0.9965
...   295 T-A ...
   -4.3479  107.4642  961.6615
    0.3180   -0.9477    0.0267
    0.9481    0.3181   -0.0033
   -0.0054    0.0264    0.9996
...   296 T-A ...
   -4.5324  107.3341  964.9309
    0.8076   -0.5896    0.0145
    0.5894    0.8077    0.0173
   -0.0219   -0.0054    0.9997
...   297 T-A ...
   -4.6151  107.0434  968.1940
    0.9998   -0.0141    0.0164
    0.0135    0.9991    0.0411
   -0.0170   -0.0409    0.9990
...   298 T-A ...
   -4.5217  106.6808  971.4497
    0.8237    0.5662    0.0318
   -0.5670    0.8215    0.0594
    0.0075   -0.0670    0.9977
...   299 G-C ...
   -4.4311  106.8286  974.8338
    0.3452    0.9377   -0.0385
   -0.9358    0.3470    0.0624
    0.0719    0.0145    0.9973
...   300 G-C ...
   -3.7330  106.9366  978.0712
   -0.2277    0.9716   -0.0643
   -0.9713   -0.2220    0.0858
    0.0691    0.0820    0.9942
...   301 T-A ...
   -2.9225  107.3213  981.3913
   -0.7028    0.7111   -0.0222
   -0.7079   -0.6958    0.1218
    0.0712    0.1013    0.9923
...   302 A-T ...
   -2.8346  107.7030  984.7084
   -0.9878    0.1522   -0.0323
   -0.1553   -0.9780    0.1396
   -0.0104    0.1429    0.9897
...   303 G-C ...
   -3.1106  108.3796  988.0217
   -0.9105   -0.4133   -0.0105
    0.4089   -0.9039    0.1256
   -0.0614    0.1100    0.9920
...   304 T-A ...
   -3.5368  109.2938  991.3096
   -0.5615   -0.8263    0.0445
    0.8235   -0.5528    0.1275
   -0.0807    0.1083    0.9908
...   305 A-T ...
   -3.8199  109.5005  994.6313
    0.0414   -0.9988    0.0247
    0.9935    0.0437    0.1048
   -0.1058    0.0202    0.9942
...   306 T-A ...
   -4.7208  109.4341  997.9463
    0.5476   -0.8309    0.0987
    0.8290    0.5548    0.0704
   -0.1132    0.0433    0.9926
...   307 C-G ...
   -4.8504  109.2807 1001.3013
    0.9282   -0.3663    0.0650
    0.3639    0.9303    0.0468
   -0.0776   -0.0198    0.9968
...   308 T-A ...
   -5.1659  108.9039 1004.6584
    0.9788    0.2019    0.0347
   -0.2033    0.9781    0.0441
   -0.0250   -0.0502    0.9984
...   309 G-C ...
   -5.0450  109.0537 1008.0415
    0.6829    0.7291   -0.0450
   -0.7275    0.6844    0.0482
    0.0660   -0.0002    0.9978
...   310 C-G ...
   -4.7506  109.0401 1011.4094
    0.1520    0.9882   -0.0210
   -0.9858    0.1531    0.0687
    0.0711    0.0103    0.9974
...   311 A-T ...
   -4.6915  109.0629 1014.7974
   -0.4475    0.8910   -0.0767
   -0.8927   -0.4398    0.0986
    0.0541    0.1126    0.9922
...   312 G-C ...
   -4.4892  109.7512 1018.1135
   -0.8634    0.4995   -0.0701
   -0.5044   -0.8557    0.1154
   -0.0023    0.1350    0.9908
...   313 G-C ...
   -4.4760  110.6567 1021.3009
   -0.9964   -0.0593   -0.0614
    0.0497   -0.9878    0.1473
   -0.0694    0.1438    0.9872
...   314 T-A ...
   -4.7160  111.7258 1024.5609
   -0.8224   -0.5688    0.0126
    0.5621   -0.8089    0.1725
   -0.0879    0.1490    0.9849
...   315 G-C ...
   -5.0784  111.8569 1027.9275
   -0.3391   -0.9407    0.0119
    0.9284   -0.3326    0.1657
   -0.1519    0.0673    0.9861
...   316 A-T ...
   -5.5669  112.2385 1031.2308
    0.2616   -0.9646    0.0327
    0.9566    0.2636    0.1242
   -0.1284   -0.0012    0.9917
...   317 T-A ...
   -6.4998  111.9823 1034.5278
    0.7163   -0.6882    0.1155
    0.6835    0.7252    0.0828
   -0.1408    0.0197    0.9898
...   318 T-A ...
   -7.0058  111.7773 1037.7591
    0.9803   -0.1424    0.1368
    0.1388    0.9897    0.0359
   -0.1405   -0.0162    0.9900
...   319 C-G ...
   -7.0886  111.7112 1041.1184
    0.8901    0.4492    0.0766
   -0.4503    0.8929   -0.0034
   -0.0699   -0.0315    0.9971
...   320 T-A ...
   -7.1296  111.3579 1044.4926
    0.5024    0.8645    0.0171
   -0.8646    0.5025   -0.0043
   -0.0122   -0.0126    0.9998
...   321 C-G ...
   -7.0134  111.6728 1047.8368
   -0.0813    0.9957   -0.0449
   -0.9963   -0.0799    0.0323
    0.0285    0.0474    0.9985
...   322 C-G ...
   -6.5187  112.1232 1051.0821
   -0.6144    0.7847   -0.0823
   -0.7889   -0.6096    0.0774
    0.0106    0.1125    0.9936
...   323 A-T ...
   -6.5987  112.3643 1054.4611
   -0.9527    0.2788   -0.1212
   -0.2945   -0.9452    0.1407
   -0.0753    0.1697    0.9826
...   324 G-C ...
   -7.0629  113.1605 1057.7265
   -0.9530   -0.2913   -0.0838
    0.2737   -0.9458    0.1751
   -0.1303    0.1439    0.9810
...   325 G-C ...
   -7.8108  113.9604 1060.8539
   -0.6375   -0.7694   -0.0396
    0.7485   -0.6308    0.2047
   -0.1825    0.1009    0.9780
...   326 G-C ...
   -8.8577  114.3847 1063.9689
   -0.1113   -0.9937    0.0137
    0.9729   -0.1062    0.2053
   -0.2025    0.0362    0.9786
...   327 C-G ...
   -9.6060  114.4741 1067.2646
    0.4598   -0.8804    0.1163
    0.8651    0.4736    0.1651
   -0.2004    0.0247    0.9794
...   328 G-C ...
   -9.8204  114.8749 1070.7715
    0.8804   -0.4590    0.1187
    0.4505    0.8880    0.0923
   -0.1478   -0.0278    0.9886
...   329 G-C ...
  -10.3001  114.3165 1074.0023
    0.9911    0.1036    0.0838
   -0.1060    0.9941    0.0248
   -0.0808   -0.0334    0.9962
...   330 C-G ...
  -10.5274  114.1468 1077.3711
    0.7589    0.6472    0.0721
   -0.6474    0.7618   -0.0235
   -0.0701   -0.0289    0.9971
...   331 C-G ...
  -10.2832  113.8990 1080.6663
    0.2841    0.9587   -0.0150
   -0.9584    0.2835   -0.0332
   -0.0275    0.0238    0.9993
...   332 A-T ...
  -10.5580  113.9919 1084.0424
   -0.3145    0.9403   -0.1302
   -0.9488   -0.3157    0.0117
   -0.0301    0.1273    0.9914
...   333 G-C ...
  -10.5956  114.7238 1087.3552
   -0.7776    0.6074   -0.1621
   -0.6233   -0.7787    0.0719
   -0.0826    0.1569    0.9842
...   334 T-A ...
  -10.4902  115.6983 1090.6518
   -0.9877    0.1087   -0.1127
   -0.1261   -0.9789    0.1608
   -0.0928    0.1730    0.9805
...   335 A-T ...
  -10.9438  116.2159 1093.9202
   -0.8595   -0.5047   -0.0810
    0.4777   -0.8495    0.2241
   -0.1819    0.1539    0.9712
...   336 C-G ...
  -12.0871  116.9227 1097.0858
   -0.4796   -0.8770    0.0303
    0.8577   -0.4612    0.2271
   -0.1852    0.1349    0.9734
...   337 T-A ...
  -13.0076  117.4653 1100.3061
    0.0750   -0.9916    0.1051
    0.9723    0.0962    0.2131
   -0.2215    0.0862    0.9713
...   338 T-A ...
  -13.9402  117.5744 1103.4458
    0.6244   -0.7540    0.2038
    0.7418    0.6542    0.1475
   -0.2445    0.0590    0.9678
...   339 A-T ...
  -14.6146  117.7186 1106.7140
    0.9600   -0.2252    0.1664
    0.2239    0.9742    0.0265
   -0.1681    0.0118    0.9857
...   340 C-G ...
  -14.9278  117.2496 1110.1066
    0.9384    0.3170    0.1376
   -0.3100    0.9481   -0.0708
   -0.1529    0.0237    0.9880
...   341 A-T ...
  -15.5376  117.4858 1113.4314
    0.6017    0.7983   -0.0264
   -0.7957    0.5962   -0.1068
   -0.0695    0.0852    0.9939
...   342 T-A ...
  -15.2684  117.5352 1116.8565
    0.1005    0.9934   -0.0546
   -0.9918    0.0957   -0.0841
   -0.0784    0.0627    0.9950
...   343 G-C ...
  -15.7744  118.0364 1120.1693
   -0.4781    0.8573   -0.1907
   -0.8728   -0.4881   -0.0058
   -0.0981    0.1637    0.9816
...   344 C-G ...
  -16.0716  118.6533 1123.4800
   -0.8863    0.4301   -0.1717
   -0.4507   -0.8863    0.1063
   -0.1064    0.1716    0.9794
...   345 G-C ...
  -16.6669  118.7161 1126.9652
   -0.9758   -0.1582   -0.1513
    0.1254   -0.9704    0.2062
   -0.1794    0.1822    0.9667
...   346 G-C ...
  -17.5197  119.6808 1130.0183
   -0.7343   -0.6743   -0.0780
    0.6362   -0.7237    0.2675
   -0.2368    0.1468    0.9604
...   347 C-G ...
  -18.3879  120.1945 1133.2450
   -0.2441   -0.9668    0.0759
    0.9389   -0.2160    0.2681
   -0.2428    0.1367    0.9604
...   348 G-C ...
  -18.6764  120.5876 1136.7475
    0.3459   -0.9270    0.1450
    0.9074    0.3698    0.1997
   -0.2388    0.0625    0.9691
...   349 G-C ...
  -19.7598  120.4379 1139.8754
    0.8004   -0.5761    0.1657
    0.5675    0.8172    0.1001
   -0.1931    0.0140    0.9811
...   350 C-G ...
  -20.4154  120.4125 1143.1918
    0.9831   -0.0141    0.1823
    0.0158    0.9998   -0.0076
   -0.1822    0.0104    0.9832
...   351 C-G ...
  -20.7609  120.0186 1146.4637
    0.8409    0.5342    0.0866
   -0.5285    0.8451   -0.0805
   -0.1162    0.0219    0.9930
...   352 A-T ...
  -21.2814  120.2218 1149.8059
    0.3936    0.9163   -0.0740
   -0.9179    0.3874   -0.0854
   -0.0496    0.1015    0.9936
...   353 G-C ...
  -21.1996  120.7502 1153.1564
   -0.1672    0.9715   -0.1680
   -0.9835   -0.1762   -0.0402
   -0.0687    0.1585    0.9850
...   354 T-A ...
  -20.8504  121.3672 1156.5217
   -0.6559    0.7340   -0.1763
   -0.7520   -0.6556    0.0683
   -0.0654    0.1774    0.9820
...   355 A-T ...
  -21.2151  122.0092 1159.7792
   -0.9643    0.1877   -0.1867
   -0.2225   -0.9568    0.1870
   -0.1436    0.2219    0.9644
...   356 C-G ...
  -21.9610  123.2493 1162.8990
   -0.9356   -0.3441   -0.0791
    0.3154   -0.9152    0.2508
   -0.1587    0.2097    0.9648
...   357 A-T ...
  -22.4048  123.8099 1166.2113
   -0.5654   -0.8247   -0.0165
    0.7892   -0.5466    0.2801
   -0.2400    0.1454    0.9598
...   358 G-C ...
  -23.4909  124.1651 1169.4060
   -0.0293   -0.9963    0.0810
    0.9720   -0.0095    0.2350
   -0.2333    0.0856    0.9686
...   359 G-C ...
  -24.6647  124.2331 1172.5039
    0.5220   -0.8427    0.1316
    0.8268    0.5379    0.1645
   -0.2094    0.0229    0.9776
...   360 A-T ...
  -25.4755  124.4220 1175.7602
    0.9132   -0.3859    0.1307
    0.3819    0.9226    0.0550
   -0.1418   -0.0003    0.9899
...   361 T-A ...
  -26.0650  123.8703 1179.0999
    0.9754    0.1481    0.1634
   -0.1456    0.9890   -0.0272
   -0.1656    0.0027    0.9862
...   362 G-C ...
  -26.4027  124.1870 1182.4567
    0.7270    0.6863    0.0202
   -0.6828    0.7258   -0.0842
   -0.0724    0.0474    0.9962
...   363 T-A ...
  -26.2646  123.9043 1185.8815
    0.2636    0.9638   -0.0390
   -0.9631    0.2607   -0.0673
   -0.0547    0.0553    0.9970
...   364 A-T ...
  -26.4846  124.2398 1189.1974
   -0.3511    0.9229   -0.1577
   -0.9345   -0.3560   -0.0030
   -0.0589    0.1463    0.9875
...   365 A-T ...
  -26.5366  124.7943 1192.4269
   -0.8250    0.5442   -0.1525
   -0.5576   -0.8278    0.0624
   -0.0923    0.1366    0.9863
...   366 C-G ...
  -26.9106  125.8203 1195.6880
   -0.9929    0.0287   -0.1154
   -0.0434   -0.9910    0.1266
   -0.1108    0.1307    0.9852
...   367 C-G ...
  -27.5156  126.6764 1198.8314
   -0.8458   -0.5260   -0.0888
    0.5032   -0.8420    0.1946
   -0.1771    0.1199    0.9769
...   368 T-A ...
  -28.3225  127.3080 1202.0659
   -0.4252   -0.9050   -0.0124
    0.8748   -0.4145    0.2508
   -0.2321    0.0958    0.9680
...   369 G-C ...
  -28.9800  127.2775 1205.3899
    0.1774   -0.9834    0.0380
    0.9528    0.1813    0.2436
   -0.2465   -0.0070    0.9691
...   370 C-G ...
  -29.8641  127.2039 1208.6521
    0.6872   -0.7091    0.1581
    0.6853    0.7049    0.1829
   -0.2412   -0.0174    0.9703
...   371 A-T ...
  -30.5856  127.2986 1211.9616
    0.9755   -0.1721    0.1372
    0.1609    0.9830    0.0889
   -0.1502   -0.0646    0.9865
...   372 G-C ...
  -30.8563  126.8804 1215.3178
    0.9129    0.3947    0.1040
   -0.3960    0.9182   -0.0094
   -0.0992   -0.0326    0.9945
...   373 A-T ...
  -31.3166  126.6798 1218.6410
    0.5296    0.8482    0.0079
   -0.8457    0.5287   -0.0721
   -0.0654    0.0315    0.9974
...   374 T-A ...
  -31.0139  126.5899 1222.0624
    0.0131    0.9999   -0.0073
   -0.9973    0.0126   -0.0723
   -0.0722    0.0083    0.9974
...   375 A-T ...
  -31.3289  126.7544 1225.3836
   -0.5710    0.8098   -0.1352
   -0.8150   -0.5789   -0.0257
   -0.0991    0.0955    0.9905
...   376 C-G ...
  -31.5197  127.6308 1228.7038
   -0.9108    0.3859   -0.1469
   -0.3955   -0.9175    0.0424
   -0.1184    0.0967    0.9882
...   377 T-A ...
  -31.8552  128.2649 1232.0200
   -0.9726   -0.1820   -0.1445
    0.1594   -0.9749    0.1554
   -0.1692    0.1281    0.9772
...   378 A-T ...
  -32.5399  128.5933 1235.2726
   -0.6725   -0.7319   -0.1095
    0.6971   -0.6762    0.2384
   -0.2486    0.0840    0.9650
...   379 C-G ...
  -33.9361  128.9032 1238.4003
   -0.2043   -0.9788    0.0136
    0.9474   -0.1943    0.2543
   -0.2462    0.0648    0.9670
...   380 C-G ...
  -35.1982  128.9411 1241.4638
    0.3628   -0.9275    0.0899
    0.8984    0.3737    0.2305
   -0.2474   -0.0029    0.9689
...   381 A-T ...
  -35.8900  129.0347 1244.7797
    0.8340   -0.5409    0.1091
    0.5211    0.8370    0.1669
   -0.1815   -0.0823    0.9799
...   382 A-T ...
  -36.5495  128.6211 1247.9631
    0.9856    0.0440    0.1634
   -0.0523    0.9975    0.0470
   -0.1610   -0.0549    0.9854
...   383 A-T ...
  -37.0476  128.2842 1251.1845
    0.7776    0.6133    0.1385
   -0.6081    0.7896   -0.0823
   -0.1598   -0.0202    0.9869
...   384 A-T ...
  -37.4581  128.1057 1254.4309
    0.2869    0.9570    0.0434
   -0.9412    0.2900   -0.1734
   -0.1785    0.0089    0.9839
...   385 G-C ...
  -37.8370  128.3474 1257.7939
   -0.2613    0.9581   -0.1171
   -0.9436   -0.2791   -0.1779
   -0.2032    0.0640    0.9770
...   386 T-A ...
  -37.9646  128.7051 1261.2120
   -0.7136    0.6699   -0.2048
   -0.6708   -0.7377   -0.0757
   -0.2019    0.0834    0.9759
...   387 G-C ...
  -39.0160  128.9639 1264.4230
   -0.9450    0.1149   -0.3063
   -0.1478   -0.9852    0.0864
   -0.2919    0.1269    0.9480
...   388 T-A ...
  -39.8951  129.9701 1267.5920
   -0.8791   -0.4188   -0.2275
    0.3635   -0.8980    0.2480
   -0.3082    0.1353    0.9417
...   389 A-T ...
  -41.0153  130.2964 1270.7217
   -0.4650   -0.8773   -0.1185
    0.8029   -0.4743    0.3611
   -0.3730    0.0728    0.9250
...   390 T-A ...
  -42.7732  130.7069 1273.6452
    0.0097   -0.9942    0.1074
    0.9301    0.0484    0.3642
   -0.3673    0.0964    0.9251
...   391 T-A ...
  -44.1824  130.8596 1276.5999
    0.5475   -0.7838    0.2932
    0.7400    0.6171    0.2678
   -0.3908    0.0704    0.9178
...   392 T-A ...
  -45.5433  130.8301 1279.5809
    0.8766   -0.2832    0.3891
    0.2734    0.9584    0.0815
   -0.3960    0.0349    0.9176
...   393 G-C ...
  -46.5694  131.1322 1282.7962
    0.9091    0.3146    0.2729
   -0.2903    0.9486   -0.1265
   -0.2987    0.0358    0.9537
...   394 G-C ...
  -47.2312  130.9256 1286.0365
    0.6204    0.7785    0.0954
   -0.7438    0.6226   -0.2431
   -0.2486    0.0799    0.9653
...   395 A-T ...
  -48.1369  131.0535 1289.2706
    0.1029    0.9862   -0.1301
   -0.9636    0.0664   -0.2590
   -0.2468    0.1520    0.9571
...   396 A-T ...
  -48.7897  131.5609 1292.4417
   -0.4671    0.8396   -0.2771
   -0.8388   -0.5199   -0.1615
   -0.2797    0.1570    0.9472
...   397 A-T ...
  -49.5818  132.1748 1295.5618
   -0.8594    0.3813   -0.3406
   -0.4067   -0.9136    0.0033
   -0.3099    0.1414    0.9402
...   398 C-G ...
  -50.7726  133.1945 1298.6229
   -0.9394   -0.1551   -0.3058
    0.1047   -0.9790    0.1749
   -0.3265    0.1323    0.9359
...   399 T-A ...
  -51.9674  133.9334 1301.7113
   -0.7142   -0.6699   -0.2029
    0.5857   -0.7307    0.3507
   -0.3832    0.1316    0.9142
...   400 G-C ...
  -53.2890  134.0004 1304.8308
   -0.2084   -0.9765   -0.0546
    0.8764   -0.2112    0.4328
   -0.4342    0.0423    0.8998
...   401 C-G ...
  -54.8182  134.1178 1307.8436
    0.3278   -0.9256    0.1893
    0.8395    0.3772    0.3911
   -0.4335    0.0307    0.9007
...   402 T-A ...
  -56.5207  134.0467 1310.7775
    0.7519   -0.5702    0.3310
    0.5076    0.8210    0.2611
   -0.4206   -0.0283    0.9068
...   403 C-G ...
  -57.6113  133.7668 1313.9443
    0.9294    0.0033    0.3690
   -0.0302    0.9973    0.0673
   -0.3677   -0.0737    0.9270
...   404 C-G ...
  -58.5593  133.1032 1317.0493
    0.7825    0.5526    0.2869
   -0.5426    0.8312   -0.1212
   -0.3055   -0.0608    0.9503
...   405 A-T ...
  -59.7204  133.0232 1320.2317
    0.3568    0.9316    0.0700
   -0.9017    0.3630   -0.2347
   -0.2440    0.0206    0.9695
...   406 T-A ...
  -60.0117  132.9967 1323.6552
   -0.1678    0.9850   -0.0391
   -0.9545   -0.1723   -0.2433
   -0.2464   -0.0035    0.9692
...   407 C-G ...
  -60.9410  133.3593 1326.8647
   -0.6685    0.7087   -0.2257
   -0.6994   -0.7022   -0.1335
   -0.2530    0.0686    0.9650
...   408 A-T ...
  -61.8950  133.4384 1330.1153
   -0.9193    0.1683   -0.3557
   -0.1982   -0.9789    0.0491
   -0.3400    0.1156    0.9333
...   409 A-T ...
  -62.9954  133.9757 1333.1550
   -0.8570   -0.4307   -0.2828
    0.3788   -0.8987    0.2209
   -0.3493    0.0822    0.9334
...   410 A-T ...
  -64.2167  134.3782 1336.1693
   -0.4727   -0.8724   -0.1241
    0.8136   -0.4862    0.3188
   -0.3385    0.0497    0.9397
...   411 A-T ...
  -65.4634  134.6000 1339.1919
    0.0918   -0.9939    0.0619
    0.9458    0.1064    0.3068
   -0.3115    0.0303    0.9498
...   412 G-C ...
  -66.6390  134.4190 1342.3694
    0.6102   -0.7756    0.1617
    0.7454    0.6311    0.2147
   -0.2685   -0.0105    0.9632
...   413 G-C ...
  -67.6954  133.9549 1345.4756
    0.9345   -0.3021    0.1882
    0.2871    0.9523    0.1034
   -0.2105   -0.0426    0.9767
...   414 C-G ...
  -68.3873  133.7408 1348.7778
    0.9356    0.2889    0.2028
   -0.2915    0.9564   -0.0176
   -0.1990   -0.0427    0.9791
...   415 A-T ...
  -69.1496  133.7550 1352.0795
    0.6146    0.7867    0.0580
   -0.7804    0.6171   -0.1007
   -0.1150    0.0167    0.9932
...   416 T-A ...
  -69.0417  133.5592 1355.5082
    0.1184    0.9927    0.0206
   -0.9852    0.1201   -0.1227
   -0.1243   -0.0057    0.9922
...   417 G-C ...
  -69.6957  133.8365 1358.8215
   -0.4552    0.8774   -0.1513
   -0.8790   -0.4699   -0.0805
   -0.1418    0.0963    0.9852
...   418 T-A ...
  -69.6484  134.4176 1362.2108
   -0.8458    0.5010   -0.1831
   -0.5135   -0.8577    0.0253
   -0.1444    0.1154    0.9828
...   419 T-A ...
  -70.1319  135.0654 1365.3867
   -0.9863   -0.0876   -0.1401
    0.0646   -0.9848    0.1612
   -0.1521    0.1499    0.9769
...   420 C-G ...
  -71.0192  135.4890 1368.6006
   -0.7624   -0.6424   -0.0779
    0.6074   -0.7519    0.2565
   -0.2234    0.1482    0.9634
...   421 A-T ...
  -71.6368  135.8823 1371.9092
   -0.2509   -0.9679   -0.0122
    0.9273   -0.2439    0.2840
   -0.2779    0.0600    0.9587
...   422 G-C ...
  -72.7881  135.8633 1375.1007
    0.3113   -0.9463    0.0868
    0.9165    0.3231    0.2359
   -0.2513    0.0062    0.9679
...   423 C-G ...
  -73.6811  135.8270 1378.3611
    0.7772   -0.5986    0.1941
    0.5797    0.8011    0.1490
   -0.2446   -0.0033    0.9696
...   424 T-A ...
  -74.6373  135.5310 1381.6030
    0.9778   -0.0637    0.1997
    0.0530    0.9969    0.0584
   -0.2028   -0.0465    0.9781
...   425 G-C ...
  -75.0458  135.6276 1384.9655
    0.8463    0.5233    0.0996
   -0.5226    0.8519   -0.0351
   -0.1032   -0.0223    0.9944
...   426 G-C ...
  -74.9841  135.3159 1388.2638
    0.4280    0.9038   -0.0022
   -0.9015    0.4268   -0.0714
   -0.0636    0.0325    0.9974
...   427 A-T ...
  -75.2337  135.2719 1391.6152
   -0.1578    0.9808   -0.1145
   -0.9842   -0.1657   -0.0625
   -0.0803    0.1029    0.9915
...   428 T-A ...
  -74.9815  135.8207 1394.9976
   -0.6467    0.7552   -0.1071
   -0.7595   -0.6505   -0.0006
   -0.0701    0.0810    0.9942
...   429 T-A ...
  -75.1364  136.3477 1398.2284
   -0.9664    0.2397   -0.0931
   -0.2484   -0.9638    0.0966
   -0.0666    0.1165    0.9910
...   430 C-G ...
  -75.7441  136.7876 1401.5046
   -0.9296   -0.3604   -0.0771
    0.3430   -0.9224    0.1774
   -0.1350    0.1385    0.9811
...   431 C-G ...
  -76.5758  137.5379 1404.6231
   -0.5802   -0.8139   -0.0287
    0.7914   -0.5718    0.2160
   -0.1922    0.1026    0.9760
...   432 A-T ...
  -77.0626  137.8157 1407.9650
   -0.0004   -1.0000    0.0035
    0.9748    0.0004    0.2231
   -0.2231    0.0035    0.9748
...   433 G-C ...
  -77.9689  137.5590 1411.2245
    0.5435   -0.8368    0.0658
    0.8191    0.5459    0.1761
   -0.1833   -0.0418    0.9822
...   434 C-G ...
  -78.6170  137.3512 1414.5360
    0.9131   -0.3819    0.1428
    0.3685    0.9229    0.1116
   -0.1744   -0.0493    0.9834
...   435 T-A ...
  -79.2621  136.8760 1417.8329
    0.9731    0.1862    0.1358
   -0.1951    0.9792    0.0555
   -0.1226   -0.0805    0.9892
...   436 G-C ...
  -79.4692  136.9198 1421.2149
    0.6926    0.7200    0.0448
   -0.7207    0.6933   -0.0006
   -0.0315   -0.0319    0.9990
...   437 A-T ...
  -79.6575  136.6790 1424.5619
    0.1594    0.9866   -0.0359
   -0.9869    0.1584   -0.0311
   -0.0250    0.0404    0.9989
...   438 A-T ...
  -79.5796  136.8065 1427.8356
   -0.4394    0.8956   -0.0696
   -0.8964   -0.4422   -0.0312
   -0.0587    0.0487    0.9971
...   439 C-G ...
  -79.5493  137.4958 1431.2049
   -0.8419    0.5314   -0.0939
   -0.5340   -0.8455    0.0034
   -0.0776    0.0530    0.9956
...   440 A-T ...
  -79.8734  137.5037 1434.5779
   -0.9833   -0.0566   -0.1732
    0.0420   -0.9953    0.0867
   -0.1773    0.0780    0.9811
...   441 T-A ...
  -80.6066  138.3097 1437.8365
   -0.8231   -0.5622   -0.0802
    0.5465   -0.8225    0.1575
   -0.1545    0.0858    0.9843
...   442 G-C ...
  -81.1977  138.2261 1441.1721
   -0.3420   -0.9369   -0.0722
    0.9139   -0.3495    0.2065
   -0.2187    0.0046    0.9758
...   443 C-G ...
  -82.0062  138.2261 1444.4547
    0.2362   -0.9706    0.0461
    0.9466    0.2406    0.2146
   -0.2193   -0.0070    0.9756
...   444 C-G ...
  -83.0643  137.8463 1447.5717
    0.7285   -0.6784    0.0948
    0.6578    0.7314    0.1797
   -0.1913   -0.0686    0.9791
...   445 T-A ...
  -83.8673  137.3462 1450.8301
    0.9772   -0.1656    0.1330
    0.1471    0.9794    0.1385
   -0.1532   -0.1158    0.9814
...   446 T-A ...
  -84.2524  136.7205 1454.0238
    0.8832    0.4317    0.1833
   -0.4498    0.8903    0.0709
   -0.1326   -0.1451    0.9805
...   447 T-A ...
  -84.4490  136.1100 1457.2375
    0.4613    0.8677    0.1853
   -0.8817    0.4716   -0.0133
   -0.0989   -0.1572    0.9826
...   448 T-A ...
  -84.5018  135.6213 1460.4775
   -0.1327    0.9815    0.1382
   -0.9890   -0.1220   -0.0831
   -0.0647   -0.1477    0.9869
...   449 G-C ...
  -85.0230  135.3519 1463.8149
   -0.6677    0.7437   -0.0324
   -0.7366   -0.6664   -0.1156
   -0.1075   -0.0533    0.9928
...   450 A-T ...
  -85.2569  135.0804 1467.1568
   -0.9583    0.2338   -0.1641
   -0.2230   -0.9714   -0.0815
   -0.1784   -0.0415    0.9831
...   451 T-A ...
  -85.8453  135.5004 1470.5158
   -0.9391   -0.3044   -0.1595
    0.3069   -0.9517    0.0089
   -0.1545   -0.0406    0.9872
...   452 G-C ...
  -86.5322  135.0247 1473.7998
   -0.5736   -0.7885   -0.2221
    0.7840   -0.6070    0.1302
   -0.2375   -0.0995    0.9663
...   453 G-C ...
  -87.7603  134.7779 1476.8674
   -0.0349   -0.9833   -0.1786
    0.9670   -0.0783    0.2425
   -0.2525   -0.1642    0.9536
...   454 A-T ...
  -88.6345  134.3804 1480.0883
    0.5400   -0.8381   -0.0772
    0.8151    0.4978    0.2962
   -0.2098   -0.2229    0.9520
...   455 G-C ...
  -89.3259  133.3244 1483.2377
    0.9080   -0.4171    0.0394
    0.3904    0.8765    0.2817
   -0.1520   -0.2404    0.9587
...   456 C-G ...
  -89.8276  132.4419 1486.4624
    0.9715    0.1534    0.1809
   -0.1910    0.9581    0.2135
   -0.1405   -0.2420    0.9600
...   457 A-T ...
  -90.3756  131.7873 1489.7416
    0.6954    0.6971    0.1743
   -0.7168    0.6899    0.1006
   -0.0501   -0.1949    0.9795
...   458 G-C ...
  -90.2461  131.2080 1493.0822
    0.1949    0.9705    0.1418
   -0.9797    0.1996   -0.0197
   -0.0474   -0.1351    0.9897
...   459 T-A ...
  -89.8358  130.6094 1496.4439
   -0.3455    0.9332    0.0984
   -0.9377   -0.3391   -0.0760
   -0.0375   -0.1186    0.9922
...   460 T-A ...
  -89.7980  130.4411 1499.7165
   -0.8238    0.5661    0.0310
   -0.5665   -0.8198   -0.0837
   -0.0219   -0.0865    0.9960
...   461 T-A ...
  -89.8662  130.4307 1502.9929
   -0.9995   -0.0115   -0.0284
    0.0130   -0.9986   -0.0509
   -0.0278   -0.0513    0.9983
...   462 C-G ...
  -90.3460  130.2116 1506.3122
   -0.8097   -0.5766   -0.1087
    0.5782   -0.8157    0.0198
   -0.1001   -0.0469    0.9939
...   463 C-G ...
  -91.1316  130.2528 1509.5311
   -0.3537   -0.9245   -0.1421
    0.9238   -0.3691    0.1017
   -0.1465   -0.0953    0.9846
...   464 A-T ...
  -91.4490  129.9013 1512.8864
    0.2552   -0.9544   -0.1551
    0.9550    0.2238    0.1946
   -0.1510   -0.1978    0.9686
...   465 A-T ...
  -92.0894  129.1986 1516.0226
    0.7633   -0.6451   -0.0358
    0.6354    0.7394    0.2226
   -0.1171   -0.1927    0.9743
...   466 A-T ...
  -92.5576  128.4373 1519.1754
    0.9925   -0.0950    0.0775
    0.0801    0.9811    0.1764
   -0.0928   -0.1688    0.9813
...   467 T-A ...
  -92.8061  127.3145 1522.4132
    0.8879    0.4231    0.1806
   -0.4451    0.8894    0.1043
   -0.1165   -0.1730    0.9780
...   468 A-T ...
  -93.1078  126.8626 1525.7089
    0.4610    0.8791    0.1214
   -0.8859    0.4638    0.0056
   -0.0514   -0.1102    0.9926
...   469 C-G ...
  -92.7246  126.6112 1529.1173
   -0.0692    0.9937    0.0882
   -0.9958   -0.0636   -0.0651
   -0.0591   -0.0924    0.9940
...   470 A-T ...
  -93.0989  126.2478 1532.4655
   -0.6204    0.7817   -0.0640
   -0.7782   -0.6237   -0.0737
   -0.0975    0.0041    0.9952
...   471 C-G ...
  -93.3187  126.8231 1535.8491
   -0.9337    0.3402   -0.1113
   -0.3384   -0.9403   -0.0358
   -0.1168    0.0042    0.9931
...   472 T-A ...
  -93.6680  127.1489 1539.2082
   -0.9607   -0.2285   -0.1577
    0.2198   -0.9730    0.0707
   -0.1696    0.0332    0.9850
...   473 T-A ...
  -94.4177  127.4437 1542.3848
   -0.6559   -0.7491   -0.0931
    0.7281   -0.6604    0.1836
   -0.1990    0.0526    0.9786
...   474 T-A ...
  -95.3326  127.6516 1545.5247
   -0.1132   -0.9933    0.0249
    0.9656   -0.1041    0.2382
   -0.2340    0.0510    0.9709
...   475 T-A ...
  -96.3331  127.6907 1548.6451
    0.4671   -0.8709    0.1527
    0.8447    0.4906    0.2143
   -0.2615    0.0289    0.9648
...   476 G-C ...
  -96.8605  127.6895 1551.9924
    0.8895   -0.4311    0.1518
    0.4165    0.9013    0.1191
   -0.1882   -0.0427    0.9812
...   477 G-C ...
  -97.4565  127.0829 1555.1950
    0.9827    0.1353    0.1266
   -0.1400    0.9897    0.0290
   -0.1213   -0.0462    0.9915
...   478 T-A ...
  -97.8094  126.3415 1558.5347
    0.7659    0.6333    0.1109
   -0.6348    0.7723   -0.0265
   -0.1024   -0.0501    0.9935
...   479 A-T ...
  -98.0951  126.3194 1561.8625
    0.2500    0.9682   -0.0130
   -0.9668    0.2488   -0.0585
   -0.0534    0.0272    0.9982
...   480 G-C ...
  -98.0572  126.6322 1565.2407
   -0.3137    0.9440   -0.1026
   -0.9461   -0.3200   -0.0510
   -0.0810    0.0811    0.9934
...   481 T-A ...
  -97.7682  127.0719 1568.6394
   -0.7610    0.6363   -0.1263
   -0.6437   -0.7649    0.0251
   -0.0807    0.1004    0.9917
...   482 A-T ...
  -98.1898  127.4354 1571.9328
   -0.9836    0.0515   -0.1729
   -0.0735   -0.9897    0.1229
   -0.1648    0.1336    0.9772
...   483 T-A ...
  -98.8173  128.4386 1575.1585
   -0.8829   -0.4656   -0.0613
    0.4478   -0.8741    0.1883
   -0.1413    0.1388    0.9802
...   484 C-G ...
  -99.6118  128.6834 1578.4151
   -0.4595   -0.8882    0.0019
    0.8637   -0.4464    0.2341
   -0.2071    0.1092    0.9722
...   485 T-A ...
 -100.6067  129.1339 1581.6274
    0.0960   -0.9917    0.0852
    0.9655    0.1137    0.2344
   -0.2422    0.0598    0.9684
...   486 G-C ...
 -101.1348  129.1023 1584.9744
    0.6547   -0.7482    0.1081
    0.7284    0.6626    0.1743
   -0.2020   -0.0354    0.9787
...   487 C-G ...
 -101.8362  128.9127 1588.2761
    0.9538   -0.2429    0.1767
    0.2308    0.9692    0.0862
   -0.1922   -0.0414    0.9805
...   488 A-T ...
 -102.4833  128.9544 1591.6021
    0.9276    0.3610    0.0960
   -0.3626    0.9319   -0.0007
   -0.0897   -0.0341    0.9954
...   489 G-C ...
 -102.4805  128.7902 1594.9910
    0.5843    0.8113    0.0202
   -0.8091    0.5843   -0.0620
   -0.0621    0.0199    0.9979
...   490 G-C ...
 -102.2225  128.7904 1598.2945
    0.0500    0.9953   -0.0834
   -0.9977    0.0459   -0.0505
   -0.0464    0.0857    0.9952
...   491 T-A ...
 -101.7947  129.0297 1601.6985
   -0.4784    0.8713   -0.1097
   -0.8773   -0.4798    0.0156
   -0.0391    0.1037    0.9938
...   492 G-C ...
 -102.2913  129.4803 1605.0201
   -0.8877    0.4244   -0.1784
   -0.4463   -0.8884    0.1073
   -0.1129    0.1749    0.9781
...   493 A-T ...
 -102.5190  130.0315 1608.3278
   -0.9730   -0.1706   -0.1558
    0.1409   -0.9726    0.1849
   -0.1830    0.1580    0.9703
...   494 T-A ...
 -103.3250  131.0835 1611.4978
   -0.7632   -0.6460   -0.0147
    0.6258   -0.7445    0.2325
   -0.1612    0.1683    0.9725
...   495 T-A ...
 -104.1095  131.7040 1614.6186
   -0.2601   -0.9584    0.1172
    0.9454   -0.2281    0.2326
   -0.1962    0.1713    0.9655
...   496 C-G ...
 -104.8240  131.8943 1617.8972
    0.3377   -0.9250    0.1742
    0.9153    0.3659    0.1682
   -0.2193    0.1027    0.9702
...   497 T-A ...
 -105.8258  132.0699 1621.1341
    0.7920   -0.5791    0.1936
    0.5744    0.8141    0.0853
   -0.2070    0.0437    0.9774
...   498 C-G ...
 -106.1847  132.0267 1624.4756
    0.9883   -0.0120    0.1521
    0.0115    0.9999    0.0043
   -0.1521   -0.0025    0.9884
...   499 C-G ...
 -106.4285  131.5912 1627.7514
    0.8410    0.5368    0.0675
   -0.5342    0.8437   -0.0539
   -0.0859    0.0092    0.9963
...   500 A-T ...
 -106.8474  131.7511 1631.1101
    0.3875    0.9189   -0.0746
   -0.9217    0.3844   -0.0525
   -0.0196    0.0891    0.9958
...   501 G-C ...
 -106.6653  132.2388 1634.4629
   -0.1761    0.9727   -0.1508
   -0.9836   -0.1800   -0.0124
   -0.0392    0.1461    0.9885
...   502 G-C ...
 -106.4254  133.0043 1637.6778
   -0.6818    0.7042   -0.1984
   -0.7277   -0.6807    0.0844
   -0.0756    0.2020    0.9765
...   503 G-C ...
 -106.5208  134.1017 1640.8030
   -0.9617    0.2027   -0.1845
   -0.2374   -0.9524    0.1914
   -0.1369    0.2279    0.9640
...   504 C-G ...
 -107.0071  134.9381 1644.0423
   -0.9262   -0.3731   -0.0549
    0.3466   -0.8997    0.2655
   -0.1485    0.2269    0.9625
...   505 G-C ...
 -107.2823  135.2209 1647.5565
   -0.5560   -0.8304    0.0357
    0.8051   -0.5273    0.2714
   -0.2066    0.1797    0.9618
...   506 G-C ...
 -108.4139  135.8477 1650.6071
   -0.0107   -0.9934    0.1141
    0.9754    0.0148    0.2198
   -0.2200    0.1137    0.9689
...   507 C-G ...
 -109.2175  136.1917 1653.8728
    0.5445   -0.8127    0.2075
    0.8103    0.5735    0.1203
   -0.2167    0.1026    0.9708
...   508 C-G ...
 -110.1283  136.0713 1657.0565
    0.9112   -0.3715    0.1783
    0.3754    0.9268    0.0125
   -0.1699    0.0555    0.9839
...   509 A-T ...
 -110.6725  136.4386 1660.3808
    0.9734    0.2225    0.0548
   -0.2191    0.9737   -0.0619
   -0.0671    0.0483    0.9966
...   510 G-C ...
 -110.6036  136.5091 1663.7723
    0.6994    0.7132   -0.0477
   -0.7140    0.6942   -0.0909
   -0.0317    0.0976    0.9947
...   511 T-A ...
 -110.3085  136.4144 1667.1974
    0.2232    0.9696   -0.1003
   -0.9747    0.2205   -0.0375
   -0.0143    0.1062    0.9942
...   512 A-T ...
 -110.3999  136.9173 1670.4982
   -0.3940    0.8995   -0.1892
   -0.9189   -0.3904    0.0571
   -0.0225    0.1963    0.9803
...   513 C-G ...
 -110.2202  138.0861 1673.7277
   -0.8156    0.5590   -0.1494
   -0.5771   -0.8044    0.1413
   -0.0412    0.2014    0.9786
...   514 T-A ...
 -110.2329  139.0499 1676.9808
   -0.9955    0.0198   -0.0923
   -0.0415   -0.9701    0.2392
   -0.0848    0.2419    0.9666
...   515 T-A ...
 -110.6518  140.0633 1680.0690
   -0.8358   -0.5459    0.0577
    0.5382   -0.7941    0.2826
   -0.1084    0.2673    0.9575
...   516 A-T ...
 -111.0864  140.8203 1683.2931
   -0.3447   -0.9297    0.1296
    0.9240   -0.3117    0.2213
   -0.1654    0.1961    0.9665
...   517 C-G ...
 -112.1785  141.2780 1686.5219
    0.1922   -0.9590    0.2085
    0.9689    0.2191    0.1147
   -0.1556    0.1800    0.9713
...   518 A-T ...
 -112.5405  141.9640 1689.8205
    0.7264   -0.6731    0.1391
    0.6793    0.7339    0.0041
   -0.1048    0.0915    0.9903
...   519 T-A ...
 -113.1891  141.7954 1693.1905
    0.9705   -0.1932    0.1442
    0.2053    0.9758   -0.0750
   -0.1262    0.1024    0.9867
...   520 G-C ...
 -113.3003  142.3533 1696.5310
    0.9200    0.3912   -0.0228
   -0.3912    0.9134   -0.1124
   -0.0231    0.1123    0.9934
...   521 C-G ...
 -113.3181  142.6926 1699.8946
    0.5386    0.8374   -0.0934
   -0.8424    0.5334   -0.0764
   -0.0142    0.1198    0.9927
...   522 G-C ...
 -113.8823  143.3849 1703.3162
   -0.0309    0.9811   -0.1909
   -0.9995   -0.0292    0.0115
    0.0057    0.1911    0.9816
...   523 G-C ...
 -113.4568  144.2375 1706.4898
   -0.5721    0.7906   -0.2183
   -0.8199   -0.5585    0.1263
   -0.0221    0.2513    0.9677
...   524 C-G ...
 -113.5041  145.1521 1709.7441
   -0.9349    0.3343   -0.1197
   -0.3537   -0.9064    0.2309
   -0.0313    0.2582    0.9656
...   525 G-C ...
 -113.7787  145.5093 1713.2515
   -0.9663   -0.2546   -0.0373
    0.2345   -0.9311    0.2794
   -0.1059    0.2613    0.9594
...   526 G-C ...
 -114.4333  146.6961 1716.2752
   -0.6717   -0.7386    0.0577
    0.7233   -0.6371    0.2664
   -0.1600    0.2206    0.9621
...   527 C-G ...
 -115.0447  147.4516 1719.5132
   -0.1441   -0.9717    0.1873
    0.9757   -0.1080    0.1906
   -0.1650    0.2102    0.9636
...   528 C-G ...
 -116.0367  147.9309 1722.6382
    0.4234   -0.8835    0.2003
    0.8913    0.4458    0.0822
   -0.1619    0.1437    0.9763
...   529 A-T ...
 -116.4430  148.5315 1725.9483
    0.8708   -0.4783    0.1133
    0.4831    0.8754   -0.0176
   -0.0908    0.0701    0.9934
...   530 G-C ...
 -116.5915  148.5030 1729.3378
    0.9971    0.0719    0.0256
   -0.0694    0.9939   -0.0857
   -0.0316    0.0836    0.9960
...   531 T-A ...
 -116.6822  148.2006 1732.7625
    0.8140    0.5799   -0.0352
   -0.5808    0.8109   -0.0714
   -0.0129    0.0785    0.9968
...   532 A-T ...
 -116.6586  148.6033 1736.0782
    0.3126    0.9368   -0.1570
   -0.9490    0.3152   -0.0086
    0.0414    0.1517    0.9876
...   533 C-G ...
 -115.9878  149.3261 1739.3729
   -0.2303    0.9605   -0.1564
   -0.9726   -0.2221    0.0684
    0.0310    0.1679    0.9853
...   534 A-T ...
 -116.0468  149.8166 1742.7253
   -0.7472    0.6381   -0.1859
   -0.6642   -0.7266    0.1755
   -0.0231    0.2546    0.9668
...   535 G-C ...
 -116.2215  150.9618 1745.9143
   -0.9853    0.1233   -0.1181
   -0.1488   -0.9594    0.2397
   -0.0837    0.2537    0.9637
...   536 G-C ...
 -116.6490  152.2177 1748.9507
   -0.8984   -0.4380   -0.0318
    0.4131   -0.8675    0.2773
   -0.1490    0.2360    0.9603
...   537 A-T ...
 -117.0245  153.1060 1752.1703
   -0.4900   -0.8695    0.0623
    0.8528   -0.4634    0.2409
   -0.1805    0.1712    0.9686
...   538 T-A ...
 -118.1603  153.8447 1755.3278
    0.0186   -0.9795    0.2007
    0.9845    0.0530    0.1674
   -0.1746    0.1945    0.9652
...   539 G-C ...
 -118.4764  154.2534 1758.6768
    0.5959   -0.7862    0.1640
    0.7905    0.6102    0.0532
   -0.1419    0.0979    0.9850
...   540 T-A ...
 -119.4364  154.2459 1761.9792
    0.9229   -0.3522    0.1556
    0.3602    0.9325   -0.0255
   -0.1361    0.0796    0.9875
...   541 A-T ...
 -119.7374  154.5344 1765.2932
    0.9654    0.2598    0.0240
   -0.2570    0.9627   -0.0842
   -0.0450    0.0751    0.9962
...   542 A-T ...
 -119.8238  154.6330 1768.5677
    0.6403    0.7664   -0.0513
   -0.7664    0.6330   -0.1090
   -0.0511    0.1092    0.9927
...   543 C-G ...
 -119.4254  155.0097 1771.9629
    0.1462    0.9821   -0.1189
   -0.9877    0.1382   -0.0725
   -0.0548    0.1281    0.9903
...   544 C-G ...
 -119.1474  155.6283 1775.2063
   -0.4146    0.8876   -0.2009
   -0.9082   -0.4174    0.0299
   -0.0573    0.1948    0.9792
...   545 T-A ...
 -119.0870  156.4713 1778.4923
   -0.8398    0.5062   -0.1961
   -0.5378   -0.8249    0.1739
   -0.0738    0.2515    0.9650
...   546 G-C ...
 -119.7046  157.2293 1781.7367
   -0.9842   -0.0849   -0.1553
    0.0375   -0.9576    0.2857
   -0.1729    0.2753    0.9457
...   547 C-G ...
 -120.3304  158.2149 1784.9094
   -0.7891   -0.6139    0.0226
    0.5861   -0.7414    0.3267
   -0.1838    0.2710    0.9449
...   548 A-T ...
 -120.8168  159.0246 1788.1637
   -0.2887   -0.9509    0.1117
    0.9264   -0.2480    0.2835
   -0.2418    0.1853    0.9525
...   549 G-C ...
 -121.8563  159.4342 1791.3673
    0.2770   -0.9418    0.1906
    0.9360    0.3093    0.1679
   -0.2171    0.1319    0.9672
...   550 A-T ...
 -122.6587  160.0116 1794.5797
    0.7753   -0.6050    0.1817
    0.6115    0.7909    0.0241
   -0.1583    0.0924    0.9831
...   551 T-A ...
 -123.4458  159.8223 1797.9189
    0.9760   -0.1053    0.1908
    0.1224    0.9893   -0.0799
   -0.1804    0.1013    0.9784
...   552 A-T ...
 -123.9055  160.2213 1801.2031
    0.8717    0.4896    0.0211
   -0.4815    0.8636   -0.1492
   -0.0912    0.1199    0.9886
...   553 C-G ...
 -123.6823  160.4312 1804.6286
    0.4930    0.8665   -0.0781
   -0.8656    0.4794   -0.1445
   -0.0878    0.1389    0.9864
...   554 T-A ...
 -123.6808  160.8073 1808.0006
   -0.0557    0.9804   -0.1889
   -0.9972   -0.0642   -0.0388
   -0.0502    0.1862    0.9812
...   555 A-T ...
 -123.9315  161.5572 1811.2457
   -0.6281    0.7334   -0.2599
   -0.7737   -0.6243    0.1079
   -0.0831    0.2689    0.9596
...   556 C-G ...
 -124.1074  163.0130 1814.3566
   -0.9382    0.2939   -0.1827
   -0.3305   -0.9174    0.2217
   -0.1025    0.2684    0.9578
...   557 C-G ...
 -124.5491  164.3586 1817.3523
   -0.9577   -0.2730   -0.0912
    0.2331   -0.9216    0.3103
   -0.1688    0.2759    0.9463
...   558 A-T ...
 -125.0407  165.1390 1820.6129
   -0.6295   -0.7770    0.0095
    0.7340   -0.5906    0.3352
   -0.2548    0.2180    0.9421
...   559 A-T ...
 -126.0044  165.9300 1823.6436
   -0.0840   -0.9800    0.1803
    0.9693   -0.0384    0.2429
   -0.2311    0.1951    0.9532
...   560 A-T ...
 -126.9163  166.5544 1826.7287
    0.4965   -0.8262    0.2661
    0.8452    0.5300    0.0685
   -0.1976    0.1908    0.9615
...   561 A-T ...
 -127.6870  167.0778 1829.8706
    0.8978   -0.3723    0.2352
    0.4076    0.9048   -0.1234
   -0.1668    0.2067    0.9641
...   562 G-C ...
 -128.0733  167.5346 1833.2104
    0.9831    0.1684    0.0718
   -0.1468    0.9595   -0.2405
   -0.1094    0.2260    0.9680
...   563 T-A ...
 -128.3816  167.7323 1836.6300
    0.7626    0.6424   -0.0765
   -0.6406    0.7333   -0.2280
   -0.0904    0.2228    0.9707
...   564 G-C ...
 -128.6568  168.8522 1839.8163
    0.2630    0.9207   -0.2884
   -0.9642    0.2404   -0.1120
   -0.0338    0.3076    0.9509
...   565 T-A ...
 -128.2110  169.7306 1843.1113
   -0.2795    0.9066   -0.3160
   -0.9599   -0.2717    0.0696
   -0.0227    0.3228    0.9462
...   566 A-T ...
 -128.3979  170.9104 1846.2306
   -0.7882    0.5400   -0.2951
   -0.6109   -0.7445    0.2694
   -0.0742    0.3926    0.9167
...   567 T-A ...
 -128.4008  172.7109 1849.1570
   -0.9922    0.0852   -0.0913
   -0.1136   -0.9191    0.3773
   -0.0518    0.3847    0.9216
...   568 T-A ...
 -128.6950  174.1889 1852.0670
   -0.8750   -0.4639    0.1386
    0.4785   -0.7852    0.3931
   -0.0735    0.4103    0.9090
...   569 T-A ...
 -129.1767  175.6366 1854.9673
   -0.4369   -0.8346    0.3354
    0.8930   -0.3579    0.2727
   -0.1076    0.4187    0.9017
...   570 G-C ...
 -129.4130  176.7275 1858.1668
    0.1661   -0.9256    0.3403
    0.9784    0.1977    0.0604
   -0.1232    0.3229    0.9384
...   571 G-C ...
 -130.1857  177.5034 1861.2942
    0.6813   -0.6863    0.2547
    0.7268    0.6756   -0.1237
   -0.0872    0.2694    0.9591
...   572 A-T ...
 -130.6072  178.4911 1864.4790
    0.9780   -0.1971    0.0689
    0.2082    0.9451   -0.2519
   -0.0154    0.2606    0.9653
...   573 A-T ...
 -130.6704  179.1902 1867.6801
    0.9186    0.3792   -0.1109
   -0.3951    0.8778   -0.2709
   -0.0054    0.2926    0.9562
...   574 A-T ...
 -130.6062  180.0167 1870.8506
    0.5215    0.8099   -0.2683
   -0.8531    0.4889   -0.1822
   -0.0164    0.3239    0.9459
...   575 C-G ...
 -130.0961  181.2008 1874.0389
   -0.0010    0.9400   -0.3413
   -0.9997   -0.0088   -0.0211
   -0.0228    0.3412    0.9397
...   576 T-A ...
 -129.8650  182.4155 1877.1985
   -0.5453    0.7663   -0.3397
   -0.8382   -0.5051    0.2060
   -0.0137    0.3970    0.9177
...   577 G-C ...
 -130.2836  183.8193 1880.2541
   -0.9222    0.2956   -0.2491
   -0.3752   -0.8397    0.3926
   -0.0932    0.4555    0.8853
...   578 C-G ...
 -130.6120  185.4219 1883.2126
   -0.9719   -0.2353    0.0062
    0.2108   -0.8584    0.4677
   -0.1048    0.4559    0.8839
...   579 T-A ...
 -131.0923  187.2118 1886.0547
   -0.6936   -0.6859    0.2203
    0.7013   -0.5729    0.4243
   -0.1648    0.4488    0.8783
...   580 C-G ...
 -131.8809  188.4191 1889.0906
   -0.1585   -0.9142    0.3730
    0.9630   -0.0597    0.2629
   -0.2181    0.4009    0.8898
...   581 C-G ...
 -133.0455  189.5178 1891.9917
    0.4078   -0.8210    0.3996
    0.8871    0.4598    0.0394
   -0.2161    0.3384    0.9158
...   582 A-T ...
 -133.6352  190.7773 1895.0818
    0.8611   -0.4387    0.2571
    0.4870    0.8570   -0.1686
   -0.1463    0.2704    0.9516
...   583 T-A ...
 -134.3036  191.1734 1898.4287
    0.9851    0.0752    0.1547
   -0.0286    0.9585   -0.2836
   -0.1696    0.2750    0.9464
...   584 C-G ...
 -134.4891  192.1622 1901.6356
    0.8001    0.5932   -0.0887
   -0.5918    0.7567   -0.2778
   -0.0977    0.2748    0.9565
...   585 A-T ...
 -134.9567  193.2029 1904.8263
    0.3224    0.8887   -0.3260
   -0.9459    0.2888   -0.1479
   -0.0373    0.3560    0.9337
...   586 A-T ...
 -134.9220  194.3409 1907.8993
   -0.2825    0.8841   -0.3723
   -0.9568   -0.2876    0.0430
   -0.0691    0.3684    0.9271
...   587 A-T ...
 -135.0021  195.6107 1910.9193
   -0.7816    0.5470   -0.2997
   -0.6152   -0.7554    0.2257
   -0.1030    0.3608    0.9270
...   588 A-T ...
 -135.2578  196.9228 1913.9114
   -0.9908    0.0020   -0.1350
   -0.0472   -0.9419    0.3327
   -0.1265    0.3360    0.9333
...   589 G-C ...
 -135.9437  198.2058 1916.9765
   -0.8473   -0.5310    0.0121
    0.5022   -0.7935    0.3439
   -0.1731    0.2974    0.9389
...   590 G-C ...
 -136.9035  199.3942 1919.9170
   -0.4216   -0.8966    0.1355
    0.8815   -0.3702    0.2931
   -0.2126    0.2430    0.9464
...   591 C-G ...
 -137.6926  200.2026 1923.1034
    0.1522   -0.9517    0.2667
    0.9648    0.2015    0.1687
   -0.2143    0.2317    0.9489
...   592 A-T ...
 -138.2522  201.0601 1926.3336
    0.6973   -0.6823    0.2196
    0.6970    0.7169    0.0144
   -0.1672    0.1431    0.9755
...   593 T-A ...
 -139.1253  201.0747 1929.6567
    0.9534   -0.2086    0.2180
    0.2360    0.9657   -0.1079
   -0.1880    0.1543    0.9700
...   594 G-C ...
 -139.4408  201.8005 1932.9515
    0.9297    0.3677    0.0201
   -0.3582    0.9157   -0.1821
   -0.0853    0.1621    0.9831
...   595 T-A ...
 -139.5421  201.8026 1936.3892
    0.6062    0.7902   -0.0901
   -0.7926    0.5908   -0.1509
   -0.0660    0.1629    0.9844
...   596 T-A ...
 -139.4855  202.3205 1939.6246
    0.0368    0.9854   -0.1661
   -0.9989    0.0313   -0.0362
   -0.0304    0.1672    0.9855
...   597 C-G ...
 -139.6163  203.2621 1942.8484
   -0.5383    0.8156   -0.2123
   -0.8424   -0.5275    0.1096
   -0.0226    0.2379    0.9710
...   598 A-T ...
 -139.8211  203.9408 1946.1620
   -0.9181    0.3385   -0.2063
   -0.3829   -0.8918    0.2408
   -0.1025    0.3001    0.9484
...   599 G-C ...
 -140.3541  205.1852 1949.2731
   -0.9705   -0.2201   -0.0985
    0.1809   -0.9348    0.3057
   -0.1594    0.2789    0.9470
...   600 C-G ...
 -140.9423  206.1762 1952.4514
   -0.6969   -0.7126    0.0807
    0.6968   -0.6462    0.3113
   -0.1696    0.2732    0.9469
...   601 T-A ...
 -141.7742  207.2534 1955.5593
   -0.1954   -0.9613    0.1945
    0.9563   -0.1428    0.2551
   -0.2175    0.2358    0.9472
...   602 G-C ...
 -142.2992  207.7530 1958.8695
    0.4097   -0.8875    0.2109
    0.8885    0.4406    0.1281
   -0.2066    0.1349    0.9691
...   603 G-C ...
 -143.2554  207.8203 1962.0413
    0.8412   -0.5093    0.1817
    0.5173    0.8558    0.0041
   -0.1575    0.0905    0.9834
...   604 A-T ...
 -143.9308  208.1743 1965.3147
    0.9948    0.0633    0.0800
   -0.0547    0.9929   -0.1054
   -0.0861    0.1005    0.9912
...   605 T-A ...
 -144.0821  207.9754 1968.7415
    0.8202    0.5709    0.0369
   -0.5616    0.8158   -0.1380
   -0.1090    0.0925    0.9897
...   606 T-A ...
 -144.1857  208.1789 1972.0107
    0.3452    0.9369   -0.0550
   -0.9356    0.3389   -0.0989
   -0.0740    0.0856    0.9936
...   607 C-G ...
 -144.3398  208.8426 1975.3019
   -0.2472    0.9561   -0.1576
   -0.9680   -0.2511   -0.0047
   -0.0441    0.1514    0.9875
...   608 C-G ...
 -144.1384  209.6959 1978.4974
   -0.7329    0.6516   -0.1959
   -0.6765   -0.7285    0.1077
   -0.0725    0.2115    0.9747
...   609 A-T ...
 -144.4750  210.2561 1981.8223
   -0.9765    0.0925   -0.1944
   -0.1371   -0.9635    0.2300
   -0.1661    0.2513    0.9536
...   610 G-C ...
 -145.2768  211.2805 1984.9559
   -0.8818   -0.4619   -0.0948
    0.4194   -0.8602    0.2901
   -0.2156    0.2161    0.9523
...   611 C-G ...
 -146.0659  212.0451 1988.1531
   -0.4885   -0.8693    0.0750
    0.8433   -0.4483    0.2963
   -0.2239    0.2079    0.9522
...   612 T-A ...
 -147.1134  212.8309 1991.2831
    0.0615   -0.9815    0.1812
    0.9635    0.1057    0.2459
   -0.2605    0.1595    0.9522
...   613 G-C ...
 -147.7132  213.1354 1994.6042
    0.6272   -0.7542    0.1944
    0.7460    0.6535    0.1283
   -0.2238    0.0645    0.9725
...   614 A-T ...
 -148.5857  213.4465 1997.8350
    0.9545   -0.2506    0.1619
    0.2556    0.9667   -0.0106
   -0.1539    0.0515    0.9867
...   615 A-T ...
 -149.1101  213.4565 2001.0699
    0.9299    0.3528    0.1039
   -0.3392    0.9319   -0.1284
   -0.1422    0.0842    0.9863
...   616 C-G ...
 -149.1002  213.4650 2004.5091
    0.6179    0.7862    0.0034
   -0.7744    0.6094   -0.1702
   -0.1358    0.1025    0.9854
...   617 A-T ...
 -149.7221  213.8891 2007.8130
    0.0733    0.9786   -0.1923
   -0.9924    0.0525   -0.1115
   -0.0990    0.1990    0.9750
...   618 T-A ...
 -149.5033  214.6434 2011.1579
   -0.4538    0.8685   -0.1994
   -0.8861   -0.4634   -0.0021
   -0.0942    0.1757    0.9799
...   619 G-C ...
 -150.1813  215.3406 2014.4039
   -0.8673    0.4245   -0.2601
   -0.4695   -0.8712    0.1438
   -0.1656    0.2468    0.9548
...   620 C-G ...
 -150.7466  216.2448 2017.6121
   -0.9790   -0.1444   -0.1441
    0.1017   -0.9578    0.2688
   -0.1769    0.2485    0.9523
...   621 C-G ...
 -151.6260  217.4273 2020.5799
   -0.7508   -0.6598   -0.0329
    0.6153   -0.7166    0.3285
   -0.2403    0.2264    0.9439
...   622 T-A ...
 -152.6750  218.3713 2023.6654
   -0.2817   -0.9533    0.1089
    0.9145   -0.2323    0.3313
   -0.2905    0.1929    0.9372
...   623 T-A ...
 -153.8742  218.9090 2026.6674
    0.3004   -0.9132    0.2753
    0.8982    0.3679    0.2405
   -0.3209    0.1750    0.9308
...   624 T-A ...
 -155.0806  219.2583 2029.6943
    0.7661   -0.5334    0.3586
    0.5477    0.8337    0.0701
   -0.3364    0.1427    0.9308
...   625 T-A ...
 -156.1871  219.4541 2032.7728
    0.9435    0.0459    0.3281
   -0.0076    0.9931   -0.1170
   -0.3312    0.1079    0.9374
...   626 G-C ...
 -157.0536  220.0988 2035.9846
    0.7964    0.5952    0.1077
   -0.5568    0.7910   -0.2536
   -0.2362    0.1420    0.9613
...   627 A-T ...
 -157.9506  220.4578 2039.2037
    0.3525    0.9273   -0.1256
   -0.9106    0.3089   -0.2747
   -0.2159    0.2112    0.9533
...   628 T-A ...
 -158.1422  221.1066 2042.5724
   -0.1754    0.9579   -0.2274
   -0.9600   -0.2176   -0.1761
   -0.2181    0.1875    0.9577
...   629 G-C ...
 -159.1836  221.9336 2045.6891
   -0.6708    0.6367   -0.3803
   -0.6933   -0.7205    0.0165
   -0.2635    0.2748    0.9247
...   630 G-C ...
 -159.9071  223.2716 2048.6329
   -0.9213    0.1198   -0.3700
   -0.2170   -0.9479    0.2334
   -0.3228    0.2953    0.8992
...   631 A-T ...
 -160.8419  224.2759 2051.7011
   -0.8548   -0.4626   -0.2353
    0.3494   -0.8481    0.3983
   -0.3838    0.2582    0.8866
...   632 G-C ...
 -162.4228  225.1568 2054.5711
   -0.5021   -0.8641   -0.0334
    0.7626   -0.4607    0.4540
   -0.4078    0.2025    0.8904
...   633 C-G ...
 -163.8674  225.8351 2057.5514
    0.0208   -0.9755    0.2189
    0.9115    0.1084    0.3967
   -0.4107    0.1912    0.8915
...   634 A-T ...
 -165.0959  226.5402 2060.6297
    0.5793   -0.7510    0.3168
    0.7226    0.6530    0.2268
   -0.3773    0.0975    0.9210
...   635 G-C ...
 -166.3280  226.5658 2063.7909
    0.9006   -0.2790    0.3333
    0.2929    0.9561    0.0089
   -0.3211    0.0896    0.9428
...   636 T-A ...
 -167.6102  226.3145 2066.9722
    0.9247    0.2610    0.2772
   -0.2259    0.9622   -0.1524
   -0.3064    0.0784    0.9487
...   637 T-A ...
 -168.4191  226.3916 2070.1469
    0.6256    0.7687    0.1329
   -0.7291    0.6368   -0.2508
   -0.2774    0.0600    0.9589
...   638 T-A ...
 -169.0645  226.5598 2073.3555
    0.0905    0.9950   -0.0417
   -0.9658    0.0775   -0.2474
   -0.2429    0.0627    0.9680
...   639 C-G ...
 -169.8823  227.1580 2076.5601
   -0.4635    0.8557   -0.2300
   -0.8555   -0.4998   -0.1353
   -0.2308    0.1341    0.9637
...   640 C-G ...
 -170.3971  228.0338 2079.7141
   -0.8403    0.4329   -0.3263
   -0.4690   -0.8824    0.0373
   -0.2718    0.1844    0.9445
...   641 A-T ...
 -171.3667  228.4837 2082.9296
   -0.9255   -0.1709   -0.3379
    0.0884   -0.9652    0.2460
   -0.3682    0.1978    0.9085
...   642 A-T ...
 -172.6052  229.2808 2085.8572
   -0.6960   -0.7014   -0.1540
    0.6169   -0.6937    0.3718
   -0.3676    0.1638    0.9154
...   643 A-T ...
 -173.9208  229.9124 2088.7914
   -0.2034   -0.9767    0.0687
    0.9152   -0.1647    0.3679
   -0.3480    0.1377    0.9273
...   644 T-A ...
 -175.6268  230.3613 2091.7399
    0.2921   -0.9172    0.2710
    0.8904    0.3643    0.2731
   -0.3492    0.1615    0.9230
...   645 A-T ...
 -176.6844  230.8031 2094.8772
    0.7897   -0.5360    0.2983
    0.5368    0.8392    0.0870
   -0.2970    0.0914    0.9505
...   646 C-G ...
 -177.6343  230.5481 2098.1728
    0.9591   -0.0199    0.2823
    0.0465    0.9950   -0.0879
   -0.2792    0.0975    0.9553
...   647 A-T ...
 -178.6086  231.0557 2101.3783
    0.8351    0.5436    0.0848
   -0.5193    0.8297   -0.2046
   -0.1816    0.1269    0.9752
...   648 C-G ...
 -178.6889  231.3240 2104.8060
    0.4437    0.8946   -0.0525
   -0.8781    0.4223   -0.2251
   -0.1792    0.1460    0.9729
...   649 T-A ...
 -178.9953  231.7435 2108.1589
   -0.0997    0.9724   -0.2109
   -0.9845   -0.1271   -0.1207
   -0.1442    0.1956    0.9700
...   650 T-A ...
 -179.2578  232.5588 2111.3221
   -0.6497    0.7190   -0.2471
   -0.7505   -0.6583    0.0577
   -0.1212    0.2229    0.9673
...   651 T-A ...
 -179.5819  233.5454 2114.4303
   -0.9633    0.2049   -0.1735
   -0.2412   -0.9443    0.2240
   -0.1179    0.2576    0.9590
...   652 T-A ...
 -180.0587  234.6322 2117.4850
   -0.9248   -0.3801   -0.0173
    0.3555   -0.8793    0.3168
   -0.1356    0.2869    0.9483
...   653 G-C ...
 -180.6648  235.2587 2120.7595
   -0.5360   -0.8410    0.0738
    0.8162   -0.4939    0.2999
   -0.2157    0.2210    0.9511
...   654 G-C ...
 -181.8268  236.0048 2123.7717
    0.0127   -0.9867    0.1622
    0.9737    0.0491    0.2226
   -0.2276    0.1551    0.9613
...   655 T-A ...
 -183.1705  236.5255 2126.8943
    0.5227   -0.8172    0.2428
    0.8199    0.5599    0.1195
   -0.2336    0.1367    0.9627
...   656 A-T ...
 -183.8165  236.9128 2130.1484
    0.9233   -0.3383    0.1817
    0.3473    0.9376   -0.0193
   -0.1639    0.0809    0.9832
...   657 G-C ...
 -184.1765  236.9487 2133.5220
    0.9715    0.2222    0.0826
   -0.2112    0.9695   -0.1243
   -0.1077    0.1033    0.9888
...   658 T-A ...
 -184.4410  236.7236 2136.9435
    0.7189    0.6950   -0.0067
   -0.6894    0.7118   -0.1342
   -0.0885    0.1011    0.9909
...   659 A-T ...
 -184.6909  237.2096 2140.2387
    0.1788    0.9690   -0.1707
   -0.9828    0.1679   -0.0762
   -0.0452    0.1814    0.9824
...   660 T-A ...
 -184.2833  237.8396 2143.5917
   -0.3574    0.9197   -0.1625
   -0.9330   -0.3596    0.0168
   -0.0430    0.1576    0.9866
...   661 C-G ...
 -184.6059  238.7065 2146.8229
   -0.8229    0.5392   -0.1792
   -0.5646   -0.8114    0.1511
   -0.0639    0.2255    0.9721
...   662 T-A ...
 -184.6997  239.7527 2150.0491
   -0.9938   -0.0017   -0.1116
   -0.0279   -0.9643    0.2634
   -0.1080    0.2649    0.9582
...   663 G-C ...
 -185.3354  240.3826 2153.3173
   -0.8143   -0.5794   -0.0345
    0.5424   -0.7807    0.3104
   -0.2068    0.2340    0.9500
...   664 C-G ...
 -186.0997  241.1982 2156.5079
   -0.3634   -0.9216    0.1361
    0.9067   -0.3163    0.2789
   -0.2140    0.2248    0.9506
...   665 A-T ...
 -186.6483  241.9392 2159.7687
    0.2443   -0.9536    0.1762
    0.9445    0.2751    0.1795
   -0.2197    0.1226    0.9678
...   666 G-C ...
 -187.4726  242.0544 2163.0579
    0.7315   -0.6556    0.1871
    0.6602    0.7497    0.0455
   -0.1700    0.0903    0.9813
...   667 G-C ...
 -188.1443  241.8977 2166.2989
    0.9828   -0.1439    0.1158
    0.1507    0.9872   -0.0519
   -0.1068    0.0685    0.9919
...   668 T-A ...
 -188.6188  241.5530 2169.6877
    0.9178    0.3926    0.0594
   -0.3868    0.9178   -0.0898
   -0.0898    0.0595    0.9942
...   669 G-C ...
 -188.7818  242.1065 2173.0267
    0.5346    0.8391   -0.1011
   -0.8451    0.5293   -0.0757
   -0.0101    0.1259    0.9920
...   670 A-T ...
 -188.8699  242.3827 2176.3752
   -0.0423    0.9794   -0.1977
   -0.9989   -0.0451   -0.0096
   -0.0183    0.1970    0.9802
...   671 T-A ...
 -188.3867  243.1842 2179.6812
   -0.5542    0.8186   -0.1510
   -0.8323   -0.5473    0.0878
   -0.0108    0.1744    0.9846
...   672 T-A ...
 -188.3170  244.0024 2182.8538
   -0.9333    0.3507   -0.0778
   -0.3592   -0.9129    0.1937
   -0.0031    0.2088    0.9780
...   673 C-G ...
 -188.7047  244.7954 2186.0968
   -0.9693   -0.2457   -0.0083
    0.2361   -0.9396    0.2478
   -0.0687    0.2382    0.9688
...   674 T-A ...
 -189.0710  245.8744 2189.2926
   -0.6792   -0.7291    0.0843
    0.7225   -0.6441    0.2513
   -0.1289    0.2316    0.9642
...   675 C-G ...
 -189.7333  246.3369 2192.5551
   -0.1366   -0.9779    0.1581
    0.9739   -0.1034    0.2022
   -0.1814    0.1816    0.9665
...   676 C-G ...
 -190.7765  246.7189 2195.6769
    0.4297   -0.8844    0.1821
    0.8853    0.4524    0.1080
   -0.1779    0.1148    0.9773
...   677 A-T ...
 -191.2380  247.2229 2198.9958
    0.8741   -0.4725    0.1132
    0.4741    0.8804    0.0139
   -0.1062    0.0415    0.9935
...   678 G-C ...
 -191.4363  247.0985 2202.3806
    0.9958    0.0812    0.0427
   -0.0786    0.9952   -0.0591
   -0.0472    0.0555    0.9973
