#! FIELDS time restraint.bias
 0.000000 241497.287151
 5.000000 225282.960258
 10.000000 209456.361466
 15.000000 194818.022171
 20.000000 181254.667225
 25.000000 168726.830287
 30.000000 157208.497184
 35.000000 146568.091549
 40.000000 136836.445701
 45.000000 127927.307180
 50.000000 119749.720245
 55.000000 112313.738261
 60.000000 105541.934115
 65.000000 99446.334913
 70.000000 94002.525514
 75.000000 88990.481673
 80.000000 84900.624493
 85.000000 80881.287293
 90.000000 77180.979357
 95.000000 74290.069568
 100.000000 71844.025718
 105.000000 70127.464129
 110.000000 68472.152776
 115.000000 66962.676325
 120.000000 65559.124685
 125.000000 64189.070726
 130.000000 63071.269405
 135.000000 62468.037088
 140.000000 61846.264767
 145.000000 61252.830340
 150.000000 60707.081608
 155.000000 60276.374153
 160.000000 59898.793047
 165.000000 59638.914646
 170.000000 59357.086522
 175.000000 59076.565900
 180.000000 58883.754260
 185.000000 58632.430808
 190.000000 58416.580386
 195.000000 58196.518904
 200.000000 57944.992293
 205.000000 57677.315458
 210.000000 57402.381632
 215.000000 57030.240413
 220.000000 56673.163215
 225.000000 56309.310793
 230.000000 55864.679641
 235.000000 55408.138343
 240.000000 54882.796064
 245.000000 54350.601602
 250.000000 53856.934113
 255.000000 53273.021676
 260.000000 52603.909359
 265.000000 51801.135295
 270.000000 50934.656890
 275.000000 50005.634962
 280.000000 49020.646815
 285.000000 48008.352053
 290.000000 46962.641463
 295.000000 45857.241870
 300.000000 44680.572384
 305.000000 43486.639851
 310.000000 42260.525421
 315.000000 40968.989902
 320.000000 39638.445576
 325.000000 38295.407825
 330.000000 36937.736343
 335.000000 35548.771188
 340.000000 34150.871259
 345.000000 32705.097585
 350.000000 31273.357289
 355.000000 29860.507532
 360.000000 28455.736151
 365.000000 27049.233920
 370.000000 25647.988799
 375.000000 24289.289855
 380.000000 22929.015186
 385.000000 21596.478716
 390.000000 20314.541985
 395.000000 19070.821972
 400.000000 17854.097074
 405.000000 16688.143407
 410.000000 15559.750911
 415.000000 14484.319515
 420.000000 13439.915862
 425.000000 12468.212925
 430.000000 11523.334056
 435.000000 10641.767732
 440.000000 9787.939875
 445.000000 8985.524339
 450.000000 8225.108570
 455.000000 7512.252678
 460.000000 6843.488768
 465.000000 6239.007229
 470.000000 5658.373464
 475.000000 5108.021207
 480.000000 4610.647853
 485.000000 4141.703976
 490.000000 3710.853400
 495.000000 3314.125360
 500.000000 2955.737362
 505.000000 2635.165232
 510.000000 2342.806497
 515.000000 2078.910635
 520.000000 1842.577671
 525.000000 1640.787112
 530.000000 1456.191198
 535.000000 1287.598488
 540.000000 1138.204953
 545.000000 999.283371
 550.000000 879.365251
 555.000000 775.948670
 560.000000 694.096384
 565.000000 609.914261
 570.000000 538.470362
 575.000000 481.891450
 580.000000 431.322866
 585.000000 393.140529
 590.000000 355.957253
 595.000000 328.540589
 600.000000 291.857340
 605.000000 273.782667
 610.000000 246.753339
 615.000000 233.928729
 620.000000 221.268677
 625.000000 207.267070
 630.000000 207.272603
 635.000000 214.855449
 640.000000 194.081271
 645.000000 203.364362
 650.000000 197.076605
 655.000000 193.391201
 660.000000 200.526539
 665.000000 210.647471
 670.000000 196.188013
 675.000000 201.296895
 680.000000 186.164601
 685.000000 168.929585
 690.000000 173.962348
 695.000000 171.027252
 700.000000 161.307718
 705.000000 171.782913
 710.000000 166.537689
 715.000000 165.112148
 720.000000 168.616920
 725.000000 164.704753
 730.000000 173.351164
 735.000000 183.767855
 740.000000 193.735545
 745.000000 175.178677
 750.000000 157.886419
 755.000000 159.202310
 760.000000 156.373548
 765.000000 152.054765
 770.000000 142.844169
 775.000000 147.165920
 780.000000 160.085187
 785.000000 142.598397
 790.000000 124.753600
 795.000000 129.583685
 800.000000 145.604387
 805.000000 142.653227
 810.000000 131.897466
 815.000000 147.869850
 820.000000 143.543462
 825.000000 139.928697
 830.000000 144.433086
 835.000000 133.390428
 840.000000 140.054626
 845.000000 145.461926
 850.000000 144.092184
 855.000000 148.000979
 860.000000 151.279725
 865.000000 149.806197
 870.000000 161.021267
 875.000000 151.572807
 880.000000 152.339831
 885.000000 157.133354
 890.000000 142.504742
 895.000000 164.354649
 900.000000 153.586027
 905.000000 145.262330
 910.000000 132.440984
 915.000000 144.772061
 920.000000 130.127964
 925.000000 137.597332
 930.000000 138.583786
 935.000000 146.248978
 940.000000 162.907686
 945.000000 163.801162
 950.000000 141.512124
 955.000000 143.512146
 960.000000 146.232649
 965.000000 157.088119
 970.000000 153.801875
 975.000000 155.617387
 980.000000 168.401595
 985.000000 173.591617
 990.000000 153.420586
 995.000000 144.568835
 1000.000000 153.465749
 1005.000000 151.688313
 1010.000000 143.055785
 1015.000000 144.415117
 1020.000000 156.558515
 1025.000000 139.789230
 1030.000000 136.451312
 1035.000000 122.079544
 1040.000000 136.713544
 1045.000000 137.054891
 1050.000000 133.747598
 1055.000000 137.022443
 1060.000000 146.490311
 1065.000000 134.278194
 1070.000000 133.455809
 1075.000000 112.386389
 1080.000000 124.171908
 1085.000000 138.933151
 1090.000000 122.330223
 1095.000000 124.109299
 1100.000000 127.219813
 1105.000000 135.445629
 1110.000000 124.148942
 1115.000000 126.437245
 1120.000000 138.031508
 1125.000000 125.164040
 1130.000000 126.070920
 1135.000000 129.102430
 1140.000000 131.392842
 1145.000000 120.097717
 1150.000000 138.782680
 1155.000000 125.207095
 1160.000000 130.317824
 1165.000000 126.368074
 1170.000000 132.311927
 1175.000000 121.886041
 1180.000000 146.139526
 1185.000000 136.925935
 1190.000000 127.129427
 1195.000000 131.044796
 1200.000000 132.994435
 1205.000000 115.025416
 1210.000000 102.146428
 1215.000000 103.090628
 1220.000000 97.590131
 1225.000000 93.802532
 1230.000000 99.798396
 1235.000000 104.504943
 1240.000000 95.562689
 1245.000000 104.833437
 1250.000000 113.080451
 1255.000000 100.570320
 1260.000000 83.781553
 1265.000000 93.708013
 1270.000000 96.036984
 1275.000000 90.644949
 1280.000000 94.242228
 1285.000000 101.380673
 1290.000000 94.680472
 1295.000000 98.875108
 1300.000000 101.815239
 1305.000000 105.601296
 1310.000000 112.074735
 1315.000000 128.928779
 1320.000000 133.598497
 1325.000000 123.786150
 1330.000000 128.244363
 1335.000000 120.830958
 1340.000000 115.214119
 1345.000000 118.565808
 1350.000000 125.137855
 1355.000000 124.241444
 1360.000000 108.307057
 1365.000000 95.491196
 1370.000000 92.086430
 1375.000000 94.593669
 1380.000000 82.307605
 1385.000000 81.839286
 1390.000000 88.516274
 1395.000000 100.099902
 1400.000000 91.551376
 1405.000000 86.485384
 1410.000000 91.368029
 1415.000000 100.187400
 1420.000000 103.046556
 1425.000000 103.298782
 1430.000000 98.638458
 1435.000000 97.868018
 1440.000000 103.571926
 1445.000000 101.860306
 1450.000000 97.018554
 1455.000000 104.180914
 1460.000000 100.472453
 1465.000000 91.140358
 1470.000000 100.770208
 1475.000000 119.892258
 1480.000000 106.282575
 1485.000000 108.095715
 1490.000000 122.997286
 1495.000000 111.975089
 1500.000000 106.933942
 1505.000000 110.203842
 1510.000000 101.934618
 1515.000000 94.674487
 1520.000000 88.714025
 1525.000000 92.418809
 1530.000000 84.434333
 1535.000000 77.569349
 1540.000000 89.378305
 1545.000000 94.877454
 1550.000000 90.176761
 1555.000000 79.145310
 1560.000000 85.174467
 1565.000000 82.616746
 1570.000000 83.338405
 1575.000000 89.162744
 1580.000000 97.073416
 1585.000000 104.617664
 1590.000000 86.886489
 1595.000000 83.867800
 1600.000000 95.736967
 1605.000000 96.596829
 1610.000000 85.050347
 1615.000000 90.567723
 1620.000000 107.732081
 1625.000000 114.549512
 1630.000000 99.726196
 1635.000000 98.917421
 1640.000000 99.025847
 1645.000000 100.057026
 1650.000000 80.004555
 1655.000000 80.513343
 1660.000000 93.152309
 1665.000000 99.108370
 1670.000000 85.291951
 1675.000000 87.505265
 1680.000000 86.432549
 1685.000000 98.636746
 1690.000000 106.095065
 1695.000000 97.656311
 1700.000000 85.516513
 1705.000000 83.381615
 1710.000000 87.670707
 1715.000000 88.479126
 1720.000000 85.018963
 1725.000000 80.783276
 1730.000000 83.485563
 1735.000000 86.515890
 1740.000000 82.745095
 1745.000000 79.790332
 1750.000000 77.628366
 1755.000000 71.796538
 1760.000000 67.588419
 1765.000000 63.765408
 1770.000000 71.649561
 1775.000000 72.700414
 1780.000000 80.625687
 1785.000000 85.094942
 1790.000000 77.533123
 1795.000000 75.533596
 1800.000000 70.477266
 1805.000000 65.675539
 1810.000000 64.876346
 1815.000000 63.527201
 1820.000000 65.385152
 1825.000000 56.990607
 1830.000000 59.982233
 1835.000000 46.391672
 1840.000000 57.209679
 1845.000000 60.667995
 1850.000000 69.139323
 1855.000000 54.476300
 1860.000000 44.786930
 1865.000000 48.445744
 1870.000000 60.219603
 1875.000000 61.242265
 1880.000000 48.859579
 1885.000000 48.521234
 1890.000000 47.869559
 1895.000000 43.657770
 1900.000000 58.102723
 1905.000000 61.227138
 1910.000000 53.735551
 1915.000000 59.254713
 1920.000000 59.400538
 1925.000000 47.330140
 1930.000000 41.388934
 1935.000000 45.446461
 1940.000000 47.357916
 1945.000000 36.527864
 1950.000000 36.315042
 1955.000000 36.269151
 1960.000000 32.593145
 1965.000000 38.683338
 1970.000000 31.459777
 1975.000000 27.850977
 1980.000000 25.374555
 1985.000000 34.174725
 1990.000000 46.251146
 1995.000000 40.600653
 2000.000000 36.220823
