#! FIELDS time d12 d13 d14 d23 d24 d34
 0.000000 15.096729 15.090195 26.073138 15.112773 15.008954 15.088421
 5.000000 14.669476 14.755047 25.513363 14.867718 14.767726 14.878808
 10.000000 14.225340 14.411804 24.941289 14.618453 14.524936 14.672201
 15.000000 13.794482 14.075805 24.384325 14.374802 14.287730 14.473354
 20.000000 13.368651 13.749582 23.840388 14.140726 14.061807 14.282877
 25.000000 12.953092 13.437729 23.309694 13.914931 13.837375 14.099925
 30.000000 12.548756 13.142512 22.793463 13.697468 13.615950 13.921946
 35.000000 12.151018 12.854803 22.288012 13.490389 13.403069 13.753349
 40.000000 11.764725 12.580039 21.798239 13.291066 13.195917 13.592309
 45.000000 11.388140 12.317044 21.322182 13.102356 12.994395 13.441956
 50.000000 11.015948 12.064603 20.860058 12.919836 12.801931 13.301623
 55.000000 10.656888 11.821366 20.412162 12.747654 12.614876 13.171922
 60.000000 10.305100 11.595224 19.978360 12.583698 12.434278 13.047609
 65.000000 9.973432 11.380291 19.558541 12.435415 12.254313 12.935314
 70.000000 9.664665 11.174207 19.150020 12.309436 12.082893 12.828127
 75.000000 9.350205 10.990212 18.757988 12.180051 11.916027 12.730983
 80.000000 9.119572 10.831857 18.403401 12.063669 11.711610 12.638635
 85.000000 8.836247 10.691053 18.054857 11.937711 11.538355 12.560270
 90.000000 8.548198 10.547770 17.713500 11.828582 11.392025 12.498394
 95.000000 8.364015 10.406076 17.391466 11.771310 11.212180 12.439872
 100.000000 8.221282 10.272457 17.086562 11.736632 11.028338 12.389924
 105.000000 8.173167 10.174848 16.826517 11.726681 10.800253 12.345491
 110.000000 8.104796 10.073944 16.573257 11.717047 10.594151 12.320835
 115.000000 8.029918 9.989209 16.332149 11.711083 10.403834 12.298072
 120.000000 7.950443 9.922252 16.102205 11.714554 10.223226 12.287966
 125.000000 7.858361 9.856622 15.875059 11.719195 10.055777 12.288473
 130.000000 7.788985 9.796259 15.671170 11.740433 9.900559 12.304023
 135.000000 7.793955 9.766738 15.516249 11.786229 9.729512 12.329598
 140.000000 7.786357 9.736320 15.359012 11.830299 9.565456 12.360925
 145.000000 7.771890 9.720681 15.205679 11.884663 9.414351 12.393495
 150.000000 7.750841 9.709583 15.068085 11.939299 9.283033 12.435777
 155.000000 7.742047 9.701298 14.944597 11.993326 9.155701 12.481330
 160.000000 7.735311 9.711587 14.840389 12.058315 9.047558 12.537885
 165.000000 7.740047 9.732693 14.752922 12.131138 8.945309 12.599207
 170.000000 7.738397 9.748160 14.663267 12.203819 8.857226 12.659152
 175.000000 7.734572 9.765348 14.579732 12.258093 8.766050 12.715486
 180.000000 7.740810 9.795636 14.518341 12.322474 8.691063 12.781688
 185.000000 7.737110 9.817880 14.456847 12.374590 8.629185 12.844151
 190.000000 7.737166 9.852984 14.404896 12.418449 8.568626 12.895519
 195.000000 7.741363 9.878015 14.360051 12.454868 8.520853 12.950157
 200.000000 7.740270 9.894569 14.313168 12.478083 8.479709 12.993041
 205.000000 7.738123 9.915108 14.284498 12.498835 8.466206 13.037807
 210.000000 7.740504 9.936216 14.251671 12.517187 8.455205 13.070895
 215.000000 7.734448 9.960921 14.214203 12.522729 8.435151 13.111880
 220.000000 7.735512 9.978799 14.180921 12.521102 8.426736 13.140294
 225.000000 7.740676 10.004351 14.153977 12.519857 8.426129 13.168189
 230.000000 7.739910 10.031113 14.141350 12.507492 8.450984 13.199170
 235.000000 7.743468 10.055711 14.114589 12.499232 8.464482 13.228671
 240.000000 7.743846 10.080255 14.080920 12.488077 8.483513 13.253630
 245.000000 7.748219 10.106491 14.058270 12.477290 8.512510 13.291168
 250.000000 7.762233 10.133639 14.043195 12.459096 8.541991 13.322287
 255.000000 7.770852 10.157951 14.015347 12.436628 8.575189 13.346185
 260.000000 7.779575 10.178708 13.975611 12.407544 8.612646 13.360636
 265.000000 7.779902 10.205281 13.920084 12.380204 8.649943 13.381593
 270.000000 7.782338 10.226189 13.855747 12.338665 8.680872 13.398435
 275.000000 7.783069 10.258259 13.788176 12.297779 8.705651 13.429038
 280.000000 7.782401 10.292230 13.714346 12.252062 8.736680 13.450043
 285.000000 7.784533 10.330050 13.643444 12.205272 8.774529 13.475752
 290.000000 7.787311 10.375016 13.573749 12.159161 8.820618 13.502386
 295.000000 7.788829 10.415315 13.497196 12.107312 8.866412 13.534358
 300.000000 7.787284 10.454571 13.415365 12.048671 8.917519 13.567176
 305.000000 7.791025 10.496152 13.336798 11.991394 8.977708 13.607107
 310.000000 7.793336 10.538431 13.258805 11.928224 9.045697 13.645243
 315.000000 7.793620 10.578059 13.165281 11.867387 9.109834 13.690991
 320.000000 7.795835 10.629845 13.069272 11.809032 9.183398 13.733738
 325.000000 7.798913 10.679727 12.972584 11.743229 9.255100 13.780618
 330.000000 7.802035 10.733447 12.873873 11.674431 9.328525 13.827129
 335.000000 7.803783 10.789268 12.778231 11.595798 9.405617 13.879296
 340.000000 7.808477 10.848117 12.678580 11.517861 9.483651 13.934707
 345.000000 7.805059 10.907679 12.565314 11.440258 9.562458 13.989087
 350.000000 7.806592 10.957373 12.451061 11.356589 9.646261 14.042901
 355.000000 7.811942 11.015686 12.337468 11.278780 9.730355 14.105351
 360.000000 7.810634 11.070611 12.220960 11.197660 9.817136 14.165542
 365.000000 7.817648 11.133024 12.106010 11.107921 9.902231 14.228372
 370.000000 7.819627 11.197641 11.984952 11.021640 9.989546 14.291758
 375.000000 7.826161 11.261786 11.862263 10.930384 10.070081 14.351554
 380.000000 7.828822 11.318958 11.736536 10.837462 10.160452 14.414185
 385.000000 7.828022 11.376905 11.604790 10.743327 10.244332 14.474279
 390.000000 7.831801 11.434386 11.472434 10.652556 10.323768 14.540131
 395.000000 7.834443 11.495337 11.335539 10.557761 10.399172 14.592314
 400.000000 7.836738 11.552566 11.201910 10.462421 10.479412 14.654716
 405.000000 7.841852 11.608848 11.073214 10.366280 10.564097 14.716989
 410.000000 7.850187 11.663737 10.938089 10.267558 10.637270 14.779025
 415.000000 7.851083 11.719066 10.808135 10.174479 10.716897 14.842720
 420.000000 7.855772 11.768684 10.676050 10.073929 10.795043 14.903253
 425.000000 7.854472 11.818385 10.542109 9.976881 10.859399 14.958444
 430.000000 7.860791 11.880157 10.416295 9.884543 10.933302 15.025461
 435.000000 7.868808 11.938740 10.288869 9.800020 11.002759 15.092777
 440.000000 7.870885 11.984095 10.161986 9.698700 11.073840 15.148071
 445.000000 7.875536 12.038204 10.038667 9.610163 11.143145 15.215103
 450.000000 7.884038 12.094895 9.914397 9.522508 11.210077 15.278541
 455.000000 7.902295 12.155938 9.796866 9.430440 11.273561 15.343794
 460.000000 7.917291 12.204620 9.682816 9.334715 11.345615 15.401014
 465.000000 7.923683 12.245067 9.571053 9.248188 11.411468 15.458785
 470.000000 7.928401 12.288797 9.456867 9.159957 11.470913 15.517737
 475.000000 7.946686 12.340421 9.342746 9.070051 11.532101 15.573392
 480.000000 7.950539 12.387781 9.237026 8.991178 11.591695 15.636024
 485.000000 7.960427 12.434078 9.128777 8.910532 11.649552 15.696551
 490.000000 7.977130 12.476883 9.017196 8.830256 11.708204 15.744944
 495.000000 7.983043 12.516790 8.911991 8.753332 11.765228 15.797753
 500.000000 7.989082 12.553667 8.812431 8.684715 11.826477 15.854928
 505.000000 7.991667 12.592458 8.719256 8.611948 11.872846 15.909972
 510.000000 8.002571 12.629335 8.615058 8.544671 11.914395 15.954684
 515.000000 8.015573 12.666646 8.513121 8.484175 11.962900 15.994737
 520.000000 8.025207 12.696347 8.429454 8.419837 12.020171 16.044603
 525.000000 8.021401 12.737735 8.346107 8.379386 12.057883 16.096706
 530.000000 8.027416 12.767626 8.265640 8.335475 12.108764 16.152778
 535.000000 8.035395 12.803529 8.187449 8.283047 12.153012 16.200556
 540.000000 8.036851 12.823455 8.102995 8.228826 12.186391 16.233672
 545.000000 8.034903 12.835574 8.028024 8.165014 12.226289 16.267941
 550.000000 8.028048 12.843114 7.953129 8.111333 12.260839 16.302535
 555.000000 8.021169 12.854954 7.885086 8.057389 12.291923 16.329214
 560.000000 8.009595 12.866088 7.830225 8.018181 12.321291 16.355314
 565.000000 7.986118 12.877000 7.785435 7.969646 12.348794 16.394668
 570.000000 7.980343 12.905691 7.724386 7.932387 12.369489 16.437942
 575.000000 7.972000 12.912696 7.669289 7.895931 12.395509 16.464591
 580.000000 7.951142 12.919456 7.652621 7.852243 12.430691 16.502315
 585.000000 7.940936 12.943220 7.627522 7.824742 12.453234 16.535598
 590.000000 7.939801 12.960697 7.575908 7.777622 12.459320 16.549070
 595.000000 7.936512 12.974597 7.540815 7.738680 12.470256 16.562661
 600.000000 7.894340 12.970106 7.516863 7.729459 12.487602 16.584122
 605.000000 7.889369 12.989125 7.516366 7.709070 12.535479 16.630027
 610.000000 7.866348 13.009138 7.493138 7.696569 12.557324 16.651153
 615.000000 7.877310 13.029028 7.459083 7.668495 12.584488 16.652459
 620.000000 7.880170 13.051679 7.425753 7.648533 12.607483 16.659341
 625.000000 7.855744 13.071820 7.437804 7.652126 12.622093 16.676465
 630.000000 7.870949 13.103445 7.427685 7.645660 12.630770 16.666062
 635.000000 7.895225 13.122489 7.416817 7.649752 12.661147 16.652394
 640.000000 7.860348 13.115780 7.421972 7.654994 12.651966 16.624019
 645.000000 7.881375 13.125460 7.431338 7.642645 12.633377 16.574058
 650.000000 7.870973 13.136500 7.410990 7.659074 12.608015 16.527783
 655.000000 7.848173 13.156957 7.420550 7.692414 12.580624 16.493218
 660.000000 7.849233 13.184273 7.456972 7.726822 12.621919 16.499288
 665.000000 7.865638 13.208561 7.496715 7.714775 12.685481 16.534567
 670.000000 7.855038 13.171501 7.484094 7.676434 12.710799 16.503590
 675.000000 7.872961 13.161958 7.463711 7.656044 12.724674 16.473619
 680.000000 7.862148 13.152555 7.414489 7.650993 12.725245 16.482510
 685.000000 7.844067 13.194151 7.381314 7.653165 12.697687 16.528772
 690.000000 7.857912 13.214695 7.356965 7.648489 12.699629 16.569331
 695.000000 7.857836 13.192480 7.360346 7.611186 12.700189 16.585283
 700.000000 7.837582 13.154674 7.379986 7.585728 12.676497 16.572405
 705.000000 7.861309 13.163822 7.364403 7.556860 12.661741 16.576426
 710.000000 7.849013 13.169426 7.344166 7.571853 12.622761 16.581579
 715.000000 7.834932 13.185383 7.304292 7.603966 12.560369 16.561839
 720.000000 7.843796 13.186866 7.329147 7.603747 12.574787 16.540143
 725.000000 7.827277 13.153596 7.411794 7.606730 12.616357 16.535343
 730.000000 7.821334 13.141428 7.481945 7.632235 12.679699 16.556948
 735.000000 7.814379 13.122110 7.528928 7.636406 12.740189 16.588346
 740.000000 7.809279 13.092896 7.562868 7.637415 12.756214 16.576371
 745.000000 7.787403 13.058347 7.520355 7.643049 12.697412 16.519110
 750.000000 7.781340 13.078369 7.435074 7.664264 12.634214 16.501930
 755.000000 7.800002 13.135577 7.393775 7.676812 12.604170 16.534187
 760.000000 7.782112 13.165066 7.379233 7.716653 12.595645 16.594379
 765.000000 7.788042 13.153514 7.365763 7.694261 12.616667 16.592096
 770.000000 7.768849 13.112524 7.410841 7.654793 12.644498 16.590241
 775.000000 7.783791 13.092464 7.421448 7.613753 12.669026 16.576384
 780.000000 7.823152 13.104571 7.400890 7.593076 12.706083 16.568295
 785.000000 7.798328 13.110392 7.373554 7.575834 12.681974 16.565432
 790.000000 7.763878 13.143700 7.357071 7.585768 12.641217 16.587369
 795.000000 7.759684 13.203150 7.361193 7.636789 12.621046 16.625010
 800.000000 7.787225 13.244405 7.339368 7.643097 12.604311 16.642249
 805.000000 7.790281 13.228203 7.342628 7.615117 12.597936 16.621241
 810.000000 7.756261 13.186293 7.399279 7.618565 12.594088 16.606703
 815.000000 7.791602 13.181403 7.410283 7.630163 12.616353 16.579122
 820.000000 7.784768 13.137433 7.402648 7.617716 12.618780 16.548142
 825.000000 7.769966 13.116274 7.435320 7.588839 12.633554 16.572289
 830.000000 7.786202 13.126321 7.413943 7.585609 12.651696 16.612938
 835.000000 7.764300 13.106983 7.383114 7.584433 12.641311 16.624519
 840.000000 7.782307 13.085569 7.368738 7.549658 12.643513 16.608610
 845.000000 7.793101 13.084907 7.366543 7.570049 12.656609 16.610691
 850.000000 7.785019 13.094314 7.366675 7.599505 12.656224 16.632653
 855.000000 7.788710 13.103863 7.356821 7.627755 12.656741 16.646573
 860.000000 7.771875 13.112590 7.370511 7.678717 12.644725 16.675512
 865.000000 7.763092 13.120748 7.353114 7.704963 12.608823 16.656119
 870.000000 7.793343 13.144814 7.310236 7.713168 12.579082 16.615684
 875.000000 7.779876 13.099798 7.279167 7.678993 12.559701 16.555025
 880.000000 7.785628 13.046061 7.267686 7.653108 12.603809 16.542579
 885.000000 7.800633 13.022194 7.304385 7.625299 12.667530 16.571669
 890.000000 7.764476 13.006046 7.331905 7.604865 12.692080 16.599711
 895.000000 7.808352 13.069412 7.370337 7.616756 12.746929 16.669407
 900.000000 7.778605 13.095545 7.366485 7.650709 12.736123 16.699650
 905.000000 7.774207 13.103795 7.354301 7.657583 12.682483 16.663551
 910.000000 7.755386 13.112023 7.333617 7.643789 12.616582 16.628555
 915.000000 7.783664 13.130713 7.337866 7.629560 12.574164 16.586036
 920.000000 7.743354 13.112308 7.386788 7.604585 12.568916 16.584928
 925.000000 7.760543 13.125171 7.415370 7.579505 12.575617 16.581808
 930.000000 7.739659 13.135888 7.436650 7.636919 12.558310 16.592992
 935.000000 7.739142 13.164469 7.444628 7.674513 12.545797 16.612291
 940.000000 7.780719 13.177881 7.448852 7.667611 12.571798 16.635519
 945.000000 7.797053 13.156813 7.436218 7.649917 12.626747 16.658820
 950.000000 7.754188 13.119952 7.421471 7.637435 12.631461 16.658170
 955.000000 7.763398 13.052175 7.409782 7.574677 12.616802 16.601719
 960.000000 7.765003 13.015606 7.369975 7.534349 12.593247 16.581794
 965.000000 7.778134 12.987017 7.352255 7.526611 12.596920 16.591454
 970.000000 7.762090 12.996286 7.346278 7.588254 12.581504 16.627873
 975.000000 7.755001 13.040452 7.352547 7.632430 12.539798 16.656189
 980.000000 7.783597 13.102541 7.343383 7.649692 12.529022 16.690715
 985.000000 7.804595 13.129666 7.346426 7.639588 12.524221 16.673493
 990.000000 7.762840 13.094702 7.336196 7.616829 12.492647 16.613499
 995.000000 7.736010 13.065534 7.365094 7.579716 12.480094 16.561048
 1000.000000 7.786508 13.086030 7.376218 7.551926 12.536707 16.548955
 1005.000000 7.800193 13.106155 7.387246 7.564529 12.592882 16.566236
 1010.000000 7.759179 13.116951 7.464455 7.594126 12.624591 16.608417
 1015.000000 7.762588 13.157697 7.480877 7.571298 12.644716 16.639149
 1020.000000 7.796340 13.215994 7.456231 7.563942 12.684526 16.676085
 1025.000000 7.782391 13.215128 7.411136 7.559463 12.666865 16.653195
 1030.000000 7.774076 13.190090 7.420527 7.556105 12.635801 16.626576
 1035.000000 7.741149 13.163973 7.385451 7.567666 12.576430 16.597267
 1040.000000 7.775339 13.180435 7.347821 7.559817 12.543694 16.554594
 1045.000000 7.778626 13.186269 7.372581 7.581374 12.576957 16.577716
 1050.000000 7.762199 13.180177 7.416347 7.597738 12.603109 16.597969
 1055.000000 7.754082 13.158727 7.481533 7.561631 12.630470 16.585626
 1060.000000 7.793187 13.195260 7.449262 7.546090 12.638123 16.571874
 1065.000000 7.778085 13.183761 7.423865 7.513308 12.640647 16.562070
 1070.000000 7.788227 13.183170 7.366848 7.501865 12.622872 16.534652
 1075.000000 7.740995 13.155405 7.367140 7.507877 12.621967 16.531039
 1080.000000 7.771818 13.177524 7.385008 7.511028 12.679772 16.559523
 1085.000000 7.787687 13.200004 7.431567 7.524913 12.714276 16.600342
 1090.000000 7.738843 13.197494 7.458982 7.548579 12.677886 16.609880
 1095.000000 7.742212 13.209442 7.455331 7.570097 12.642054 16.582116
 1100.000000 7.751330 13.222433 7.440150 7.569243 12.610666 16.543497
 1105.000000 7.764197 13.215634 7.452316 7.553772 12.603566 16.543448
 1110.000000 7.740463 13.185972 7.450399 7.552141 12.613396 16.572243
 1115.000000 7.760249 13.180485 7.415052 7.544602 12.647335 16.604970
 1120.000000 7.786799 13.180715 7.392929 7.537200 12.676475 16.642968
 1125.000000 7.757180 13.146080 7.390899 7.536499 12.656886 16.632332
 1130.000000 7.759864 13.117874 7.387945 7.527146 12.637930 16.583781
 1135.000000 7.767404 13.136829 7.407153 7.538826 12.650288 16.569520
 1140.000000 7.758216 13.152212 7.445297 7.586394 12.657159 16.574227
 1145.000000 7.723111 13.173428 7.457713 7.620007 12.645669 16.571312
 1150.000000 7.777486 13.232559 7.423573 7.633658 12.671293 16.575752
 1155.000000 7.761558 13.236271 7.391977 7.617788 12.659937 16.558639
 1160.000000 7.777224 13.229817 7.380226 7.618170 12.681108 16.554811
 1165.000000 7.762235 13.223135 7.386523 7.639362 12.681286 16.566216
 1170.000000 7.769123 13.220158 7.427268 7.608784 12.662396 16.546129
 1175.000000 7.739633 13.176570 7.435390 7.575659 12.620494 16.499631
 1180.000000 7.795553 13.180525 7.439013 7.556951 12.654067 16.487216
 1185.000000 7.766238 13.179868 7.455656 7.599010 12.646267 16.506361
 1190.000000 7.723462 13.166423 7.465732 7.661340 12.637135 16.528990
 1195.000000 7.734568 13.166950 7.456239 7.681111 12.676920 16.550634
 1200.000000 7.757283 13.171647 7.416685 7.672738 12.704534 16.563965
 1205.000000 7.719411 13.138617 7.388375 7.674493 12.673719 16.548872
 1210.000000 7.686362 13.109557 7.359923 7.664087 12.631793 16.519847
 1215.000000 7.704336 13.117282 7.328937 7.632167 12.621150 16.526276
 1220.000000 7.693020 13.134506 7.356805 7.622237 12.627279 16.562290
 1225.000000 7.672306 13.142926 7.390555 7.633475 12.647915 16.602559
 1230.000000 7.686795 13.164669 7.416264 7.609081 12.662760 16.624074
 1235.000000 7.710540 13.177895 7.396029 7.598750 12.655810 16.609699
 1240.000000 7.686488 13.158933 7.383143 7.608569 12.628092 16.589181
 1245.000000 7.714472 13.165824 7.389498 7.585392 12.623890 16.560005
 1250.000000 7.742744 13.149966 7.360983 7.556043 12.632693 16.506092
 1255.000000 7.703114 13.119327 7.372514 7.569053 12.628254 16.502765
 1260.000000 7.642750 13.125605 7.389483 7.615070 12.605042 16.534141
 1265.000000 7.689022 13.180982 7.360540 7.620544 12.625480 16.567279
 1270.000000 7.696331 13.219536 7.366646 7.609930 12.644709 16.605979
 1275.000000 7.670527 13.209048 7.407796 7.595489 12.667019 16.634899
 1280.000000 7.694003 13.196589 7.403004 7.518450 12.652393 16.597637
 1285.000000 7.711530 13.184506 7.372853 7.468474 12.611347 16.564333
 1290.000000 7.695547 13.188874 7.352916 7.505235 12.582387 16.549444
 1295.000000 7.709984 13.210678 7.335807 7.539803 12.584951 16.553514
 1300.000000 7.716733 13.215132 7.337857 7.587345 12.611469 16.581636
 1305.000000 7.717776 13.212232 7.351818 7.623606 12.664889 16.627674
 1310.000000 7.720706 13.187388 7.389417 7.638290 12.697871 16.632640
 1315.000000 7.769925 13.142955 7.397195 7.579109 12.726036 16.585634
 1320.000000 7.773993 13.093423 7.399076 7.551518 12.728079 16.522127
 1325.000000 7.732056 13.041488 7.378561 7.546842 12.666223 16.451798
 1330.000000 7.748119 13.075747 7.320947 7.565568 12.622282 16.417728
 1335.000000 7.734944 13.130839 7.293738 7.627321 12.593878 16.436159
 1340.000000 7.719516 13.176690 7.308252 7.693498 12.612554 16.486093
 1345.000000 7.719817 13.192742 7.363359 7.722584 12.671493 16.521461
 1350.000000 7.740250 13.178777 7.425139 7.667896 12.721547 16.520198
 1355.000000 7.733368 13.140646 7.462149 7.611202 12.747013 16.526447
 1360.000000 7.705647 13.121101 7.440888 7.595045 12.726634 16.530528
 1365.000000 7.699324 13.158676 7.386516 7.595739 12.691958 16.557801
 1370.000000 7.700689 13.200741 7.339948 7.592440 12.662576 16.586805
 1375.000000 7.700692 13.222059 7.273455 7.609315 12.605239 16.562344
 1380.000000 7.656578 13.200294 7.257159 7.615278 12.570666 16.550946
 1385.000000 7.672280 13.196128 7.303410 7.588400 12.612893 16.571012
 1390.000000 7.699447 13.192143 7.329875 7.547531 12.660637 16.578100
 1395.000000 7.726836 13.182651 7.331070 7.548882 12.698695 16.595345
 1400.000000 7.692928 13.145283 7.352417 7.593869 12.714021 16.594854
 1405.000000 7.659498 13.110267 7.370654 7.637118 12.714482 16.572314
 1410.000000 7.665274 13.086532 7.362376 7.648086 12.717402 16.528988
 1415.000000 7.689654 13.100647 7.370148 7.646744 12.745400 16.545980
 1420.000000 7.703952 13.130462 7.374309 7.645829 12.731907 16.552897
 1425.000000 7.705343 13.148283 7.371304 7.655298 12.721984 16.563849
 1430.000000 7.689466 13.167451 7.372689 7.672860 12.681930 16.555545
 1435.000000 7.692100 13.184134 7.367026 7.656102 12.641949 16.536619
 1440.000000 7.720560 13.180687 7.333131 7.620471 12.636484 16.513255
 1445.000000 7.725333 13.184008 7.339041 7.582837 12.646093 16.537660
 1450.000000 7.714527 13.185787 7.341937 7.582926 12.662163 16.570447
 1455.000000 7.727036 13.180400 7.356272 7.594367 12.694810 16.588921
 1460.000000 7.719210 13.155148 7.364122 7.564368 12.670380 16.557187
 1465.000000 7.683116 13.112729 7.380094 7.545626 12.648940 16.553153
 1470.000000 7.692555 13.094993 7.410254 7.505686 12.640822 16.534526
 1475.000000 7.747046 13.125666 7.401560 7.498020 12.640835 16.536326
 1480.000000 7.722917 13.160126 7.361421 7.550900 12.606024 16.572657
 1485.000000 7.719915 13.157115 7.379239 7.565147 12.613932 16.600701
 1490.000000 7.750530 13.162925 7.404844 7.558939 12.635946 16.610906
 1495.000000 7.705117 13.120993 7.427919 7.585435 12.629951 16.617252
 1500.000000 7.699478 13.099683 7.396161 7.595498 12.615242 16.574841
 1505.000000 7.725832 13.111891 7.338385 7.590542 12.614780 16.550923
 1510.000000 7.712915 13.116836 7.312537 7.590176 12.625220 16.560044
 1515.000000 7.699294 13.127252 7.302326 7.587817 12.624842 16.555136
 1520.000000 7.688751 13.146731 7.282560 7.596105 12.627402 16.547886
 1525.000000 7.700961 13.176399 7.322286 7.609481 12.659596 16.562209
 1530.000000 7.680408 13.169198 7.354682 7.593439 12.678909 16.559315
 1535.000000 7.654922 13.165013 7.381462 7.597547 12.685276 16.551453
 1540.000000 7.678183 13.183247 7.414412 7.594075 12.727435 16.561196
 1545.000000 7.671462 13.202891 7.469244 7.575281 12.740886 16.566386
 1550.000000 7.659109 13.197266 7.476078 7.561171 12.716254 16.530820
 1555.000000 7.643070 13.194400 7.437936 7.538450 12.658652 16.490604
 1560.000000 7.659514 13.210065 7.406485 7.490806 12.612838 16.467591
 1565.000000 7.655713 13.236242 7.411108 7.488170 12.616197 16.500948
 1570.000000 7.652765 13.270137 7.434957 7.518173 12.642450 16.556452
 1575.000000 7.642868 13.305392 7.464298 7.542820 12.656778 16.605928
 1580.000000 7.642869 13.333810 7.465382 7.576321 12.679053 16.653072
 1585.000000 7.689702 13.333319 7.428537 7.554324 12.705738 16.634787
 1590.000000 7.675983 13.294601 7.396396 7.527674 12.681032 16.579816
 1595.000000 7.682670 13.254811 7.366648 7.486128 12.669472 16.534503
 1600.000000 7.717347 13.268226 7.338955 7.512650 12.679694 16.514633
 1605.000000 7.714260 13.271766 7.347789 7.534823 12.663726 16.495542
 1610.000000 7.678205 13.255011 7.390043 7.576501 12.691402 16.528587
 1615.000000 7.687904 13.228692 7.408744 7.578107 12.726178 16.525014
 1620.000000 7.730936 13.198614 7.400320 7.533438 12.746653 16.483367
 1625.000000 7.740122 13.176057 7.390414 7.540281 12.719077 16.434824
 1630.000000 7.684434 13.148222 7.430287 7.548027 12.668107 16.430505
 1635.000000 7.695616 13.197063 7.422453 7.558889 12.654025 16.464928
 1640.000000 7.712916 13.240237 7.376744 7.573828 12.658403 16.496643
 1645.000000 7.722990 13.251100 7.324056 7.584104 12.648898 16.518168
 1650.000000 7.667157 13.238830 7.341078 7.606431 12.654016 16.571422
 1655.000000 7.662546 13.225222 7.385917 7.571553 12.696497 16.613128
 1660.000000 7.685344 13.207546 7.420862 7.504953 12.727319 16.620289
 1665.000000 7.707049 13.200259 7.401131 7.460242 12.701102 16.595355
 1670.000000 7.681150 13.201596 7.363664 7.483832 12.632777 16.569417
 1675.000000 7.680541 13.197527 7.350346 7.508603 12.589574 16.558290
 1680.000000 7.665365 13.193087 7.386152 7.561132 12.591981 16.577972
 1685.000000 7.696525 13.206299 7.404889 7.581179 12.630492 16.593835
 1690.000000 7.711731 13.169093 7.430012 7.567784 12.655511 16.570383
 1695.000000 7.669735 13.102862 7.448279 7.575550 12.656089 16.556384
 1700.000000 7.631005 13.072899 7.419959 7.584276 12.625244 16.529028
 1705.000000 7.647974 13.101021 7.391888 7.586011 12.634097 16.532751
 1710.000000 7.670686 13.147691 7.394508 7.594844 12.647635 16.557428
 1715.000000 7.672911 13.161201 7.409795 7.569475 12.638612 16.537881
 1720.000000 7.650869 13.153139 7.434625 7.553367 12.627533 16.510836
 1725.000000 7.626895 13.170178 7.456518 7.574796 12.621260 16.527185
 1730.000000 7.628559 13.234900 7.451741 7.607930 12.606631 16.550627
 1735.000000 7.627045 13.272265 7.424437 7.627460 12.575749 16.583306
 1740.000000 7.640856 13.252797 7.397673 7.596576 12.588304 16.595086
 1745.000000 7.635492 13.224645 7.428679 7.562643 12.621516 16.607092
 1750.000000 7.643129 13.175683 7.426571 7.540737 12.678446 16.591441
 1755.000000 7.613608 13.120839 7.438390 7.545903 12.698402 16.564941
 1760.000000 7.598918 13.097245 7.411771 7.590079 12.704387 16.561460
 1765.000000 7.580279 13.111194 7.408312 7.628544 12.689942 16.565331
 1770.000000 7.601824 13.121674 7.409867 7.646162 12.679887 16.560386
 1775.000000 7.568464 13.140569 7.420803 7.694131 12.618668 16.548906
 1780.000000 7.558318 13.147588 7.415219 7.737930 12.587046 16.537707
 1785.000000 7.590659 13.145945 7.388942 7.725097 12.580126 16.506624
 1790.000000 7.596725 13.126797 7.362906 7.664672 12.570195 16.481651
 1795.000000 7.619564 13.100149 7.368637 7.599963 12.606719 16.496044
 1800.000000 7.611702 13.087661 7.392184 7.561678 12.646885 16.529556
 1805.000000 7.585955 13.110290 7.428906 7.576794 12.672043 16.586827
 1810.000000 7.580331 13.152523 7.432453 7.595615 12.674294 16.625296
 1815.000000 7.603393 13.190040 7.386944 7.593912 12.670012 16.621179
 1820.000000 7.632352 13.208388 7.358676 7.553705 12.666062 16.585231
 1825.000000 7.601733 13.186448 7.377932 7.530360 12.657788 16.572318
 1830.000000 7.595861 13.163632 7.419538 7.511160 12.684219 16.562920
 1835.000000 7.558236 13.163203 7.393775 7.548269 12.671938 16.556683
 1840.000000 7.593418 13.213795 7.396024 7.581258 12.699569 16.588081
 1845.000000 7.592883 13.215162 7.413782 7.599527 12.721235 16.588200
 1850.000000 7.624010 13.213060 7.417040 7.586464 12.737425 16.553879
 1855.000000 7.580156 13.192286 7.413497 7.577420 12.694430 16.521533
 1860.000000 7.526119 13.186926 7.424815 7.580284 12.639117 16.523157
 1865.000000 7.539044 13.224544 7.430463 7.565067 12.630766 16.559734
 1870.000000 7.600589 13.279846 7.380582 7.544813 12.634176 16.569375
 1875.000000 7.613393 13.285417 7.347890 7.529844 12.636902 16.572734
 1880.000000 7.569572 13.249466 7.354854 7.536110 12.607290 16.532770
 1885.000000 7.562207 13.220827 7.389808 7.533438 12.621197 16.520509
 1890.000000 7.537390 13.176440 7.430542 7.554086 12.636948 16.512349
 1895.000000 7.507595 13.189492 7.429941 7.615857 12.644769 16.529923
 1900.000000 7.547359 13.250208 7.454201 7.633901 12.671761 16.557902
 1905.000000 7.569661 13.266879 7.458131 7.587303 12.666819 16.532805
 1910.000000 7.560452 13.223892 7.431665 7.519602 12.642340 16.476133
 1915.000000 7.552710 13.200449 7.461772 7.483567 12.625062 16.472924
 1920.000000 7.551880 13.193719 7.471449 7.473993 12.628506 16.514504
 1925.000000 7.509760 13.187015 7.433640 7.499767 12.576256 16.541981
 1930.000000 7.504006 13.198567 7.371596 7.516742 12.553390 16.568628
 1935.000000 7.531123 13.218488 7.288404 7.512052 12.536361 16.569929
 1940.000000 7.543995 13.221885 7.245524 7.524796 12.559508 16.612433
 1945.000000 7.501033 13.171163 7.271289 7.508442 12.608353 16.659704
 1950.000000 7.494578 13.134294 7.301930 7.469754 12.667364 16.671895
 1955.000000 7.502700 13.126706 7.273800 7.451828 12.692089 16.655094
 1960.000000 7.496192 13.130047 7.271221 7.456186 12.713058 16.641686
 1965.000000 7.534789 13.173681 7.291788 7.476240 12.760350 16.641150
 1970.000000 7.520651 13.182823 7.311163 7.493604 12.760222 16.599915
 1975.000000 7.516311 13.185391 7.309541 7.517544 12.750059 16.561849
 1980.000000 7.509330 13.194762 7.287727 7.560710 12.725933 16.537008
 1985.000000 7.537686 13.229624 7.235788 7.588513 12.708769 16.508676
 1990.000000 7.574324 13.241953 7.219025 7.603039 12.707899 16.500924
 1995.000000 7.554384 13.233414 7.236666 7.614407 12.699112 16.512529
 2000.000000 7.539062 13.206174 7.298959 7.614162 12.706961 16.514270
